"Call Tree","Time (ms)","Level"
"<All threads>","6788","1"
"java.lang.Thread.run()","6512","2"
"Thread.java:748 java.util.concurrent.ThreadPoolExecutor$Worker.run()","6512","3"
"ThreadPoolExecutor.java:624 java.util.concurrent.ThreadPoolExecutor.runWorker(ThreadPoolExecutor$Worker)","6512","4"
"ThreadPoolExecutor.java:1149 java.util.concurrent.FutureTask.run()","6512","5"
"FutureTask.java:266 java.util.concurrent.Executors$RunnableAdapter.call()","6512","6"
"Executors.java:511 java.util.concurrent.FutureTask.run()","6512","7"
"FutureTask.java:266 org.openjdk.jmh.runner.BenchmarkHandler$BenchmarkTask.call()","6512","8"
"BenchmarkHandler.java:437 org.openjdk.jmh.runner.BenchmarkHandler$BenchmarkTask.call()","6512","9"
"BenchmarkHandler.java:453 java.lang.reflect.Method.invoke(Object, Object[])","6512","10"
"Method.java:498 sun.reflect.DelegatingMethodAccessorImpl.invoke(Object, Object[])","6512","11"
"DelegatingMethodAccessorImpl.java:43 sun.reflect.NativeMethodAccessorImpl.invoke(Object, Object[])","6512","12"
"NativeMethodAccessorImpl.java:62 sun.reflect.NativeMethodAccessorImpl.invoke0(Method, Object, Object[])","6512","13"
"NativeMethodAccessorImpl.java (native) eu.prismacloud.primitives.grs.bench.generated.ProvingBenchmark_ProvingVerifyingBenchmark_compute_jmhTest.compute_SingleShotTime(InfraControl, ThreadParams)","6512","14"
"ProvingBenchmark_ProvingVerifyingBenchmark_compute_jmhTest.java:653 eu.prismacloud.primitives.grs.bench.generated.ProvingBenchmark_ProvingVerifyingBenchmark_compute_jmhTest.compute_ss_jmhStub(InfraControl, RawResults, BenchmarkParams, IterationParams, ThreadParams, Blackhole, Control, int, int, ProvingBenchmark_ProvingVerifyingBenchmark_jmhType)","6468","15"
"ProvingBenchmark_ProvingVerifyingBenchmark_compute_jmhTest.java:696 eu.prismacloud.primitives.grs.bench.ProvingBenchmark$ProvingVerifyingBenchmark.compute(ProvingBenchmark$ProvingVerifyingBenchmark)","4088","16"
"ProvingBenchmark.java:224 eu.prismacloud.primitives.zkpgs.orchestrator.VerifierOrchestrator.executeVerification()","1912","17"
"VerifierOrchestrator.java:395 eu.prismacloud.primitives.zkpgs.orchestrator.VerifierOrchestrator.executeVerification(BigInteger)","1912","18"
"VerifierOrchestrator.java:422 eu.prismacloud.primitives.zkpgs.orchestrator.VerifierOrchestrator.computeCommitmentVerifiers()","1224","19"
"VerifierOrchestrator.java:359 eu.prismacloud.primitives.zkpgs.verifier.AbstractCommitmentVerifier.executeVerification(BigInteger)","1224","20"
"AbstractCommitmentVerifier.java:74 eu.prismacloud.primitives.zkpgs.verifier.AbstractCommitmentVerifier.computeVerifierWitness(BigInteger)","1224","21"
"AbstractCommitmentVerifier.java:85 eu.prismacloud.primitives.zkpgs.util.crypto.QRElement.modPow(BigInteger)","924","22"
"QRElement.java:15 eu.prismacloud.primitives.zkpgs.util.crypto.QRElement.modPow(BigInteger)","924","23"
"QRElement.java:108 java.math.BigInteger.modPow(BigInteger, BigInteger)","924","24"
"BigInteger.java:2603 java.math.BigInteger.oddModPow(BigInteger, BigInteger)","924","25"
"BigInteger.java:2941","724","26"
"BigInteger.java:2938","160","26"
"BigInteger.java:2949 java.math.BigInteger.montReduce(int[], int[], int, int)","20","26"
"BigInteger.java:2967 java.math.BigInteger.mulAdd(int[], int[], int, int, int)","20","27"
"BigInteger.java:3017","20","28"
"BigInteger.java:2885","20","26"
"AbstractCommitmentVerifier.java:94 eu.prismacloud.primitives.zkpgs.util.crypto.QRElement.modPow(BigInteger)","160","22"
"QRElement.java:15 eu.prismacloud.primitives.zkpgs.util.crypto.QRElement.modPow(BigInteger)","160","23"
"QRElement.java:108 java.math.BigInteger.modPow(BigInteger, BigInteger)","160","24"
"BigInteger.java:2603 java.math.BigInteger.oddModPow(BigInteger, BigInteger)","160","25"
"BigInteger.java:2941","80","26"
"BigInteger.java:2938","80","26"
"AbstractCommitmentVerifier.java:80 eu.prismacloud.primitives.zkpgs.util.crypto.QRElement.modPow(BigInteger)","140","22"
"QRElement.java:15 eu.prismacloud.primitives.zkpgs.util.crypto.QRElement.modPow(BigInteger)","140","23"
"QRElement.java:108 java.math.BigInteger.modPow(BigInteger, BigInteger)","140","24"
"BigInteger.java:2603 java.math.BigInteger.oddModPow(BigInteger, BigInteger)","100","25"
"BigInteger.java:2941","60","26"
"BigInteger.java:2938","20","26"
"BigInteger.java:2885","20","26"
"BigInteger.java:2645 java.math.BigInteger.modInverse(BigInteger)","40","25"
"BigInteger.java:3154 java.math.MutableBigInteger.mutableModInverse(MutableBigInteger)","40","26"
"MutableBigInteger.java:1982 java.math.MutableBigInteger.modInverse(MutableBigInteger)","40","27"
"MutableBigInteger.java:2133 java.math.SignedMutableBigInteger.signedSubtract(SignedMutableBigInteger)","20","28"
"SignedMutableBigInteger.java:111","20","29"
"MutableBigInteger.java:2132","20","28"
"VerifierOrchestrator.java:410 eu.prismacloud.primitives.zkpgs.verifier.PossessionVerifier.executeCompoundVerification(BigInteger)","628","19"
"PossessionVerifier.java:149 eu.prismacloud.primitives.zkpgs.verifier.PossessionVerifier.executeVerification(BigInteger)","628","20"
"PossessionVerifier.java:128 eu.prismacloud.primitives.zkpgs.util.crypto.QRElement.modPow(BigInteger)","344","21"
"QRElement.java:15 eu.prismacloud.primitives.zkpgs.util.crypto.QRElement.modPow(BigInteger)","344","22"
"QRElement.java:108 java.math.BigInteger.modPow(BigInteger, BigInteger)","344","23"
"BigInteger.java:2603 java.math.BigInteger.oddModPow(BigInteger, BigInteger)","344","24"
"BigInteger.java:2941","240","25"
"BigInteger.java:2938","84","25"
"BigInteger.java:2928","20","25"
"PossessionVerifier.java:117 eu.prismacloud.primitives.zkpgs.util.crypto.QRElement.modPow(BigInteger)","160","21"
"QRElement.java:15 eu.prismacloud.primitives.zkpgs.util.crypto.QRElement.modPow(BigInteger)","160","22"
"QRElement.java:108 java.math.BigInteger.modPow(BigInteger, BigInteger)","160","23"
"BigInteger.java:2603 java.math.BigInteger.oddModPow(BigInteger, BigInteger)","160","24"
"BigInteger.java:2940","160","25"
"PossessionVerifier.java:140 eu.prismacloud.primitives.zkpgs.util.crypto.QRElement.modPow(BigInteger)","44","21"
"QRElement.java:15 eu.prismacloud.primitives.zkpgs.util.crypto.QRElement.modPow(BigInteger)","44","22"
"QRElement.java:108 java.math.BigInteger.modPow(BigInteger, BigInteger)","44","23"
"BigInteger.java:2603 java.math.BigInteger.oddModPow(BigInteger, BigInteger)","44","24"
"BigInteger.java:2941","44","25"
"PossessionVerifier.java:111 eu.prismacloud.primitives.zkpgs.store.ProofStore.retrieve(String)","40","21"
"ProofStore.java:94 eu.prismacloud.primitives.zkpgs.store.URN.createURN(String, String)","40","22"
"URN.java:161 eu.prismacloud.primitives.zkpgs.store.URN.<init>(NamespaceComponent, NamespaceComponent, boolean)","40","23"
"URN.java:39 eu.prismacloud.primitives.zkpgs.store.URNType.parseURNType(String)","40","24"
"URNType.java:708 eu.prismacloud.primitives.zkpgs.store.URNType.parseURNSuffix(String)","40","25"
"URNType.java:723 java.lang.String.matches(String)","40","26"
"String.java:2121 java.util.regex.Pattern.matches(String, CharSequence)","40","27"
"Pattern.java:1135 java.util.regex.Matcher.matches()","20","28"
"Matcher.java:604 java.util.regex.Matcher.match(int, int)","20","29"
"Matcher.java:1270 java.util.regex.Pattern$Slice.match(Matcher, int, CharSequence)","20","30"
"Pattern.java:3964","20","31"
"Pattern.java:1133 java.util.regex.Pattern.compile(String)","20","28"
"Pattern.java:1028 java.util.regex.Pattern.<init>(String, int)","20","29"
"Pattern.java:1351 java.util.regex.Pattern.compile()","20","30"
"Pattern.java:1711 java.util.regex.Pattern$BnM.optimize(Pattern$Node)","20","31"
"Pattern.java:5410","20","32"
"PossessionVerifier.java:105 eu.prismacloud.primitives.zkpgs.verifier.PossessionVerifier.checkLengths()","20","21"
"PossessionVerifier.java:82 eu.prismacloud.primitives.zkpgs.store.ProofStore.retrieve(String)","20","22"
"ProofStore.java:94 eu.prismacloud.primitives.zkpgs.store.URN.createURN(String, String)","20","23"
"URN.java:161 eu.prismacloud.primitives.zkpgs.store.URN.<init>(NamespaceComponent, NamespaceComponent, boolean)","20","24"
"URN.java:39 eu.prismacloud.primitives.zkpgs.store.URNType.parseURNType(String)","20","25"
"URNType.java:708 eu.prismacloud.primitives.zkpgs.store.URNType.parseURNSuffix(String)","20","26"
"URNType.java:723 java.lang.String.matches(String)","20","27"
"String.java:2121 java.util.regex.Pattern.matches(String, CharSequence)","20","28"
"Pattern.java:1135 java.util.regex.Matcher.matches()","20","29"
"Matcher.java:604 java.util.regex.Matcher.match(int, int)","20","30"
"Matcher.java:1270 java.util.regex.Pattern$Slice.match(Matcher, int, CharSequence)","20","31"
"Pattern.java:3964","20","32"
"PossessionVerifier.java:111","20","21"
"VerifierOrchestrator.java:429 eu.prismacloud.primitives.zkpgs.orchestrator.VerifierOrchestrator.computePairWiseVerifiers()","60","19"
"VerifierOrchestrator.java:267 eu.prismacloud.primitives.zkpgs.verifier.PairWiseDifferenceVerifier.executeVerification(BigInteger)","60","20"
"PairWiseDifferenceVerifier.java:92 eu.prismacloud.primitives.zkpgs.util.crypto.QRElement.modPow(BigInteger)","20","21"
"QRElement.java:15 eu.prismacloud.primitives.zkpgs.util.crypto.QRElement.modPow(BigInteger)","20","22"
"QRElement.java:108 java.math.BigInteger.modPow(BigInteger, BigInteger)","20","23"
"BigInteger.java:2603 java.math.BigInteger.oddModPow(BigInteger, BigInteger)","20","24"
"BigInteger.java:2941","20","25"
"PairWiseDifferenceVerifier.java:93 eu.prismacloud.primitives.zkpgs.util.crypto.QRElement.modPow(BigInteger)","20","21"
"QRElement.java:15 eu.prismacloud.primitives.zkpgs.util.crypto.QRElement.modPow(BigInteger)","20","22"
"QRElement.java:108 java.math.BigInteger.modPow(BigInteger, BigInteger)","20","23"
"BigInteger.java:2603 java.math.BigInteger.oddModPow(BigInteger, BigInteger)","20","24"
"BigInteger.java:2941","20","25"
"PairWiseDifferenceVerifier.java:98 eu.prismacloud.primitives.zkpgs.util.crypto.QRElement.modPow(BigInteger)","20","21"
"QRElement.java:15 eu.prismacloud.primitives.zkpgs.util.crypto.QRElement.modPow(BigInteger)","20","22"
"QRElement.java:108 java.math.BigInteger.modPow(BigInteger, BigInteger)","20","23"
"BigInteger.java:2603 java.math.BigInteger.oddModPow(BigInteger, BigInteger)","20","24"
"BigInteger.java:2941","20","25"
"ProvingBenchmark.java:219 eu.prismacloud.primitives.zkpgs.orchestrator.ProverOrchestrator.executePreChallengePhase()","1884","17"
"ProverOrchestrator.java:234 eu.prismacloud.primitives.zkpgs.orchestrator.ProverOrchestrator.computeCommitmentProvers()","1136","18"
"ProverOrchestrator.java:447 eu.prismacloud.primitives.zkpgs.prover.AbstractCommitmentProver.executePreChallengePhase()","1136","19"
"AbstractCommitmentProver.java:70 eu.prismacloud.primitives.zkpgs.prover.AbstractCommitmentProver.computeWitness()","1136","20"
"AbstractCommitmentProver.java:137 eu.prismacloud.primitives.zkpgs.util.crypto.QRElement.modPow(BigInteger)","976","21"
"QRElement.java:15 eu.prismacloud.primitives.zkpgs.util.crypto.QRElement.modPow(BigInteger)","976","22"
"QRElement.java:108 java.math.BigInteger.modPow(BigInteger, BigInteger)","976","23"
"BigInteger.java:2603 java.math.BigInteger.oddModPow(BigInteger, BigInteger)","956","24"
"BigInteger.java:2941","800","25"
"BigInteger.java:2938","120","25"
"BigInteger.java:2885","20","25"
"BigInteger.java:2838 java.math.MutableBigInteger.divide(MutableBigInteger, MutableBigInteger)","16","25"
"MutableBigInteger.java:1147 java.math.MutableBigInteger.divide(MutableBigInteger, MutableBigInteger, boolean)","16","26"
"MutableBigInteger.java:1155 java.math.MutableBigInteger.divideAndRemainderBurnikelZiegler(MutableBigInteger, MutableBigInteger)","16","27"
"MutableBigInteger.java:1293 java.math.MutableBigInteger.divide2n1n(MutableBigInteger, MutableBigInteger)","16","28"
"MutableBigInteger.java:1330 java.math.MutableBigInteger.divide3n2n(MutableBigInteger, MutableBigInteger)","16","29"
"MutableBigInteger.java:1362 java.math.MutableBigInteger.divide2n1n(MutableBigInteger, MutableBigInteger)","16","30"
"MutableBigInteger.java:1316 java.math.MutableBigInteger.divideKnuth(MutableBigInteger, MutableBigInteger)","16","31"
"MutableBigInteger.java:1163 java.math.MutableBigInteger.divideKnuth(MutableBigInteger, MutableBigInteger, boolean)","16","32"
"MutableBigInteger.java:1227 java.math.MutableBigInteger.divideMagnitude(MutableBigInteger, MutableBigInteger, boolean)","16","33"
"MutableBigInteger.java:1562 java.math.MutableBigInteger.divWord(long, int)","16","34"
"MutableBigInteger.java:1859","16","35"
"BigInteger.java:2645 java.math.BigInteger.modInverse(BigInteger)","20","24"
"BigInteger.java:3154 java.math.MutableBigInteger.mutableModInverse(MutableBigInteger)","20","25"
"MutableBigInteger.java:1982 java.math.MutableBigInteger.modInverse(MutableBigInteger)","20","26"
"MutableBigInteger.java:2133 java.math.SignedMutableBigInteger.signedSubtract(SignedMutableBigInteger)","20","27"
"SignedMutableBigInteger.java:111","20","28"
"AbstractCommitmentProver.java:146 eu.prismacloud.primitives.zkpgs.util.crypto.QRElement.modPow(BigInteger)","160","21"
"QRElement.java:15 eu.prismacloud.primitives.zkpgs.util.crypto.QRElement.modPow(BigInteger)","160","22"
"QRElement.java:108 java.math.BigInteger.modPow(BigInteger, BigInteger)","160","23"
"BigInteger.java:2603 java.math.BigInteger.oddModPow(BigInteger, BigInteger)","160","24"
"BigInteger.java:2941","140","25"
"BigInteger.java:2938","20","25"
"ProverOrchestrator.java:227 eu.prismacloud.primitives.zkpgs.orchestrator.ProverOrchestrator.computeTildeZ()","688","18"
"ProverOrchestrator.java:464 eu.prismacloud.primitives.zkpgs.prover.PossessionProver.executeCompoundPreChallengePhase()","688","19"
"PossessionProver.java:104 eu.prismacloud.primitives.zkpgs.prover.PossessionProver.executePreChallengePhase()","688","20"
"PossessionProver.java:116 eu.prismacloud.primitives.zkpgs.prover.PossessionProver.computetildeZ()","648","21"
"PossessionProver.java:203 eu.prismacloud.primitives.zkpgs.util.crypto.QRElement.modPow(BigInteger)","384","22"
"QRElement.java:15 eu.prismacloud.primitives.zkpgs.util.crypto.QRElement.modPow(BigInteger)","384","23"
"QRElement.java:108 java.math.BigInteger.modPow(BigInteger, BigInteger)","384","24"
"BigInteger.java:2603 java.math.BigInteger.oddModPow(BigInteger, BigInteger)","384","25"
"BigInteger.java:2941","324","26"
"BigInteger.java:2938","60","26"
"PossessionProver.java:187 eu.prismacloud.primitives.zkpgs.util.crypto.QRElement.modPow(BigInteger)","204","22"
"QRElement.java:15 eu.prismacloud.primitives.zkpgs.util.crypto.QRElement.modPow(BigInteger)","204","23"
"QRElement.java:108 java.math.BigInteger.modPow(BigInteger, BigInteger)","204","24"
"BigInteger.java:2603 java.math.BigInteger.oddModPow(BigInteger, BigInteger)","204","25"
"BigInteger.java:2941","164","26"
"BigInteger.java:2938","40","26"
"PossessionProver.java:178 eu.prismacloud.primitives.zkpgs.store.ProofStore.retrieve(String)","20","22"
"ProofStore.java:94 eu.prismacloud.primitives.zkpgs.store.URN.createURN(String, String)","20","23"
"URN.java:161 eu.prismacloud.primitives.zkpgs.store.URN.<init>(NamespaceComponent, NamespaceComponent, boolean)","20","24"
"URN.java:39 eu.prismacloud.primitives.zkpgs.store.URNType.parseURNType(String)","20","25"
"URNType.java:708 eu.prismacloud.primitives.zkpgs.store.URN.parseSuffix(String)","20","26"
"URN.java:306","20","27"
"PossessionProver.java:164 eu.prismacloud.primitives.zkpgs.util.crypto.QRElement.modPow(BigInteger)","20","22"
"QRElement.java:15 eu.prismacloud.primitives.zkpgs.util.crypto.QRElement.modPow(BigInteger)","20","23"
"QRElement.java:108 java.math.BigInteger.modPow(BigInteger, BigInteger)","20","24"
"BigInteger.java:2603 java.math.BigInteger.oddModPow(BigInteger, BigInteger)","20","25"
"BigInteger.java:2941","20","26"
"PossessionProver.java:187 eu.prismacloud.primitives.zkpgs.util.crypto.QRElement.multiply(GroupElement)","20","22"
"QRElement.java:15 eu.prismacloud.primitives.zkpgs.util.crypto.QRElement.multiply(GroupElement)","20","23"
"QRElement.java:70 java.math.BigInteger.mod(BigInteger)","20","24"
"BigInteger.java:2561 java.math.BigInteger.remainder(BigInteger)","20","25"
"BigInteger.java:2254 java.math.BigInteger.remainderBurnikelZiegler(BigInteger)","20","26"
"BigInteger.java:2282 java.math.BigInteger.divideAndRemainderBurnikelZiegler(BigInteger)","20","27"
"BigInteger.java:2293 java.math.MutableBigInteger.divideAndRemainderBurnikelZiegler(MutableBigInteger, MutableBigInteger)","20","28"
"MutableBigInteger.java:1293 java.math.MutableBigInteger.divide2n1n(MutableBigInteger, MutableBigInteger)","20","29"
"MutableBigInteger.java:1326 java.math.MutableBigInteger.divide3n2n(MutableBigInteger, MutableBigInteger)","20","30"
"MutableBigInteger.java:1365 java.math.MutableBigInteger.toBigInteger()","20","31"
"MutableBigInteger.java:194 java.math.MutableBigInteger.toBigInteger(int)","20","32"
"MutableBigInteger.java:186 java.math.MutableBigInteger.getMagnitudeArray()","20","33"
"MutableBigInteger.java:164","20","34"
"PossessionProver.java:115 eu.prismacloud.primitives.zkpgs.prover.PossessionProver.createWitnessRandomness()","40","21"
"PossessionProver.java:146 eu.prismacloud.primitives.zkpgs.store.ProofStore.store(String, Object)","20","22"
"ProofStore.java:71 eu.prismacloud.primitives.zkpgs.store.URN.createURN(String, String)","20","23"
"URN.java:161 eu.prismacloud.primitives.zkpgs.store.URN.<init>(NamespaceComponent, NamespaceComponent, boolean)","20","24"
"URN.java:39 eu.prismacloud.primitives.zkpgs.store.URNType.parseURNType(String)","20","25"
"URNType.java:708","20","26"
"PossessionProver.java:153 eu.prismacloud.primitives.zkpgs.store.ProofStore.store(String, Object)","20","22"
"ProofStore.java:71 eu.prismacloud.primitives.zkpgs.store.URN.createURN(String, String)","20","23"
"URN.java:161 eu.prismacloud.primitives.zkpgs.store.URN.<init>(NamespaceComponent, NamespaceComponent, boolean)","20","24"
"URN.java:39 eu.prismacloud.primitives.zkpgs.store.URNType.parseURNType(String)","20","25"
"URNType.java:708 eu.prismacloud.primitives.zkpgs.store.URNType.parseURNSuffix(String)","20","26"
"URNType.java:720 eu.prismacloud.primitives.zkpgs.store.URNType.values()","20","27"
"URNType.java:15 java.lang.Object.clone()","20","28"
"ProverOrchestrator.java:239 eu.prismacloud.primitives.zkpgs.orchestrator.ProverOrchestrator.computePairWiseProvers(List)","40","18"
"ProverOrchestrator.java:426 eu.prismacloud.primitives.zkpgs.prover.PairWiseDifferenceProver.executeCompoundPreChallengePhase()","40","19"
"PairWiseDifferenceProver.java:129 eu.prismacloud.primitives.zkpgs.prover.PairWiseDifferenceProver.executePreChallengePhase()","40","20"
"PairWiseDifferenceProver.java:139 eu.prismacloud.primitives.zkpgs.prover.PairWiseDifferenceProver.computeWitness()","40","21"
"PairWiseDifferenceProver.java:317 eu.prismacloud.primitives.zkpgs.util.crypto.QRElement.modPow(BigInteger)","20","22"
"QRElement.java:15 eu.prismacloud.primitives.zkpgs.util.crypto.QRElement.modPow(BigInteger)","20","23"
"QRElement.java:108 java.math.BigInteger.modPow(BigInteger, BigInteger)","20","24"
"BigInteger.java:2603 java.math.BigInteger.oddModPow(BigInteger, BigInteger)","20","25"
"BigInteger.java:2941","20","26"
"PairWiseDifferenceProver.java:318 eu.prismacloud.primitives.zkpgs.util.crypto.QRElement.modPow(BigInteger)","20","22"
"QRElement.java:15 eu.prismacloud.primitives.zkpgs.util.crypto.QRElement.modPow(BigInteger)","20","23"
"QRElement.java:108 java.math.BigInteger.modPow(BigInteger, BigInteger)","20","24"
"BigInteger.java:2603 java.math.BigInteger.oddModPow(BigInteger, BigInteger)","20","25"
"BigInteger.java:2940","20","26"
"ProverOrchestrator.java:218 eu.prismacloud.primitives.zkpgs.signature.GSSignature.blind()","20","18"
"GSSignature.java:107 eu.prismacloud.primitives.zkpgs.util.crypto.QRElement.modPow(BigInteger)","20","19"
"QRElement.java:15 eu.prismacloud.primitives.zkpgs.util.crypto.QRElement.modPow(BigInteger)","20","20"
"QRElement.java:108 java.math.BigInteger.modPow(BigInteger, BigInteger)","20","21"
"BigInteger.java:2603 java.math.BigInteger.oddModPow(BigInteger, BigInteger)","20","22"
"BigInteger.java:2941","20","23"
"ProvingBenchmark.java:220 eu.prismacloud.primitives.zkpgs.orchestrator.ProverOrchestrator.computeChallenge()","120","17"
"ProverOrchestrator.java:331 eu.prismacloud.primitives.zkpgs.orchestrator.ProverOrchestrator.populateChallengeList()","80","18"
"ProverOrchestrator.java:391 eu.prismacloud.primitives.zkpgs.context.GSContext.computeChallengeContext()","60","19"
"GSContext.java:25 eu.prismacloud.primitives.zkpgs.context.GSContext.addToChallengeContext(List)","60","20"
"GSContext.java:31 eu.prismacloud.primitives.zkpgs.keys.ExtendedPublicKey.addToChallengeContext(List)","60","21"
"ExtendedPublicKey.java:148 eu.prismacloud.primitives.zkpgs.BaseRepresentation.addToChallengeContext(List)","40","22"
"BaseRepresentation.java:102 java.lang.String.valueOf(Object)","40","23"
"String.java:2994 java.math.BigInteger.toString()","40","24"
"BigInteger.java:3959 java.math.BigInteger.toString(int)","40","25"
"BigInteger.java:3808 java.math.BigInteger.toString(BigInteger, StringBuilder, int, int)","40","26"
"BigInteger.java:3906 java.math.BigInteger.toString(BigInteger, StringBuilder, int, int)","20","27"
"BigInteger.java:3906 java.math.BigInteger.toString(BigInteger, StringBuilder, int, int)","20","28"
"BigInteger.java:3906 java.math.BigInteger.toString(BigInteger, StringBuilder, int, int)","20","29"
"BigInteger.java:3877 java.math.BigInteger.smallToString(int)","20","30"
"BigInteger.java:3832 java.math.MutableBigInteger.divide(MutableBigInteger, MutableBigInteger)","20","31"
"MutableBigInteger.java:1147 java.math.MutableBigInteger.divide(MutableBigInteger, MutableBigInteger, boolean)","20","32"
"MutableBigInteger.java:1153 java.math.MutableBigInteger.divideKnuth(MutableBigInteger, MutableBigInteger, boolean)","20","33"
"MutableBigInteger.java:1227 java.math.MutableBigInteger.divideMagnitude(MutableBigInteger, MutableBigInteger, boolean)","20","34"
"MutableBigInteger.java:1590","20","35"
"BigInteger.java:3905 java.math.BigInteger.toString(BigInteger, StringBuilder, int, int)","20","27"
"BigInteger.java:3900 java.math.BigInteger.divideAndRemainder(BigInteger)","20","28"
"BigInteger.java:2223 java.math.BigInteger.divideAndRemainderKnuth(BigInteger)","20","29"
"BigInteger.java:2235 java.math.MutableBigInteger.divideKnuth(MutableBigInteger, MutableBigInteger)","20","30"
"MutableBigInteger.java:1163 java.math.MutableBigInteger.divideKnuth(MutableBigInteger, MutableBigInteger, boolean)","20","31"
"MutableBigInteger.java:1187","20","32"
"ExtendedPublicKey.java:145 eu.prismacloud.primitives.zkpgs.keys.SignerPublicKey.addToChallengeContext(List)","20","22"
"SignerPublicKey.java:93 java.lang.String.valueOf(Object)","20","23"
"String.java:2994 java.math.BigInteger.toString()","20","24"
"BigInteger.java:3959 java.math.BigInteger.toString(int)","20","25"
"BigInteger.java:3808 java.math.BigInteger.toString(BigInteger, StringBuilder, int, int)","20","26"
"BigInteger.java:3906 java.math.BigInteger.toString(BigInteger, StringBuilder, int, int)","20","27"
"BigInteger.java:3906 java.math.BigInteger.toString(BigInteger, StringBuilder, int, int)","20","28"
"BigInteger.java:3905 java.math.BigInteger.toString(BigInteger, StringBuilder, int, int)","20","29"
"BigInteger.java:3877 java.math.BigInteger.smallToString(int)","20","30"
"BigInteger.java:3836 java.lang.Long.toString(long, int)","20","31"
"Long.java:124 java.lang.Long.toString(long)","20","32"
"Long.java:397","20","33"
"ProverOrchestrator.java:416 java.util.Collections.sort(List)","20","19"
"Collections.java:141 java.util.ArrayList.sort(Comparator)","20","20"
"ArrayList.java:1462 java.util.Arrays.sort(Object[], int, int, Comparator)","20","21"
"Arrays.java:1506 java.util.Arrays.sort(Object[], int, int)","20","22"
"Arrays.java:1312 java.util.ComparableTimSort.sort(Object[], int, int, Object[], int, int)","20","23"
"ComparableTimSort.java:213 java.util.ComparableTimSort.mergeCollapse()","20","24"
"ComparableTimSort.java:406 java.util.ComparableTimSort.mergeAt(int)","20","25"
"ComparableTimSort.java:481 java.util.ComparableTimSort.mergeLo(int, int, int, int)","20","26"
"ComparableTimSort.java:658 java.lang.System.arraycopy(Object, int, Object, int, int)","20","27"
"ProverOrchestrator.java:334 eu.prismacloud.primitives.zkpgs.util.CryptoUtilsFacade.computeHash(List, int)","40","18"
"CryptoUtilsFacade.java:76 eu.prismacloud.primitives.zkpgs.util.GSUtils.computeHash(List, int)","40","19"
"GSUtils.java:600 java.security.MessageDigest.update(byte[])","40","20"
"MessageDigest.java:335 java.security.MessageDigest$Delegate.engineUpdate(byte[], int, int)","40","21"
"MessageDigest.java:584 sun.security.provider.DigestBase.engineUpdate(byte[], int, int)","40","22"
"DigestBase.java:128 sun.security.provider.DigestBase.implCompressMultiBlock(byte[], int, int)","40","23"
"DigestBase.java:140","20","24"
"DigestBase.java:141 sun.security.provider.SHA2.implCompress(byte[], int)","20","24"
"SHA2.java:215 sun.security.provider.SHA2.lf_sigma1(int)","20","25"
"SHA2.java:171","20","26"
"ProvingBenchmark.java:221 eu.prismacloud.primitives.zkpgs.orchestrator.ProverOrchestrator.executePostChallengePhase(BigInteger)","72","17"
"ProverOrchestrator.java:377 eu.prismacloud.primitives.zkpgs.orchestrator.ProverOrchestrator.createProofSignature()","36","18"
"ProverOrchestrator.java:303 eu.prismacloud.primitives.zkpgs.store.URN.createZkpgsURN(String)","20","19"
"URN.java:181 eu.prismacloud.primitives.zkpgs.store.URN.<init>(NamespaceComponent, NamespaceComponent, boolean)","20","20"
"URN.java:39 eu.prismacloud.primitives.zkpgs.store.URNType.parseURNType(String)","20","21"
"URNType.java:708 eu.prismacloud.primitives.zkpgs.store.URNType.parseURNSuffix(String)","20","22"
"URNType.java:723 java.lang.String.matches(String)","20","23"
"String.java:2121 java.util.regex.Pattern.matches(String, CharSequence)","20","24"
"Pattern.java:1133 java.util.regex.Pattern.compile(String)","20","25"
"Pattern.java:1028 java.util.regex.Pattern.<init>(String, int)","20","26"
"Pattern.java:1351 java.util.regex.Pattern.compile()","20","27"
"Pattern.java:1698 java.util.regex.Pattern.expr(Pattern$Node)","20","28"
"Pattern.java:1998 java.util.regex.Pattern.sequence(Pattern$Node)","20","29"
"Pattern.java:2132 java.util.regex.Pattern.atom()","20","30"
"Pattern.java:2200","20","31"
"ProverOrchestrator.java:290 eu.prismacloud.primitives.zkpgs.store.URN.createZkpgsURN(String)","16","19"
"URN.java:181 eu.prismacloud.primitives.zkpgs.store.URN.<init>(NamespaceComponent, NamespaceComponent, boolean)","16","20"
"URN.java:39 eu.prismacloud.primitives.zkpgs.store.URNType.parseURNType(String)","16","21"
"URNType.java:708 eu.prismacloud.primitives.zkpgs.store.URNType.parseURNSuffix(String)","16","22"
"URNType.java:723 java.lang.String.matches(String)","16","23"
"String.java:2121 java.util.regex.Pattern.matches(String, CharSequence)","16","24"
"Pattern.java:1133 java.util.regex.Pattern.compile(String)","16","25"
"Pattern.java:1028 java.util.regex.Pattern.<init>(String, int)","16","26"
"Pattern.java:1351 java.util.regex.Pattern.compile()","16","27"
"Pattern.java:1698 java.util.regex.Pattern.expr(Pattern$Node)","16","28"
"Pattern.java:1998 java.util.regex.Pattern.sequence(Pattern$Node)","16","29"
"Pattern.java:2132 java.util.regex.Pattern.atom()","16","30"
"Pattern.java:2235","16","31"
"ProverOrchestrator.java:347 eu.prismacloud.primitives.zkpgs.prover.PossessionProver.executePostChallengePhase(BigInteger)","36","18"
"PossessionProver.java:276 eu.prismacloud.primitives.zkpgs.store.URN.createZkpgsURN(String)","36","19"
"URN.java:181","20","20"
"URN.java:181 eu.prismacloud.primitives.zkpgs.store.URN.<init>(NamespaceComponent, NamespaceComponent, boolean)","16","20"
"URN.java:39 eu.prismacloud.primitives.zkpgs.store.URNType.parseURNType(String)","16","21"
"URNType.java:708 eu.prismacloud.primitives.zkpgs.store.URNType.parseURNSuffix(String)","16","22"
"URNType.java:723 java.lang.String.matches(String)","16","23"
"String.java:2121 java.util.regex.Pattern.matches(String, CharSequence)","16","24"
"Pattern.java:1133 java.util.regex.Pattern.compile(String)","16","25"
"Pattern.java:1028 java.util.regex.Pattern.<init>(String, int)","16","26"
"Pattern.java:1351 java.util.regex.Pattern.compile()","16","27"
"Pattern.java:1713 java.util.regex.Pattern$Start.<init>(Pattern$Node)","16","28"
"Pattern.java:3450","16","29"
"ProvingBenchmark.java:225 eu.prismacloud.primitives.zkpgs.orchestrator.VerifierOrchestrator.computeChallenge()","60","17"
"VerifierOrchestrator.java:284 eu.prismacloud.primitives.zkpgs.orchestrator.VerifierOrchestrator.populateChallengeList()","40","18"
"VerifierOrchestrator.java:303 eu.prismacloud.primitives.zkpgs.context.GSContext.computeChallengeContext()","40","19"
"GSContext.java:25 eu.prismacloud.primitives.zkpgs.context.GSContext.addToChallengeContext(List)","40","20"
"GSContext.java:31 eu.prismacloud.primitives.zkpgs.keys.ExtendedPublicKey.addToChallengeContext(List)","40","21"
"ExtendedPublicKey.java:149","40","22"
"VerifierOrchestrator.java:286 eu.prismacloud.primitives.zkpgs.util.CryptoUtilsFacade.computeHash(List, int)","20","18"
"CryptoUtilsFacade.java:76 eu.prismacloud.primitives.zkpgs.util.GSUtils.computeHash(List, int)","20","19"
"GSUtils.java:600 java.security.MessageDigest.update(byte[])","20","20"
"MessageDigest.java:335 java.security.MessageDigest$Delegate.engineUpdate(byte[], int, int)","20","21"
"MessageDigest.java:584 sun.security.provider.DigestBase.engineUpdate(byte[], int, int)","20","22"
"DigestBase.java:128 sun.security.provider.DigestBase.implCompressMultiBlock(byte[], int, int)","20","23"
"DigestBase.java:141 sun.security.provider.SHA2.implCompress(byte[], int)","20","24"
"SHA2.java:201","20","25"
"ProvingBenchmark.java:223 eu.prismacloud.primitives.zkpgs.orchestrator.VerifierOrchestrator.receiveProverMessage()","40","17"
"VerifierOrchestrator.java:121 eu.prismacloud.primitives.zkpgs.orchestrator.VerifierOrchestrator.storeProofSignature(Map)","40","18"
"VerifierOrchestrator.java:189 eu.prismacloud.primitives.zkpgs.store.ProofStore.store(String, Object)","20","19"
"ProofStore.java:71 eu.prismacloud.primitives.zkpgs.store.URN.createURN(String, String)","20","20"
"URN.java:161 eu.prismacloud.primitives.zkpgs.store.URN.<init>(NamespaceComponent, NamespaceComponent, boolean)","20","21"
"URN.java:39 eu.prismacloud.primitives.zkpgs.store.URNType.parseURNType(String)","20","22"
"URNType.java:708 eu.prismacloud.primitives.zkpgs.store.URNType.parseURNSuffix(String)","20","23"
"URNType.java:723 java.lang.String.matches(String)","20","24"
"String.java:2121 java.util.regex.Pattern.matches(String, CharSequence)","20","25"
"Pattern.java:1135 java.util.regex.Matcher.matches()","20","26"
"Matcher.java:604 java.util.regex.Matcher.match(int, int)","20","27"
"Matcher.java:1270 java.util.regex.Pattern$Slice.match(Matcher, int, CharSequence)","20","28"
"Pattern.java:3964","20","29"
"VerifierOrchestrator.java:209 eu.prismacloud.primitives.zkpgs.store.URN.createZkpgsURN(String)","20","19"
"URN.java:181 eu.prismacloud.primitives.zkpgs.store.URN.<init>(NamespaceComponent, NamespaceComponent, boolean)","20","20"
"URN.java:39 eu.prismacloud.primitives.zkpgs.store.URNType.parseURNType(String)","20","21"
"URNType.java:708 eu.prismacloud.primitives.zkpgs.store.URNType.parseURNSuffix(String)","20","22"
"URNType.java:723 java.lang.String.matches(String)","20","23"
"String.java:2121 java.util.regex.Pattern.matches(String, CharSequence)","20","24"
"Pattern.java:1135 java.util.regex.Matcher.matches()","20","25"
"Matcher.java:604 java.util.regex.Matcher.match(int, int)","20","26"
"Matcher.java:1270 java.util.regex.Pattern$Slice.match(Matcher, int, CharSequence)","20","27"
"Pattern.java:3964","20","28"
"ProvingBenchmark_ProvingVerifyingBenchmark_compute_jmhTest.java:680 eu.prismacloud.primitives.grs.bench.ProvingBenchmark$ProvingVerifyingBenchmark.setup()","2380","16"
"ProvingBenchmark.java:211 eu.prismacloud.primitives.grs.bench.GSBenchmark.setup()","2380","17"
"GSBenchmark.java:126 eu.prismacloud.primitives.zkpgs.orchestrator.ProverOrchestrator.init()","2096","18"
"ProverOrchestrator.java:118 eu.prismacloud.primitives.zkpgs.prover.GSProver.computeCommitments(BaseIterator)","1932","19"
"GSProver.java:69 eu.prismacloud.primitives.zkpgs.util.crypto.QRElement.modPow(BigInteger)","968","20"
"QRElement.java:15 eu.prismacloud.primitives.zkpgs.util.crypto.QRElement.modPow(BigInteger)","968","21"
"QRElement.java:108 java.math.BigInteger.modPow(BigInteger, BigInteger)","968","22"
"BigInteger.java:2603 java.math.BigInteger.oddModPow(BigInteger, BigInteger)","968","23"
"BigInteger.java:2941","680","24"
"BigInteger.java:2940","100","24"
"BigInteger.java:2938","84","24"
"BigInteger.java:2928 java.math.BigInteger.montgomeryMultiply(int[], int[], int[], int, long, int[])","40","24"
"BigInteger.java:2661 java.math.BigInteger.implMontgomeryMultiply(int[], int[], int[], int, long, int[])","40","25"
"BigInteger.java:2709 java.math.BigInteger.montReduce(int[], int[], int, int)","20","26"
"BigInteger.java:2967 java.math.BigInteger.mulAdd(int[], int[], int, int, int)","20","27"
"BigInteger.java:3017","20","28"
"BigInteger.java:2708","20","26"
"BigInteger.java:2900","24","24"
"BigInteger.java:2898","20","24"
"BigInteger.java:2928","20","24"
"GSProver.java:70 eu.prismacloud.primitives.zkpgs.commitment.GSCommitment.createCommitment(BigInteger, ExtendedPublicKey)","920","20"
"GSCommitment.java:97 eu.prismacloud.primitives.zkpgs.util.crypto.QRElement.modPow(BigInteger)","920","21"
"QRElement.java:15 eu.prismacloud.primitives.zkpgs.util.crypto.QRElement.modPow(BigInteger)","920","22"
"QRElement.java:108 java.math.BigInteger.modPow(BigInteger, BigInteger)","920","23"
"BigInteger.java:2603 java.math.BigInteger.oddModPow(BigInteger, BigInteger)","896","24"
"BigInteger.java:2941","536","25"
"BigInteger.java:2940","240","25"
"BigInteger.java:2938","60","25"
"BigInteger.java:2928 java.math.BigInteger.montgomeryMultiply(int[], int[], int[], int, long, int[])","40","25"
"BigInteger.java:2661 java.math.BigInteger.implMontgomeryMultiply(int[], int[], int[], int, long, int[])","40","26"
"BigInteger.java:2709 java.math.BigInteger.montReduce(int[], int[], int, int)","40","27"
"BigInteger.java:2967 java.math.BigInteger.mulAdd(int[], int[], int, int, int)","40","28"
"BigInteger.java:3017","40","29"
"BigInteger.java:2929","20","25"
"BigInteger.java:2645 java.math.BigInteger.modInverse(BigInteger)","24","24"
"BigInteger.java:3154 java.math.MutableBigInteger.mutableModInverse(MutableBigInteger)","24","25"
"MutableBigInteger.java:1982 java.math.MutableBigInteger.modInverse(MutableBigInteger)","24","26"
"MutableBigInteger.java:2143","24","27"
"GSProver.java:67 eu.prismacloud.primitives.zkpgs.util.CryptoUtilsFacade.computeRandomNumberMinusPlus(int)","24","20"
"CryptoUtilsFacade.java:35 eu.prismacloud.primitives.zkpgs.util.GSUtils.randomMinusPlusNumber(int)","24","21"
"GSUtils.java:68","24","22"
"GSProver.java:75 eu.prismacloud.primitives.zkpgs.store.ProofStore.store(String, Object)","20","20"
"ProofStore.java:71 eu.prismacloud.primitives.zkpgs.store.URN.createURN(String, String)","20","21"
"URN.java:159 eu.prismacloud.primitives.zkpgs.util.NamespaceComponent.fromString(String, NamespaceComponent$Type)","20","22"
"NamespaceComponent.java:48 eu.prismacloud.primitives.zkpgs.util.NamespaceComponent.validate(String, NamespaceComponent$Type)","20","23"
"NamespaceComponent.java:62 eu.prismacloud.primitives.zkpgs.util.NamespaceComponent.validateNSS(String)","20","24"
"NamespaceComponent.java:75 java.util.regex.Matcher.matches()","20","25"
"Matcher.java:604 java.util.regex.Matcher.match(int, int)","20","26"
"Matcher.java:1270 java.util.regex.Pattern$Begin.match(Matcher, int, CharSequence)","20","27"
"Pattern.java:3527 java.util.regex.Pattern$Prolog.match(Matcher, int, CharSequence)","20","28"
"Pattern.java:4743 java.util.regex.Pattern$Loop.matchInit(Matcher, int, CharSequence)","20","29"
"Pattern.java:4803 java.util.regex.Pattern$GroupHead.match(Matcher, int, CharSequence)","20","30"
"Pattern.java:4660 java.util.regex.Pattern$Branch.match(Matcher, int, CharSequence)","20","31"
"Pattern.java:4606 java.util.regex.Pattern$CharProperty.match(Matcher, int, CharSequence)","20","32"
"Pattern.java:3779 java.util.regex.Pattern$BranchConn.match(Matcher, int, CharSequence)","20","33"
"Pattern.java:4570 java.util.regex.Pattern$GroupTail.match(Matcher, int, CharSequence)","20","34"
"Pattern.java:4719 java.util.regex.Pattern$Loop.match(Matcher, int, CharSequence)","20","35"
"Pattern.java:4787 java.util.regex.Pattern$GroupHead.match(Matcher, int, CharSequence)","20","36"
"Pattern.java:4660 java.util.regex.Pattern$Branch.match(Matcher, int, CharSequence)","20","37"
"Pattern.java:4606 java.util.regex.Pattern$CharProperty.match(Matcher, int, CharSequence)","20","38"
"Pattern.java:3779 java.util.regex.Pattern$BranchConn.match(Matcher, int, CharSequence)","20","39"
"Pattern.java:4570 java.util.regex.Pattern$GroupTail.match(Matcher, int, CharSequence)","20","40"
"Pattern.java:4719 java.util.regex.Pattern$Loop.match(Matcher, int, CharSequence)","20","41"
"Pattern.java:4787 java.util.regex.Pattern$GroupHead.match(Matcher, int, CharSequence)","20","42"
"Pattern.java:4660 java.util.regex.Pattern$Branch.match(Matcher, int, CharSequence)","20","43"
"Pattern.java:4606 java.util.regex.Pattern$CharProperty.match(Matcher, int, CharSequence)","20","44"
"Pattern.java:3779 java.util.regex.Pattern$BranchConn.match(Matcher, int, CharSequence)","20","45"
"Pattern.java:4570 java.util.regex.Pattern$GroupTail.match(Matcher, int, CharSequence)","20","46"
"Pattern.java:4719 java.util.regex.Pattern$Loop.match(Matcher, int, CharSequence)","20","47"
"Pattern.java:4787 java.util.regex.Pattern$GroupHead.match(Matcher, int, CharSequence)","20","48"
"Pattern.java:4660 java.util.regex.Pattern$Branch.match(Matcher, int, CharSequence)","20","49"
"Pattern.java:4606 java.util.regex.Pattern$CharProperty.match(Matcher, int, CharSequence)","20","50"
"Pattern.java:3779 java.util.regex.Pattern$BranchConn.match(Matcher, int, CharSequence)","20","51"
"Pattern.java:4570 java.util.regex.Pattern$GroupTail.match(Matcher, int, CharSequence)","20","52"
"Pattern.java:4719 java.util.regex.Pattern$Loop.match(Matcher, int, CharSequence)","20","53"
"Pattern.java:4787 java.util.regex.Pattern$GroupHead.match(Matcher, int, CharSequence)","20","54"
"Pattern.java:4660 java.util.regex.Pattern$Branch.match(Matcher, int, CharSequence)","20","55"
"Pattern.java:4606 java.util.regex.Pattern$CharProperty.match(Matcher, int, CharSequence)","20","56"
"Pattern.java:3779 java.util.regex.Pattern$BranchConn.match(Matcher, int, CharSequence)","20","57"
"Pattern.java:4570 java.util.regex.Pattern$GroupTail.match(Matcher, int, CharSequence)","20","58"
"Pattern.java:4719 java.util.regex.Pattern$Loop.match(Matcher, int, CharSequence)","20","59"
"Pattern.java:4787 java.util.regex.Pattern$GroupHead.match(Matcher, int, CharSequence)","20","60"
"Pattern.java:4660 java.util.regex.Pattern$Branch.match(Matcher, int, CharSequence)","20","61"
"Pattern.java:4606 java.util.regex.Pattern$CharProperty.match(Matcher, int, CharSequence)","20","62"
"Pattern.java:3779 java.util.regex.Pattern$BranchConn.match(Matcher, int, CharSequence)","20","63"
"Pattern.java:4570 java.util.regex.Pattern$GroupTail.match(Matcher, int, CharSequence)","20","64"
"Pattern.java:4719 java.util.regex.Pattern$Loop.match(Matcher, int, CharSequence)","20","65"
"Pattern.java:4787 java.util.regex.Pattern$GroupHead.match(Matcher, int, CharSequence)","20","66"
"Pattern.java:4660 java.util.regex.Pattern$Branch.match(Matcher, int, CharSequence)","20","67"
"Pattern.java:4606 java.util.regex.Pattern$CharProperty.match(Matcher, int, CharSequence)","20","68"
"Pattern.java:3779 java.util.regex.Pattern$BranchConn.match(Matcher, int, CharSequence)","20","69"
"Pattern.java:4570 java.util.regex.Pattern$GroupTail.match(Matcher, int, CharSequence)","20","70"
"Pattern.java:4719 java.util.regex.Pattern$Loop.match(Matcher, int, CharSequence)","20","71"
"Pattern.java:4787 java.util.regex.Pattern$GroupHead.match(Matcher, int, CharSequence)","20","72"
"Pattern.java:4660 java.util.regex.Pattern$Branch.match(Matcher, int, CharSequence)","20","73"
"Pattern.java:4606 java.util.regex.Pattern$CharProperty.match(Matcher, int, CharSequence)","20","74"
"Pattern.java:3779 java.util.regex.Pattern$BranchConn.match(Matcher, int, CharSequence)","20","75"
"Pattern.java:4570 java.util.regex.Pattern$GroupTail.match(Matcher, int, CharSequence)","20","76"
"Pattern.java:4719 java.util.regex.Pattern$Loop.match(Matcher, int, CharSequence)","20","77"
"Pattern.java:4787 java.util.regex.Pattern$GroupHead.match(Matcher, int, CharSequence)","20","78"
"Pattern.java:4660 java.util.regex.Pattern$Branch.match(Matcher, int, CharSequence)","20","79"
"Pattern.java:4606 java.util.regex.Pattern$CharProperty.match(Matcher, int, CharSequence)","20","80"
"Pattern.java:3779 java.util.regex.Pattern$BranchConn.match(Matcher, int, CharSequence)","20","81"
"Pattern.java:4570 java.util.regex.Pattern$GroupTail.match(Matcher, int, CharSequence)","20","82"
"Pattern.java:4719 java.util.regex.Pattern$Loop.match(Matcher, int, CharSequence)","20","83"
"Pattern.java:4787 java.util.regex.Pattern$GroupHead.match(Matcher, int, CharSequence)","20","84"
"Pattern.java:4660 java.util.regex.Pattern$Branch.match(Matcher, int, CharSequence)","20","85"
"Pattern.java:4606 java.util.regex.Pattern$CharProperty.match(Matcher, int, CharSequence)","20","86"
"Pattern.java:3779 java.util.regex.Pattern$BranchConn.match(Matcher, int, CharSequence)","20","87"
"Pattern.java:4570 java.util.regex.Pattern$GroupTail.match(Matcher, int, CharSequence)","20","88"
"Pattern.java:4719 java.util.regex.Pattern$Loop.match(Matcher, int, CharSequence)","20","89"
"Pattern.java:4787 java.util.regex.Pattern$GroupHead.match(Matcher, int, CharSequence)","20","90"
"Pattern.java:4660 java.util.regex.Pattern$Branch.match(Matcher, int, CharSequence)","20","91"
"Pattern.java:4606 java.util.regex.Pattern$CharProperty.match(Matcher, int, CharSequence)","20","92"
"Pattern.java:3779 java.util.regex.Pattern$BranchConn.match(Matcher, int, CharSequence)","20","93"
"Pattern.java:4570 java.util.regex.Pattern$GroupTail.match(Matcher, int, CharSequence)","20","94"
"Pattern.java:4719 java.util.regex.Pattern$Loop.match(Matcher, int, CharSequence)","20","95"
"Pattern.java:4787 java.util.regex.Pattern$GroupHead.match(Matcher, int, CharSequence)","20","96"
"Pattern.java:4660 java.util.regex.Pattern$Branch.match(Matcher, int, CharSequence)","20","97"
"Pattern.java:4606 java.util.regex.Pattern$CharProperty.match(Matcher, int, CharSequence)","20","98"
"Pattern.java:3779 java.util.regex.Pattern$BranchConn.match(Matcher, int, CharSequence)","20","99"
"Pattern.java:4570 java.util.regex.Pattern$GroupTail.match(Matcher, int, CharSequence)","20","100"
"Pattern.java:4719 java.util.regex.Pattern$Loop.match(Matcher, int, CharSequence)","20","101"
"Pattern.java:4787 java.util.regex.Pattern$GroupHead.match(Matcher, int, CharSequence)","20","102"
"Pattern.java:4660 java.util.regex.Pattern$Branch.match(Matcher, int, CharSequence)","20","103"
"Pattern.java:4606 java.util.regex.Pattern$CharProperty.match(Matcher, int, CharSequence)","20","104"
"Pattern.java:3779 java.util.regex.Pattern$BranchConn.match(Matcher, int, CharSequence)","20","105"
"Pattern.java:4570 java.util.regex.Pattern$GroupTail.match(Matcher, int, CharSequence)","20","106"
"Pattern.java:4719 java.util.regex.Pattern$Loop.match(Matcher, int, CharSequence)","20","107"
"Pattern.java:4787 java.util.regex.Pattern$GroupHead.match(Matcher, int, CharSequence)","20","108"
"Pattern.java:4660 java.util.regex.Pattern$Branch.match(Matcher, int, CharSequence)","20","109"
"Pattern.java:4606 java.util.regex.Pattern$CharProperty.match(Matcher, int, CharSequence)","20","110"
"Pattern.java:3779 java.util.regex.Pattern$BranchConn.match(Matcher, int, CharSequence)","20","111"
"Pattern.java:4570 java.util.regex.Pattern$GroupTail.match(Matcher, int, CharSequence)","20","112"
"Pattern.java:4719 java.util.regex.Pattern$Loop.match(Matcher, int, CharSequence)","20","113"
"Pattern.java:4787 java.util.regex.Pattern$GroupHead.match(Matcher, int, CharSequence)","20","114"
"Pattern.java:4660 java.util.regex.Pattern$Branch.match(Matcher, int, CharSequence)","20","115"
"Pattern.java:4606 java.util.regex.Pattern$CharProperty.match(Matcher, int, CharSequence)","20","116"
"Pattern.java:3779 java.util.regex.Pattern$BranchConn.match(Matcher, int, CharSequence)","20","117"
"Pattern.java:4570 java.util.regex.Pattern$GroupTail.match(Matcher, int, CharSequence)","20","118"
"Pattern.java:4719 java.util.regex.Pattern$Loop.match(Matcher, int, CharSequence)","20","119"
"Pattern.java:4787 java.util.regex.Pattern$GroupHead.match(Matcher, int, CharSequence)","20","120"
"Pattern.java:4660 java.util.regex.Pattern$Branch.match(Matcher, int, CharSequence)","20","121"
"Pattern.java:4606 java.util.regex.Pattern$CharProperty.match(Matcher, int, CharSequence)","20","122"
"Pattern.java:3779 java.util.regex.Pattern$BranchConn.match(Matcher, int, CharSequence)","20","123"
"Pattern.java:4570 java.util.regex.Pattern$GroupTail.match(Matcher, int, CharSequence)","20","124"
"Pattern.java:4719 java.util.regex.Pattern$Loop.match(Matcher, int, CharSequence)","20","125"
"Pattern.java:4787 java.util.regex.Pattern$GroupHead.match(Matcher, int, CharSequence)","20","126"
"Pattern.java:4660 java.util.regex.Pattern$Branch.match(Matcher, int, CharSequence)","20","127"
"Pattern.java:4606 java.util.regex.Pattern$CharProperty.match(Matcher, int, CharSequence)","20","128"
"Pattern.java:3779 java.util.regex.Pattern$BranchConn.match(Matcher, int, CharSequence)","20","129"
"Pattern.java:4570 java.util.regex.Pattern$GroupTail.match(Matcher, int, CharSequence)","20","130"
"Pattern.java:4719 java.util.regex.Pattern$Loop.match(Matcher, int, CharSequence)","20","131"
"Pattern.java:4787 java.util.regex.Pattern$GroupHead.match(Matcher, int, CharSequence)","20","132"
"Pattern.java:4660 java.util.regex.Pattern$Branch.match(Matcher, int, CharSequence)","20","133"
"Pattern.java:4606 java.util.regex.Pattern$CharProperty.match(Matcher, int, CharSequence)","20","134"
"Pattern.java:3779 java.util.regex.Pattern$BranchConn.match(Matcher, int, CharSequence)","20","135"
"Pattern.java:4570 java.util.regex.Pattern$GroupTail.match(Matcher, int, CharSequence)","20","136"
"Pattern.java:4719 java.util.regex.Pattern$Loop.match(Matcher, int, CharSequence)","20","137"
"Pattern.java:4787 java.util.regex.Pattern$GroupHead.match(Matcher, int, CharSequence)","20","138"
"Pattern.java:4660 java.util.regex.Pattern$Branch.match(Matcher, int, CharSequence)","20","139"
"Pattern.java:4606 java.util.regex.Pattern$CharProperty.match(Matcher, int, CharSequence)","20","140"
"Pattern.java:3779 java.util.regex.Pattern$BranchConn.match(Matcher, int, CharSequence)","20","141"
"Pattern.java:4570 java.util.regex.Pattern$GroupTail.match(Matcher, int, CharSequence)","20","142"
"Pattern.java:4719 java.util.regex.Pattern$Loop.match(Matcher, int, CharSequence)","20","143"
"Pattern.java:4787 java.util.regex.Pattern$GroupHead.match(Matcher, int, CharSequence)","20","144"
"Pattern.java:4660 java.util.regex.Pattern$Branch.match(Matcher, int, CharSequence)","20","145"
"Pattern.java:4606 java.util.regex.Pattern$CharProperty.match(Matcher, int, CharSequence)","20","146"
"Pattern.java:3779 java.util.regex.Pattern$BranchConn.match(Matcher, int, CharSequence)","20","147"
"Pattern.java:4570 java.util.regex.Pattern$GroupTail.match(Matcher, int, CharSequence)","20","148"
"Pattern.java:4719 java.util.regex.Pattern$Loop.match(Matcher, int, CharSequence)","20","149"
"Pattern.java:4787 java.util.regex.Pattern$GroupHead.match(Matcher, int, CharSequence)","20","150"
"Pattern.java:4660 java.util.regex.Pattern$Branch.match(Matcher, int, CharSequence)","20","151"
"Pattern.java:4606 java.util.regex.Pattern$CharProperty.match(Matcher, int, CharSequence)","20","152"
"Pattern.java:3779 java.util.regex.Pattern$BranchConn.match(Matcher, int, CharSequence)","20","153"
"Pattern.java:4570 java.util.regex.Pattern$GroupTail.match(Matcher, int, CharSequence)","20","154"
"Pattern.java:4719 java.util.regex.Pattern$Loop.match(Matcher, int, CharSequence)","20","155"
"Pattern.java:4787 java.util.regex.Pattern$GroupHead.match(Matcher, int, CharSequence)","20","156"
"Pattern.java:4660 java.util.regex.Pattern$Branch.match(Matcher, int, CharSequence)","20","157"
"Pattern.java:4606 java.util.regex.Pattern$CharProperty.match(Matcher, int, CharSequence)","20","158"
"Pattern.java:3779 java.util.regex.Pattern$BranchConn.match(Matcher, int, CharSequence)","20","159"
"Pattern.java:4570 java.util.regex.Pattern$GroupTail.match(Matcher, int, CharSequence)","20","160"
"Pattern.java:4719 java.util.regex.Pattern$Loop.match(Matcher, int, CharSequence)","20","161"
"Pattern.java:4787 java.util.regex.Pattern$GroupHead.match(Matcher, int, CharSequence)","20","162"
"Pattern.java:4660 java.util.regex.Pattern$Branch.match(Matcher, int, CharSequence)","20","163"
"Pattern.java:4606 java.util.regex.Pattern$CharProperty.match(Matcher, int, CharSequence)","20","164"
"Pattern.java:3779 java.util.regex.Pattern$BranchConn.match(Matcher, int, CharSequence)","20","165"
"Pattern.java:4570 java.util.regex.Pattern$GroupTail.match(Matcher, int, CharSequence)","20","166"
"Pattern.java:4719 java.util.regex.Pattern$Loop.match(Matcher, int, CharSequence)","20","167"
"Pattern.java:4787 java.util.regex.Pattern$GroupHead.match(Matcher, int, CharSequence)","20","168"
"Pattern.java:4660 java.util.regex.Pattern$Branch.match(Matcher, int, CharSequence)","20","169"
"Pattern.java:4606 java.util.regex.Pattern$CharProperty.match(Matcher, int, CharSequence)","20","170"
"Pattern.java:3779 java.util.regex.Pattern$BranchConn.match(Matcher, int, CharSequence)","20","171"
"Pattern.java:4570 java.util.regex.Pattern$GroupTail.match(Matcher, int, CharSequence)","20","172"
"Pattern.java:4719 java.util.regex.Pattern$Loop.match(Matcher, int, CharSequence)","20","173"
"Pattern.java:4787 java.util.regex.Pattern$GroupHead.match(Matcher, int, CharSequence)","20","174"
"Pattern.java:4660 java.util.regex.Pattern$Branch.match(Matcher, int, CharSequence)","20","175"
"Pattern.java:4606 java.util.regex.Pattern$CharProperty.match(Matcher, int, CharSequence)","20","176"
"Pattern.java:3779 java.util.regex.Pattern$BranchConn.match(Matcher, int, CharSequence)","20","177"
"Pattern.java:4570 java.util.regex.Pattern$GroupTail.match(Matcher, int, CharSequence)","20","178"
"Pattern.java:4719 java.util.regex.Pattern$Loop.match(Matcher, int, CharSequence)","20","179"
"Pattern.java:4796 java.util.regex.Pattern$Dollar.match(Matcher, int, CharSequence)","20","180"
"Pattern.java:3686 java.util.regex.Pattern$LastNode.match(Matcher, int, CharSequence)","20","181"
"Pattern.java:3433","20","182"
"ProverOrchestrator.java:109 eu.prismacloud.primitives.zkpgs.orchestrator.ProverOrchestrator.computePairWiseCommitments()","144","19"
"ProverOrchestrator.java:140 eu.prismacloud.primitives.zkpgs.orchestrator.ProverOrchestrator.computeIndexesCommitments(int)","84","20"
"ProverOrchestrator.java:208 eu.prismacloud.primitives.zkpgs.commitment.GSCommitment.createCommitment(BigInteger, ExtendedPublicKey)","84","21"
"GSCommitment.java:97 eu.prismacloud.primitives.zkpgs.util.crypto.QRElement.modPow(BigInteger)","84","22"
"QRElement.java:15 eu.prismacloud.primitives.zkpgs.util.crypto.QRElement.modPow(BigInteger)","84","23"
"QRElement.java:108 java.math.BigInteger.modPow(BigInteger, BigInteger)","84","24"
"BigInteger.java:2603 java.math.BigInteger.oddModPow(BigInteger, BigInteger)","84","25"
"BigInteger.java:2940 java.math.BigInteger.montgomerySquare(int[], int[], int, long, int[])","64","26"
"BigInteger.java:2672 java.math.BigInteger.implMontgomerySquare(int[], int[], int, long, int[])","64","27"
"BigInteger.java:2713 java.math.BigInteger.squareToLen(int[], int, int[])","64","28"
"BigInteger.java:2012 java.math.BigInteger.implSquareToLen(int[], int, int[], int)","44","29"
"BigInteger.java:2091 java.math.BigInteger.mulAdd(int[], int[], int, int, int)","24","30"
"BigInteger.java:3017","24","31"
"BigInteger.java:2096","20","30"
"BigInteger.java:2012","20","29"
"BigInteger.java:2838 java.math.MutableBigInteger.divide(MutableBigInteger, MutableBigInteger)","20","26"
"MutableBigInteger.java:1147 java.math.MutableBigInteger.divide(MutableBigInteger, MutableBigInteger, boolean)","20","27"
"MutableBigInteger.java:1155 java.math.MutableBigInteger.divideAndRemainderBurnikelZiegler(MutableBigInteger, MutableBigInteger)","20","28"
"MutableBigInteger.java:1293 java.math.MutableBigInteger.divide2n1n(MutableBigInteger, MutableBigInteger)","20","29"
"MutableBigInteger.java:1326 java.math.MutableBigInteger.divide3n2n(MutableBigInteger, MutableBigInteger)","20","30"
"MutableBigInteger.java:1362 java.math.MutableBigInteger.divide2n1n(MutableBigInteger, MutableBigInteger)","20","31"
"MutableBigInteger.java:1316 java.math.MutableBigInteger.divideKnuth(MutableBigInteger, MutableBigInteger)","20","32"
"MutableBigInteger.java:1163 java.math.MutableBigInteger.divideKnuth(MutableBigInteger, MutableBigInteger, boolean)","20","33"
"MutableBigInteger.java:1227 java.math.MutableBigInteger.divideMagnitude(MutableBigInteger, MutableBigInteger, boolean)","20","34"
"MutableBigInteger.java:1590 java.math.MutableBigInteger.mulsub(int[], int[], int, int, int)","20","35"
"MutableBigInteger.java:642","20","36"
"ProverOrchestrator.java:141 eu.prismacloud.primitives.zkpgs.orchestrator.ProverOrchestrator.computeIndexesCommitments(int)","60","20"
"ProverOrchestrator.java:208 eu.prismacloud.primitives.zkpgs.commitment.GSCommitment.createCommitment(BigInteger, ExtendedPublicKey)","60","21"
"GSCommitment.java:97 eu.prismacloud.primitives.zkpgs.util.crypto.QRElement.modPow(BigInteger)","60","22"
"QRElement.java:15 eu.prismacloud.primitives.zkpgs.util.crypto.QRElement.modPow(BigInteger)","60","23"
"QRElement.java:108 java.math.BigInteger.modPow(BigInteger, BigInteger)","60","24"
"BigInteger.java:2603 java.math.BigInteger.oddModPow(BigInteger, BigInteger)","60","25"
"BigInteger.java:2940 java.math.BigInteger.montgomerySquare(int[], int[], int, long, int[])","40","26"
"BigInteger.java:2672 java.math.BigInteger.implMontgomerySquare(int[], int[], int, long, int[])","40","27"
"BigInteger.java:2714 java.math.BigInteger.montReduce(int[], int[], int, int)","20","28"
"BigInteger.java:2967 java.math.BigInteger.mulAdd(int[], int[], int, int, int)","20","29"
"BigInteger.java:3017","20","30"
"BigInteger.java:2713 java.math.BigInteger.squareToLen(int[], int, int[])","20","28"
"BigInteger.java:2012 java.math.BigInteger.implSquareToLen(int[], int, int[], int)","20","29"
"BigInteger.java:2091 java.math.BigInteger.mulAdd(int[], int[], int, int, int)","20","30"
"BigInteger.java:3017","20","31"
"BigInteger.java:2857 java.math.BigInteger.montgomeryMultiply(int[], int[], int[], int, long, int[])","20","26"
"BigInteger.java:2661 java.math.BigInteger.implMontgomeryMultiply(int[], int[], int[], int, long, int[])","20","27"
"BigInteger.java:2709 java.math.BigInteger.montReduce(int[], int[], int, int)","20","28"
"BigInteger.java:2967 java.math.BigInteger.mulAdd(int[], int[], int, int, int)","20","29"
"BigInteger.java:3017","20","30"
"ProverOrchestrator.java:114 eu.prismacloud.primitives.zkpgs.store.URN.createZkpgsURN(String)","20","19"
"URN.java:181 eu.prismacloud.primitives.zkpgs.store.URN.<init>(NamespaceComponent, NamespaceComponent, boolean)","20","20"
"URN.java:39 eu.prismacloud.primitives.zkpgs.store.URNType.parseURNType(String)","20","21"
"URNType.java:708 eu.prismacloud.primitives.zkpgs.store.URNType.parseURNSuffix(String)","20","22"
"URNType.java:723 java.lang.String.matches(String)","20","23"
"String.java:2121 java.util.regex.Pattern.matches(String, CharSequence)","20","24"
"Pattern.java:1133 java.util.regex.Pattern.compile(String)","20","25"
"Pattern.java:1028 java.util.regex.Pattern.<init>(String, int)","20","26"
"Pattern.java:1351 java.util.regex.Pattern.compile()","20","27"
"Pattern.java:1698 java.util.regex.Pattern.expr(Pattern$Node)","20","28"
"Pattern.java:1998 java.util.regex.Pattern.sequence(Pattern$Node)","20","29"
"Pattern.java:2132 java.util.regex.Pattern.atom()","20","30"
"Pattern.java:2235 java.util.regex.Pattern.newSlice(int[], int, boolean)","20","31"
"Pattern.java:3367","20","32"
"GSBenchmark.java:107 eu.prismacloud.primitives.zkpgs.util.FilePersistenceUtil.read(String)","164","18"
"FilePersistenceUtil.java:34 java.io.ObjectInputStream.readObject()","164","19"
"ObjectInputStream.java:431 java.io.ObjectInputStream.readObject0(boolean)","164","20"
"ObjectInputStream.java:1573 java.io.ObjectInputStream.readOrdinaryObject(boolean)","164","21"
"ObjectInputStream.java:2069 java.io.ObjectInputStream.readSerialData(Object, ObjectStreamClass)","164","22"
"ObjectInputStream.java:2211 java.io.ObjectInputStream.defaultReadFields(Object, ObjectStreamClass)","164","23"
"ObjectInputStream.java:2287 java.io.ObjectInputStream.readObject0(boolean)","164","24"
"ObjectInputStream.java:1573 java.io.ObjectInputStream.readOrdinaryObject(boolean)","164","25"
"ObjectInputStream.java:2069 java.io.ObjectInputStream.readSerialData(Object, ObjectStreamClass)","164","26"
"ObjectInputStream.java:2178 java.io.ObjectStreamClass.invokeReadObject(Object, ObjectInputStream)","100","27"
"ObjectStreamClass.java:1170 java.lang.reflect.Method.invoke(Object, Object[])","100","28"
"Method.java:498 sun.reflect.DelegatingMethodAccessorImpl.invoke(Object, Object[])","100","29"
"DelegatingMethodAccessorImpl.java:43 sun.reflect.NativeMethodAccessorImpl.invoke(Object, Object[])","100","30"
"NativeMethodAccessorImpl.java:62 sun.reflect.NativeMethodAccessorImpl.invoke0(Method, Object, Object[])","100","31"
"NativeMethodAccessorImpl.java (native) java.util.HashMap.readObject(ObjectInputStream)","100","32"
"HashMap.java:1410 java.io.ObjectInputStream.readObject()","80","33"
"ObjectInputStream.java:431 java.io.ObjectInputStream.readObject0(boolean)","80","34"
"ObjectInputStream.java:1573 java.io.ObjectInputStream.readOrdinaryObject(boolean)","80","35"
"ObjectInputStream.java:2069 java.io.ObjectInputStream.readSerialData(Object, ObjectStreamClass)","80","36"
"ObjectInputStream.java:2211 java.io.ObjectInputStream.defaultReadFields(Object, ObjectStreamClass)","80","37"
"ObjectInputStream.java:2287 java.io.ObjectInputStream.readObject0(boolean)","80","38"
"ObjectInputStream.java:1573 java.io.ObjectInputStream.readOrdinaryObject(boolean)","40","39"
"ObjectInputStream.java:2042 java.io.ObjectInputStream.readClassDesc(boolean)","20","40"
"ObjectInputStream.java:1751 java.io.ObjectInputStream.readNonProxyDesc(boolean)","20","41"
"ObjectInputStream.java:1885 java.io.ObjectStreamClass.initNonProxy(ObjectStreamClass, Class, ClassNotFoundException, ObjectStreamClass)","20","42"
"ObjectStreamClass.java:681 java.io.ObjectStreamClass.lookup(Class, boolean)","20","43"
"ObjectStreamClass.java:391 java.io.ObjectStreamClass.<init>(Class)","20","44"
"ObjectStreamClass.java:494 java.security.AccessController.doPrivileged(PrivilegedAction)","20","45"
"AccessController.java (native) java.io.ObjectStreamClass$3.run()","20","46"
"ObjectStreamClass.java:494 java.io.ObjectStreamClass$3.run()","20","47"
"ObjectStreamClass.java:519 java.io.ObjectStreamClass.access$1500(Class)","20","48"
"ObjectStreamClass.java:79 java.io.ObjectStreamClass.getSerializableConstructor(Class)","20","49"
"ObjectStreamClass.java:1574 sun.reflect.ReflectionFactory.newConstructorForSerialization(Class, Constructor)","20","50"
"ReflectionFactory.java:360 sun.reflect.ReflectionFactory.generateConstructor(Class, Constructor)","20","51"
"ReflectionFactory.java:398 sun.reflect.MethodAccessorGenerator.generateSerializationConstructor(Class, Class[], Class[], int, Class)","20","52"
"MethodAccessorGenerator.java:112 sun.reflect.MethodAccessorGenerator.generate(Class, String, Class[], Class, Class[], int, boolean, boolean, Class)","20","53"
"MethodAccessorGenerator.java:353","20","54"
"ObjectInputStream.java:2069 java.io.ObjectInputStream.readSerialData(Object, ObjectStreamClass)","20","40"
"ObjectInputStream.java:2211 java.io.ObjectInputStream.defaultReadFields(Object, ObjectStreamClass)","20","41"
"ObjectInputStream.java:2287 java.io.ObjectInputStream.readObject0(boolean)","20","42"
"ObjectInputStream.java:1540 java.io.ObjectInputStream$BlockDataInputStream.peekByte()","20","43"
"ObjectInputStream.java:2958 java.io.ObjectInputStream$BlockDataInputStream.peek()","20","44"
"ObjectInputStream.java:2948 java.io.ObjectInputStream$PeekInputStream.peek()","20","45"
"ObjectInputStream.java:2641 java.io.FileInputStream.read()","20","46"
"FileInputStream.java:207 java.io.FileInputStream.read0()","20","47"
"ObjectInputStream.java:1553 java.io.ObjectInputStream.readHandle(boolean)","20","39"
"ObjectInputStream.java:1684 java.io.ObjectInputStream$BlockDataInputStream.readInt()","20","40"
"ObjectInputStream.java:3180 java.io.ObjectInputStream$PeekInputStream.readFully(byte[], int, int)","20","41"
"ObjectInputStream.java:2679 java.io.ObjectInputStream$PeekInputStream.read(byte[], int, int)","20","42"
"ObjectInputStream.java:2663 java.io.FileInputStream.read(byte[], int, int)","20","43"
"FileInputStream.java:255 java.io.FileInputStream.readBytes(byte[], int, int)","20","44"
"ObjectInputStream.java:1540 java.io.ObjectInputStream$BlockDataInputStream.peekByte()","20","39"
"ObjectInputStream.java:2958 java.io.ObjectInputStream$BlockDataInputStream.peek()","20","40"
"ObjectInputStream.java:2948 java.io.ObjectInputStream$PeekInputStream.peek()","20","41"
"ObjectInputStream.java:2641 java.io.FileInputStream.read()","20","42"
"FileInputStream.java:207 java.io.FileInputStream.read0()","20","43"
"HashMap.java:1412 java.io.ObjectInputStream.readObject()","20","33"
"ObjectInputStream.java:431 java.io.ObjectInputStream.readObject0(boolean)","20","34"
"ObjectInputStream.java:1573 java.io.ObjectInputStream.readOrdinaryObject(boolean)","20","35"
"ObjectInputStream.java:2069 java.io.ObjectInputStream.readSerialData(Object, ObjectStreamClass)","20","36"
"ObjectInputStream.java:2211 java.io.ObjectInputStream.defaultReadFields(Object, ObjectStreamClass)","20","37"
"ObjectInputStream.java:2287 java.io.ObjectInputStream.readObject0(boolean)","20","38"
"ObjectInputStream.java:1573 java.io.ObjectInputStream.readOrdinaryObject(boolean)","20","39"
"ObjectInputStream.java:2069 java.io.ObjectInputStream.readSerialData(Object, ObjectStreamClass)","20","40"
"ObjectInputStream.java:2211 java.io.ObjectInputStream.defaultReadFields(Object, ObjectStreamClass)","20","41"
"ObjectInputStream.java:2287 java.io.ObjectInputStream.readObject0(boolean)","20","42"
"ObjectInputStream.java:1573 java.io.ObjectInputStream.readOrdinaryObject(boolean)","20","43"
"ObjectInputStream.java:2069 java.io.ObjectInputStream.readSerialData(Object, ObjectStreamClass)","20","44"
"ObjectInputStream.java:2215 java.io.ObjectInputStream.skipCustomData()","20","45"
"ObjectInputStream.java:2238 java.io.ObjectInputStream$BlockDataInputStream.skipBlockData()","20","46"
"ObjectInputStream.java:2807 java.io.ObjectInputStream$BlockDataInputStream.refill()","20","47"
"ObjectInputStream.java:2905 java.io.ObjectInputStream$BlockDataInputStream.readBlockHeader(boolean)","20","48"
"ObjectInputStream.java:2835 java.io.ObjectInputStream$PeekInputStream.peek()","20","49"
"ObjectInputStream.java:2641 java.io.FileInputStream.read()","20","50"
"FileInputStream.java:207 java.io.FileInputStream.read0()","20","51"
"ObjectInputStream.java:2211 java.io.ObjectInputStream.defaultReadFields(Object, ObjectStreamClass)","64","27"
"ObjectInputStream.java:2287 java.io.ObjectInputStream.readObject0(boolean)","64","28"
"ObjectInputStream.java:1573 java.io.ObjectInputStream.readOrdinaryObject(boolean)","64","29"
"ObjectInputStream.java:2069 java.io.ObjectInputStream.readSerialData(Object, ObjectStreamClass)","44","30"
"ObjectInputStream.java:2211 java.io.ObjectInputStream.defaultReadFields(Object, ObjectStreamClass)","44","31"
"ObjectInputStream.java:2287 java.io.ObjectInputStream.readObject0(boolean)","44","32"
"ObjectInputStream.java:1573 java.io.ObjectInputStream.readOrdinaryObject(boolean)","44","33"
"ObjectInputStream.java:2042 java.io.ObjectInputStream.readClassDesc(boolean)","24","34"
"ObjectInputStream.java:1751 java.io.ObjectInputStream.readNonProxyDesc(boolean)","24","35"
"ObjectInputStream.java:1885 java.io.ObjectStreamClass.initNonProxy(ObjectStreamClass, Class, ClassNotFoundException, ObjectStreamClass)","24","36"
"ObjectStreamClass.java:681 java.io.ObjectStreamClass.lookup(Class, boolean)","24","37"
"ObjectStreamClass.java:391 java.io.ObjectStreamClass.<init>(Class)","24","38"
"ObjectStreamClass.java:494 java.security.AccessController.doPrivileged(PrivilegedAction)","24","39"
"AccessController.java (native) java.io.ObjectStreamClass$3.run()","24","40"
"ObjectStreamClass.java:494 java.io.ObjectStreamClass$3.run()","24","41"
"ObjectStreamClass.java:506 java.io.ObjectStreamClass.access$700(Class)","24","42"
"ObjectStreamClass.java:79 java.io.ObjectStreamClass.getDeclaredSUID(Class)","24","43"
"ObjectStreamClass.java:1857 java.lang.Class.getDeclaredField(String)","24","44"
"Class.java:2068 java.lang.Class.privateGetDeclaredFields(boolean)","24","45"
"Class.java:2583 java.lang.Class.getDeclaredFields0(boolean)","24","46"
"ObjectInputStream.java:2069 java.io.ObjectInputStream.readSerialData(Object, ObjectStreamClass)","20","34"
"ObjectInputStream.java:2178 java.io.ObjectStreamClass.invokeReadObject(Object, ObjectInputStream)","20","35"
"ObjectStreamClass.java:1170 java.lang.reflect.Method.invoke(Object, Object[])","20","36"
"Method.java:498 sun.reflect.DelegatingMethodAccessorImpl.invoke(Object, Object[])","20","37"
"DelegatingMethodAccessorImpl.java:43 sun.reflect.NativeMethodAccessorImpl.invoke(Object, Object[])","20","38"
"NativeMethodAccessorImpl.java:62 sun.reflect.NativeMethodAccessorImpl.invoke0(Method, Object, Object[])","20","39"
"NativeMethodAccessorImpl.java (native) java.util.HashMap.readObject(ObjectInputStream)","20","40"
"HashMap.java:1412 java.io.ObjectInputStream.readObject()","20","41"
"ObjectInputStream.java:431 java.io.ObjectInputStream.readObject0(boolean)","20","42"
"ObjectInputStream.java:1540 java.io.ObjectInputStream$BlockDataInputStream.peekByte()","20","43"
"ObjectInputStream.java:2958 java.io.ObjectInputStream$BlockDataInputStream.peek()","20","44"
"ObjectInputStream.java:2948 java.io.ObjectInputStream$PeekInputStream.peek()","20","45"
"ObjectInputStream.java:2641 java.io.FileInputStream.read()","20","46"
"FileInputStream.java:207 java.io.FileInputStream.read0()","20","47"
"ObjectInputStream.java:2042 java.io.ObjectInputStream.readClassDesc(boolean)","20","30"
"ObjectInputStream.java:1751 java.io.ObjectInputStream.readNonProxyDesc(boolean)","20","31"
"ObjectInputStream.java:1885 java.io.ObjectStreamClass.initNonProxy(ObjectStreamClass, Class, ClassNotFoundException, ObjectStreamClass)","20","32"
"ObjectStreamClass.java:681 java.io.ObjectStreamClass.lookup(Class, boolean)","20","33"
"ObjectStreamClass.java:391 java.io.ObjectStreamClass.<init>(Class)","20","34"
"ObjectStreamClass.java:494 java.security.AccessController.doPrivileged(PrivilegedAction)","20","35"
"AccessController.java (native) java.io.ObjectStreamClass$3.run()","20","36"
"ObjectStreamClass.java:494 java.io.ObjectStreamClass$3.run()","20","37"
"ObjectStreamClass.java:523 java.io.ObjectStreamClass.access$1700(Class, String, Class[], Class)","20","38"
"ObjectStreamClass.java:79 java.io.ObjectStreamClass.getPrivateMethod(Class, String, Class[], Class)","20","39"
"ObjectStreamClass.java:1635","20","40"
"GSBenchmark.java:117 eu.prismacloud.primitives.zkpgs.orchestrator.ProverOrchestrator.readSignature(String)","100","18"
"ProverOrchestrator.java:480 eu.prismacloud.primitives.zkpgs.util.FilePersistenceUtil.read(String)","100","19"
"FilePersistenceUtil.java:34 java.io.ObjectInputStream.readObject()","100","20"
"ObjectInputStream.java:431 java.io.ObjectInputStream.readObject0(boolean)","100","21"
"ObjectInputStream.java:1573 java.io.ObjectInputStream.readOrdinaryObject(boolean)","100","22"
"ObjectInputStream.java:2069 java.io.ObjectInputStream.readSerialData(Object, ObjectStreamClass)","100","23"
"ObjectInputStream.java:2211 java.io.ObjectInputStream.defaultReadFields(Object, ObjectStreamClass)","100","24"
"ObjectInputStream.java:2287 java.io.ObjectInputStream.readObject0(boolean)","100","25"
"ObjectInputStream.java:1573 java.io.ObjectInputStream.readOrdinaryObject(boolean)","100","26"
"ObjectInputStream.java:2069 java.io.ObjectInputStream.readSerialData(Object, ObjectStreamClass)","80","27"
"ObjectInputStream.java:2211 java.io.ObjectInputStream.defaultReadFields(Object, ObjectStreamClass)","80","28"
"ObjectInputStream.java:2287 java.io.ObjectInputStream.readObject0(boolean)","80","29"
"ObjectInputStream.java:1573 java.io.ObjectInputStream.readOrdinaryObject(boolean)","80","30"
"ObjectInputStream.java:2069 java.io.ObjectInputStream.readSerialData(Object, ObjectStreamClass)","60","31"
"ObjectInputStream.java:2211 java.io.ObjectInputStream.defaultReadFields(Object, ObjectStreamClass)","60","32"
"ObjectInputStream.java:2287 java.io.ObjectInputStream.readObject0(boolean)","60","33"
"ObjectInputStream.java:1573 java.io.ObjectInputStream.readOrdinaryObject(boolean)","60","34"
"ObjectInputStream.java:2069 java.io.ObjectInputStream.readSerialData(Object, ObjectStreamClass)","60","35"
"ObjectInputStream.java:2211 java.io.ObjectInputStream.defaultReadFields(Object, ObjectStreamClass)","40","36"
"ObjectInputStream.java:2287 java.io.ObjectInputStream.readObject0(boolean)","40","37"
"ObjectInputStream.java:1573 java.io.ObjectInputStream.readOrdinaryObject(boolean)","40","38"
"ObjectInputStream.java:2069 java.io.ObjectInputStream.readSerialData(Object, ObjectStreamClass)","20","39"
"ObjectInputStream.java:2211 java.io.ObjectInputStream.defaultReadFields(Object, ObjectStreamClass)","20","40"
"ObjectInputStream.java:2287 java.io.ObjectInputStream.readObject0(boolean)","20","41"
"ObjectInputStream.java:1573 java.io.ObjectInputStream.readOrdinaryObject(boolean)","20","42"
"ObjectInputStream.java:2069 java.io.ObjectInputStream.readSerialData(Object, ObjectStreamClass)","20","43"
"ObjectInputStream.java:2178 java.io.ObjectStreamClass.invokeReadObject(Object, ObjectInputStream)","20","44"
"ObjectStreamClass.java:1170 java.lang.reflect.Method.invoke(Object, Object[])","20","45"
"Method.java:498 sun.reflect.DelegatingMethodAccessorImpl.invoke(Object, Object[])","20","46"
"DelegatingMethodAccessorImpl.java:43 sun.reflect.NativeMethodAccessorImpl.invoke(Object, Object[])","20","47"
"NativeMethodAccessorImpl.java:62 sun.reflect.NativeMethodAccessorImpl.invoke0(Method, Object, Object[])","20","48"
"NativeMethodAccessorImpl.java (native) java.util.HashMap.readObject(ObjectInputStream)","20","49"
"HashMap.java:1412 java.io.ObjectInputStream.readObject()","20","50"
"ObjectInputStream.java:431 java.io.ObjectInputStream.readObject0(boolean)","20","51"
"ObjectInputStream.java:1573 java.io.ObjectInputStream.readOrdinaryObject(boolean)","20","52"
"ObjectInputStream.java:2069 java.io.ObjectInputStream.readSerialData(Object, ObjectStreamClass)","20","53"
"ObjectInputStream.java:2211 java.io.ObjectInputStream.defaultReadFields(Object, ObjectStreamClass)","20","54"
"ObjectInputStream.java:2287 java.io.ObjectInputStream.readObject0(boolean)","20","55"
"ObjectInputStream.java:1573 java.io.ObjectInputStream.readOrdinaryObject(boolean)","20","56"
"ObjectInputStream.java:2042 java.io.ObjectInputStream.readClassDesc(boolean)","20","57"
"ObjectInputStream.java:1738 java.io.ObjectInputStream$BlockDataInputStream.peekByte()","20","58"
"ObjectInputStream.java:2958 java.io.ObjectInputStream$BlockDataInputStream.peek()","20","59"
"ObjectInputStream.java:2948 java.io.ObjectInputStream$PeekInputStream.peek()","20","60"
"ObjectInputStream.java:2641 java.io.FileInputStream.read()","20","61"
"FileInputStream.java:207 java.io.FileInputStream.read0()","20","62"
"ObjectInputStream.java:2078 java.io.ObjectStreamClass.invokeReadResolve(Object)","20","39"
"ObjectStreamClass.java:1260 java.lang.reflect.Method.invoke(Object, Object[])","20","40"
"Method.java:498 sun.reflect.DelegatingMethodAccessorImpl.invoke(Object, Object[])","20","41"
"DelegatingMethodAccessorImpl.java:43 sun.reflect.NativeMethodAccessorImpl.invoke(Object, Object[])","20","42"
"NativeMethodAccessorImpl.java:62 sun.reflect.NativeMethodAccessorImpl.invoke0(Method, Object, Object[])","20","43"
"NativeMethodAccessorImpl.java (native) java.lang.invoke.SerializedLambda.readResolve()","20","44"
"SerializedLambda.java:230 java.lang.reflect.Method.invoke(Object, Object[])","20","45"
"Method.java:498 sun.reflect.DelegatingMethodAccessorImpl.invoke(Object, Object[])","20","46"
"DelegatingMethodAccessorImpl.java:43 sun.reflect.NativeMethodAccessorImpl.invoke(Object, Object[])","20","47"
"NativeMethodAccessorImpl.java:62 sun.reflect.NativeMethodAccessorImpl.invoke0(Method, Object, Object[])","20","48"
"NativeMethodAccessorImpl.java (native) org.jgrapht.util.SupplierUtil.$deserializeLambda$(SerializedLambda)","20","49"
"SupplierUtil.java:31","20","50"
"ObjectInputStream.java:2178 java.io.ObjectStreamClass.invokeReadObject(Object, ObjectInputStream)","20","36"
"ObjectStreamClass.java:1170 java.lang.reflect.Method.invoke(Object, Object[])","20","37"
"Method.java:498 sun.reflect.DelegatingMethodAccessorImpl.invoke(Object, Object[])","20","38"
"DelegatingMethodAccessorImpl.java:43 sun.reflect.NativeMethodAccessorImpl.invoke(Object, Object[])","20","39"
"NativeMethodAccessorImpl.java:62 sun.reflect.NativeMethodAccessorImpl.invoke0(Method, Object, Object[])","20","40"
"NativeMethodAccessorImpl.java (native) java.util.HashMap.readObject(ObjectInputStream)","20","41"
"HashMap.java:1410 java.io.ObjectInputStream.readObject()","20","42"
"ObjectInputStream.java:431 java.io.ObjectInputStream.readObject0(boolean)","20","43"
"ObjectInputStream.java:1573 java.io.ObjectInputStream.readOrdinaryObject(boolean)","20","44"
"ObjectInputStream.java:2069 java.io.ObjectInputStream.readSerialData(Object, ObjectStreamClass)","20","45"
"ObjectInputStream.java:2211 java.io.ObjectInputStream.defaultReadFields(Object, ObjectStreamClass)","20","46"
"ObjectInputStream.java:2287 java.io.ObjectInputStream.readObject0(boolean)","20","47"
"ObjectInputStream.java:1573 java.io.ObjectInputStream.readOrdinaryObject(boolean)","20","48"
"ObjectInputStream.java:2042 java.io.ObjectInputStream.readClassDesc(boolean)","20","49"
"ObjectInputStream.java:1745 java.io.ObjectInputStream.readHandle(boolean)","20","50"
"ObjectInputStream.java:1684 java.io.ObjectInputStream$BlockDataInputStream.readInt()","20","51"
"ObjectInputStream.java:3180 java.io.ObjectInputStream$PeekInputStream.readFully(byte[], int, int)","20","52"
"ObjectInputStream.java:2679 java.io.ObjectInputStream$PeekInputStream.read(byte[], int, int)","20","53"
"ObjectInputStream.java:2663 java.io.FileInputStream.read(byte[], int, int)","20","54"
"FileInputStream.java:255 java.io.FileInputStream.readBytes(byte[], int, int)","20","55"
"ObjectInputStream.java:2042 java.io.ObjectInputStream.readClassDesc(boolean)","20","31"
"ObjectInputStream.java:1751 java.io.ObjectInputStream.readNonProxyDesc(boolean)","20","32"
"ObjectInputStream.java:1885 java.io.ObjectStreamClass.initNonProxy(ObjectStreamClass, Class, ClassNotFoundException, ObjectStreamClass)","20","33"
"ObjectStreamClass.java:681 java.io.ObjectStreamClass.lookup(Class, boolean)","20","34"
"ObjectStreamClass.java:391 java.io.ObjectStreamClass.<init>(Class)","20","35"
"ObjectStreamClass.java:494 java.security.AccessController.doPrivileged(PrivilegedAction)","20","36"
"AccessController.java (native) java.io.ObjectStreamClass$3.run()","20","37"
"ObjectStreamClass.java:494 java.io.ObjectStreamClass$3.run()","20","38"
"ObjectStreamClass.java:520 java.io.ObjectStreamClass.access$1700(Class, String, Class[], Class)","20","39"
"ObjectStreamClass.java:79 java.io.ObjectStreamClass.getPrivateMethod(Class, String, Class[], Class)","20","40"
"ObjectStreamClass.java:1629 java.lang.Class.getDeclaredMethod(String, Class[])","20","41"
"Class.java:2130","20","42"
"ObjectInputStream.java:2042 java.io.ObjectInputStream.readClassDesc(boolean)","20","27"
"ObjectInputStream.java:1751 java.io.ObjectInputStream.readNonProxyDesc(boolean)","20","28"
"ObjectInputStream.java:1885 java.io.ObjectStreamClass.initNonProxy(ObjectStreamClass, Class, ClassNotFoundException, ObjectStreamClass)","20","29"
"ObjectStreamClass.java:681 java.io.ObjectStreamClass.lookup(Class, boolean)","20","30"
"ObjectStreamClass.java:391 java.io.ObjectStreamClass.<init>(Class)","20","31"
"ObjectStreamClass.java:494 java.security.AccessController.doPrivileged(PrivilegedAction)","20","32"
"AccessController.java (native) java.io.ObjectStreamClass$3.run()","20","33"
"ObjectStreamClass.java:494 java.io.ObjectStreamClass$3.run()","20","34"
"ObjectStreamClass.java:520 java.io.ObjectStreamClass.access$1700(Class, String, Class[], Class)","20","35"
"ObjectStreamClass.java:79 java.io.ObjectStreamClass.getPrivateMethod(Class, String, Class[], Class)","20","36"
"ObjectStreamClass.java:1629 java.lang.Class.getDeclaredMethod(String, Class[])","20","37"
"Class.java:2128 java.lang.Class.privateGetDeclaredMethods(boolean)","20","38"
"Class.java:2701 java.lang.Class.getDeclaredMethods0(boolean)","20","39"
"Class.java (native) java.lang.ClassLoader.loadClass(String)","20","40"
"ClassLoader.java:357 sun.misc.Launcher$AppClassLoader.loadClass(String, boolean)","20","41"
"Launcher.java:349 java.lang.ClassLoader.loadClass(String, boolean)","20","42"
"ClassLoader.java:424 java.net.URLClassLoader.findClass(String)","20","43"
"URLClassLoader.java:362 java.security.AccessController.doPrivileged(PrivilegedExceptionAction, AccessControlContext)","20","44"
"AccessController.java (native) java.net.URLClassLoader$1.run()","20","45"
"URLClassLoader.java:363 java.net.URLClassLoader$1.run()","20","46"
"URLClassLoader.java:369 java.net.URLClassLoader.access$100(URLClassLoader, String, Resource)","20","47"
"URLClassLoader.java:74 java.net.URLClassLoader.defineClass(String, Resource)","20","48"
"URLClassLoader.java:468 java.security.SecureClassLoader.defineClass(String, byte[], int, int, CodeSource)","20","49"
"SecureClassLoader.java:142 java.lang.ClassLoader.defineClass(String, byte[], int, int, ProtectionDomain)","20","50"
"ClassLoader.java:763 java.lang.ClassLoader.defineClass1(String, byte[], int, int, ProtectionDomain, String)","20","51"
"GSBenchmark.java:125 eu.prismacloud.primitives.zkpgs.orchestrator.VerifierOrchestrator.init()","20","18"
"VerifierOrchestrator.java:97 eu.prismacloud.primitives.zkpgs.store.URN.createZkpgsURN(String)","20","19"
"URN.java:181 eu.prismacloud.primitives.zkpgs.store.URN.<init>(NamespaceComponent, NamespaceComponent, boolean)","20","20"
"URN.java:39 eu.prismacloud.primitives.zkpgs.store.URNType.parseURNType(String)","20","21"
"URNType.java:708 eu.prismacloud.primitives.zkpgs.store.URNType.parseURNSuffix(String)","20","22"
"URNType.java:723 eu.prismacloud.primitives.zkpgs.store.URNType.getSuffix(URNType)","20","23"
"URNType.java:119 java.lang.ClassLoader.loadClass(String)","20","24"
"ClassLoader.java:357 sun.misc.Launcher$AppClassLoader.loadClass(String, boolean)","20","25"
"Launcher.java:349 java.lang.ClassLoader.loadClass(String, boolean)","20","26"
"ClassLoader.java:424 java.net.URLClassLoader.findClass(String)","20","27"
"URLClassLoader.java:362 java.security.AccessController.doPrivileged(PrivilegedExceptionAction, AccessControlContext)","20","28"
"AccessController.java (native) java.net.URLClassLoader$1.run()","20","29"
"URLClassLoader.java:363 java.net.URLClassLoader$1.run()","20","30"
"URLClassLoader.java:369 java.net.URLClassLoader.access$100(URLClassLoader, String, Resource)","20","31"
"URLClassLoader.java:74 java.net.URLClassLoader.defineClass(String, Resource)","20","32"
"URLClassLoader.java:468 java.security.SecureClassLoader.defineClass(String, byte[], int, int, CodeSource)","20","33"
"SecureClassLoader.java:142 java.lang.ClassLoader.defineClass(String, byte[], int, int, ProtectionDomain)","20","34"
"ClassLoader.java:763 java.lang.ClassLoader.defineClass1(String, byte[], int, int, ProtectionDomain, String)","20","35"
"ProvingBenchmark_ProvingVerifyingBenchmark_compute_jmhTest.java:664 org.openjdk.jmh.results.SingleShotResult.<init>(ResultRole, String, long, TimeUnit)","24","15"
"SingleShotResult.java:41 org.openjdk.jmh.results.SingleShotResult.<init>(ResultRole, String, Statistics, String)","24","16"
"SingleShotResult.java:47 org.openjdk.jmh.results.AggregationPolicy.<clinit>()","24","17"
"AggregationPolicy.java:29 org.openjdk.jmh.results.AggregationPolicy.<init>(String, int, String)","24","18"
"AggregationPolicy.java:41","24","19"
"ProvingBenchmark_ProvingVerifyingBenchmark_compute_jmhTest.java:645 eu.prismacloud.primitives.grs.bench.generated.ProvingBenchmark_ProvingVerifyingBenchmark_compute_jmhTest._jmh_tryInit_f_provingverifyingbenchmark0_G(InfraControl)","20","15"
"ProvingBenchmark_ProvingVerifyingBenchmark_compute_jmhTest.java:739 java.lang.Class.getDeclaredField(String)","20","16"
"Class.java:2068 java.lang.Class.privateGetDeclaredFields(boolean)","20","17"
"Class.java:2583 java.lang.Class.getDeclaredFields0(boolean)","20","18"
"Class.java (native) java.lang.ClassLoader.loadClass(String)","20","19"
"ClassLoader.java:357 sun.misc.Launcher$AppClassLoader.loadClass(String, boolean)","20","20"
"Launcher.java:349 java.lang.ClassLoader.loadClass(String, boolean)","20","21"
"ClassLoader.java:424 java.net.URLClassLoader.findClass(String)","20","22"
"URLClassLoader.java:362 java.security.AccessController.doPrivileged(PrivilegedExceptionAction, AccessControlContext)","20","23"
"AccessController.java (native) java.net.URLClassLoader$1.run()","20","24"
"URLClassLoader.java:363 java.net.URLClassLoader$1.run()","20","25"
"URLClassLoader.java:369 java.net.URLClassLoader.access$100(URLClassLoader, String, Resource)","20","26"
"URLClassLoader.java:74 java.net.URLClassLoader.defineClass(String, Resource)","20","27"
"URLClassLoader.java:468 java.security.SecureClassLoader.defineClass(String, byte[], int, int, CodeSource)","20","28"
"SecureClassLoader.java:142 java.lang.ClassLoader.defineClass(String, byte[], int, int, ProtectionDomain)","20","29"
"ClassLoader.java:763 java.lang.ClassLoader.defineClass1(String, byte[], int, int, ProtectionDomain, String)","20","30"
"org.openjdk.jmh.runner.ForkedMain.main(String[])","276","2"
"ForkedMain.java:72 org.openjdk.jmh.runner.link.BinaryLinkClient.<init>(String, int)","112","3"
"BinaryLinkClient.java:74 java.io.ObjectInputStream.<clinit>()","72","4"
"ObjectInputStream.java:3920 java.lang.invoke.MethodHandleNatives.linkCallSite(Object, Object, Object, Object, Object, Object[])","52","5"
"MethodHandleNatives.java:297 java.lang.invoke.MethodHandleNatives.linkCallSiteImpl(Class, MethodHandle, String, MethodType, Object, Object[])","52","6"
"MethodHandleNatives.java:307 java.lang.invoke.CallSite.<clinit>()","36","7"
"CallSite.java:226 java.lang.invoke.MethodHandles$Lookup.findStatic(Class, String, MethodType)","36","8"
"MethodHandles.java:781 java.lang.invoke.MethodHandles$Lookup.getDirectMethod(byte, Class, MemberName, Class)","36","9"
"MethodHandles.java:1605 java.lang.invoke.MethodHandles$Lookup.getDirectMethodCommon(byte, Class, MemberName, boolean, boolean, Class)","36","10"
"MethodHandles.java:1670 java.lang.invoke.MethodHandle.setVarargs(MemberName)","36","11"
"MethodHandle.java:1325 java.lang.invoke.MethodHandleImpl.makeVarargsCollector(MethodHandle, Class)","36","12"
"MethodHandleImpl.java:445 java.lang.invoke.MethodHandleImpl$AsVarargsCollector.<init>(MethodHandle, Class)","36","13"
"MethodHandleImpl.java:454 java.lang.invoke.MethodHandleImpl$AsVarargsCollector.<init>(MethodType, MethodHandle, Class)","36","14"
"MethodHandleImpl.java:460 java.lang.invoke.MethodHandle.asCollector(Class, int)","36","15"
"MethodHandle.java:999 java.lang.invoke.MethodHandleImpl.varargsArray(Class, int)","36","16"
"MethodHandleImpl.java:1623 java.lang.invoke.MethodHandleImpl.varargsArray(int)","36","17"
"MethodHandleImpl.java:1506 java.lang.invoke.MethodHandleImpl$Lazy.<clinit>()","36","18"
"MethodHandleImpl.java:610 java.lang.invoke.MethodHandleImpl.access$000()","36","19"
"MethodHandleImpl.java:49 java.lang.invoke.MethodHandleImpl.makeArrays()","36","20"
"MethodHandleImpl.java:1429 java.lang.invoke.MethodHandleImpl.makeIntrinsic(MethodHandle, MethodHandleImpl$Intrinsic)","20","21"
"MethodHandleImpl.java:1373 java.lang.invoke.MethodHandleImpl$IntrinsicMethodHandle.<init>(MethodHandle, MethodHandleImpl$Intrinsic)","20","22"
"MethodHandleImpl.java:1331 java.lang.invoke.DelegatingMethodHandle.<init>(MethodType, MethodHandle)","20","23"
"DelegatingMethodHandle.java:44 java.lang.invoke.DelegatingMethodHandle.chooseDelegatingForm(MethodHandle)","20","24"
"DelegatingMethodHandle.java:92 java.lang.invoke.DelegatingMethodHandle.makeReinvokerForm(MethodHandle, int, Object, LambdaForm$NamedFunction)","20","25"
"DelegatingMethodHandle.java:106 java.lang.invoke.DelegatingMethodHandle.makeReinvokerForm(MethodHandle, int, Object, String, boolean, LambdaForm$NamedFunction, LambdaForm$NamedFunction)","20","26"
"DelegatingMethodHandle.java:146 java.lang.invoke.LambdaForm$Name.<init>(MethodType, Object[])","20","27"
"LambdaForm.java:1400 java.lang.invoke.LambdaForm$NamedFunction.<init>(MethodType)","20","28"
"LambdaForm.java:1042 java.lang.invoke.Invokers.basicInvoker()","20","29"
"Invokers.java:85 java.lang.invoke.DirectMethodHandle.make(MemberName)","20","30"
"DirectMethodHandle.java:115 java.lang.invoke.DirectMethodHandle.make(Class, MemberName)","20","31"
"DirectMethodHandle.java:110 java.lang.invoke.DirectMethodHandle.make(byte, Class, MemberName)","20","32"
"DirectMethodHandle.java:89 java.lang.invoke.DirectMethodHandle.preparedLambdaForm(MemberName)","20","33"
"DirectMethodHandle.java:183 java.lang.invoke.DirectMethodHandle.preparedLambdaForm(MethodType, int)","20","34"
"DirectMethodHandle.java:194 java.lang.invoke.DirectMethodHandle.makePreparedLambdaForm(MethodType, int)","20","35"
"DirectMethodHandle.java:260 java.lang.invoke.LambdaForm.compileToBytecode()","20","36"
"LambdaForm.java:654 java.lang.invoke.InvokerBytecodeGenerator.generateCustomizedCode(LambdaForm, MethodType)","20","37"
"InvokerBytecodeGenerator.java:618 java.lang.invoke.InvokerBytecodeGenerator.generateCustomizedCodeBytes()","20","38"
"InvokerBytecodeGenerator.java:715 java.lang.invoke.InvokerBytecodeGenerator.emitStaticInvoke(MemberName, LambdaForm$Name)","20","39"
"InvokerBytecodeGenerator.java:845 java.lang.invoke.InvokerBytecodeGenerator.getInternalName(Class)","20","40"
"InvokerBytecodeGenerator.java:605","20","41"
"MethodHandleImpl.java:1427 java.lang.invoke.MethodHandleImpl.findCollector(String, int, Class, Class[])","16","21"
"MethodHandleImpl.java:1387 java.lang.invoke.MethodHandles$Lookup.findStatic(Class, String, MethodType)","16","22"
"MethodHandles.java:780 java.lang.invoke.MethodHandles$Lookup.resolveOrFail(byte, Class, String, MethodType)","16","23"
"MethodHandles.java:1386 java.lang.invoke.MemberName$Factory.resolveOrFail(byte, MemberName, Class, Class)","16","24"
"MemberName.java:1000 java.lang.invoke.MemberName$Factory.resolve(byte, MemberName, Class)","16","25"
"MemberName.java:975 java.lang.invoke.MethodHandleNatives.resolve(MemberName, Class)","16","26"
"MethodHandleNatives.java:307 java.lang.invoke.CallSite.makeSite(MethodHandle, String, MethodType, Object, Class)","16","7"
"CallSite.java:302 java.lang.invoke.LambdaForm$MH.1747585824.invoke_MT(Object, Object, Object, Object, Object, Object, Object, Object)","16","8"
"LambdaForm$MH java.lang.invoke.Invokers.checkGenericType(Object, Object)","16","9"
"Invokers.java:321 java.lang.invoke.MethodHandle.asType(MethodType)","16","10"
"MethodHandle.java:761 java.lang.invoke.MethodHandle.asTypeUncached(MethodType)","16","11"
"MethodHandle.java:776 java.lang.invoke.MethodHandleImpl.makePairwiseConvert(MethodHandle, MethodType, boolean)","16","12"
"MethodHandleImpl.java:380 java.lang.invoke.MethodHandleImpl.makePairwiseConvert(MethodHandle, MethodType, boolean, boolean)","16","13"
"MethodHandleImpl.java:194 java.lang.invoke.MethodHandleImpl.makePairwiseConvertByEditor(MethodHandle, MethodType, boolean, boolean)","16","14"
"MethodHandleImpl.java:221 java.lang.invoke.MethodHandle.bindTo(Object)","16","15"
"MethodHandle.java:1277 java.lang.invoke.MethodHandle.bindArgumentL(int, Object)","16","16"
"MethodHandle.java:1317 java.lang.invoke.BoundMethodHandle.bindArgumentL(int, Object)","16","17"
"BoundMethodHandle.java:99 java.lang.invoke.LambdaFormEditor.bindArgumentL(BoundMethodHandle, int, Object)","16","18"
"LambdaFormEditor.java:403 java.lang.invoke.LambdaFormEditor.bindArgumentForm(int)","16","19"
"LambdaFormEditor.java:459 java.lang.invoke.LambdaFormEditor.newSpeciesData(LambdaForm$BasicType)","16","20"
"LambdaFormEditor.java:396 java.lang.invoke.BoundMethodHandle$SpeciesData.extendWith(LambdaForm$BasicType)","16","21"
"BoundMethodHandle.java:378 java.lang.invoke.BoundMethodHandle$SpeciesData.get(String)","16","22"
"BoundMethodHandle.java:383 java.util.concurrent.ConcurrentHashMap.computeIfAbsent(Object, Function)","16","23"
"ConcurrentHashMap.java:1688 java.lang.invoke.BoundMethodHandle$SpeciesData$1.apply(Object)","16","24"
"BoundMethodHandle.java:383 java.lang.invoke.BoundMethodHandle$SpeciesData$1.apply(String)","16","25"
"BoundMethodHandle.java:386 java.lang.invoke.BoundMethodHandle$Factory.getConcreteBMHClass(String)","16","26"
"BoundMethodHandle.java:488 java.util.concurrent.ConcurrentHashMap.computeIfAbsent(Object, Function)","16","27"
"ConcurrentHashMap.java:1660 java.lang.invoke.BoundMethodHandle$Factory$1.apply(Object)","16","28"
"BoundMethodHandle.java:489 java.lang.invoke.BoundMethodHandle$Factory$1.apply(String)","16","29"
"BoundMethodHandle.java:492 java.lang.invoke.BoundMethodHandle$Factory.generateConcreteBMHClass(String)","16","30"
"BoundMethodHandle.java:696 jdk.internal.org.objectweb.asm.MethodWriter.visitMaxs(int, int)","16","31"
"MethodWriter.java:1471 jdk.internal.org.objectweb.asm.Type.getArgumentTypes(String)","16","32"
"Type.java:369","16","33"
"ObjectInputStream.java:3920 java.lang.invoke.MethodHandleNatives.linkMethodHandleConstant(Class, int, Class, String, Object)","20","5"
"MethodHandleNatives.java:477 java.lang.invoke.MethodHandles$Lookup.linkMethodHandleConstant(byte, Class, String, Object)","20","6"
"MethodHandles.java:1751 java.lang.invoke.MethodHandles$Lookup.getDirectMethodForConstant(byte, Class, MemberName)","20","7"
"MethodHandles.java:1802 java.lang.invoke.MethodHandles$Lookup.getDirectMethodNoSecurityManager(byte, Class, MemberName, Class)","20","8"
"MethodHandles.java:1617 java.lang.invoke.MethodHandles$Lookup.getDirectMethodCommon(byte, Class, MemberName, boolean, boolean, Class)","20","9"
"MethodHandles.java:1660 java.lang.invoke.DirectMethodHandle.make(byte, Class, MemberName)","20","10"
"DirectMethodHandle.java:89 java.lang.invoke.DirectMethodHandle.preparedLambdaForm(MemberName)","20","11"
"DirectMethodHandle.java:183 java.lang.invoke.DirectMethodHandle.preparedLambdaForm(MethodType, int)","20","12"
"DirectMethodHandle.java:194 java.lang.invoke.DirectMethodHandle.makePreparedLambdaForm(MethodType, int)","20","13"
"DirectMethodHandle.java:231 java.lang.invoke.LambdaForm.<clinit>()","20","14"
"LambdaForm.java:1833 java.lang.invoke.LambdaForm.createIdentityForms()","20","15"
"LambdaForm.java:1778 java.lang.invoke.BoundMethodHandle.<clinit>()","20","16"
"BoundMethodHandle.java:830 java.lang.invoke.BoundMethodHandle$SpeciesData.<clinit>()","20","17"
"BoundMethodHandle.java:426 java.lang.invoke.BoundMethodHandle$SpeciesData.initForBootstrap()","20","18"
"BoundMethodHandle.java:361 java.lang.invoke.BoundMethodHandle$Factory.makeCtors(Class, String, MethodHandle[])","20","19"
"BoundMethodHandle.java:763 java.lang.invoke.BoundMethodHandle$Factory.makeCbmhCtor(Class, String)","20","20"
"BoundMethodHandle.java:818 java.lang.invoke.MethodHandles$Lookup.findStatic(Class, String, MethodType)","20","21"
"MethodHandles.java:781 java.lang.invoke.MethodHandles$Lookup.getDirectMethod(byte, Class, MemberName, Class)","20","22"
"MethodHandles.java:1605 java.lang.invoke.MethodHandles$Lookup.getDirectMethodCommon(byte, Class, MemberName, boolean, boolean, Class)","20","23"
"MethodHandles.java:1660 java.lang.invoke.DirectMethodHandle.make(byte, Class, MemberName)","20","24"
"DirectMethodHandle.java:89 java.lang.invoke.DirectMethodHandle.preparedLambdaForm(MemberName)","20","25"
"DirectMethodHandle.java:183 java.lang.invoke.DirectMethodHandle.preparedLambdaForm(MethodType, int)","20","26"
"DirectMethodHandle.java:194 java.lang.invoke.DirectMethodHandle.makePreparedLambdaForm(MethodType, int)","20","27"
"DirectMethodHandle.java:240 java.lang.invoke.DirectMethodHandle$Lazy.<clinit>()","20","28"
"DirectMethodHandle.java:727 java.lang.invoke.LambdaForm$NamedFunction.resolve()","20","29"
"LambdaForm.java:1078 java.lang.invoke.DirectMethodHandle.make(MemberName)","20","30"
"DirectMethodHandle.java:115 java.lang.invoke.DirectMethodHandle.make(Class, MemberName)","20","31"
"DirectMethodHandle.java:110 java.lang.invoke.DirectMethodHandle.make(byte, Class, MemberName)","20","32"
"DirectMethodHandle.java:89 java.lang.invoke.DirectMethodHandle.preparedLambdaForm(MemberName)","20","33"
"DirectMethodHandle.java:183 java.lang.invoke.DirectMethodHandle.preparedLambdaForm(MethodType, int)","20","34"
"DirectMethodHandle.java:194 java.lang.invoke.DirectMethodHandle.makePreparedLambdaForm(MethodType, int)","20","35"
"DirectMethodHandle.java:257 java.lang.invoke.LambdaForm.basicTypeSignature(MethodType)","20","36"
"LambdaForm.java:1339 java.lang.invoke.LambdaForm$BasicType.basicTypeChar(Class)","20","37"
"LambdaForm.java:202 java.lang.invoke.LambdaForm$BasicType.basicType(Class)","20","38"
"LambdaForm.java:197 java.lang.Class.isPrimitive()","20","39"
"BinaryLinkClient.java:76 java.lang.ClassLoader.loadClass(String)","20","4"
"ClassLoader.java:357 sun.misc.Launcher$AppClassLoader.loadClass(String, boolean)","20","5"
"Launcher.java:349 java.lang.ClassLoader.loadClass(String, boolean)","20","6"
"ClassLoader.java:411 java.lang.ClassLoader.loadClass(String, boolean)","20","7"
"ClassLoader.java:424 java.net.URLClassLoader.findClass(String)","20","8"
"URLClassLoader.java:362 java.security.AccessController.doPrivileged(PrivilegedExceptionAction, AccessControlContext)","20","9"
"BinaryLinkClient.java:78 java.lang.reflect.Proxy.newProxyInstance(ClassLoader, Class[], InvocationHandler)","20","4"
"Proxy.java:739 java.lang.reflect.Constructor.newInstance(Object[])","20","5"
"Constructor.java:423 sun.reflect.DelegatingConstructorAccessorImpl.newInstance(Object[])","20","6"
"DelegatingConstructorAccessorImpl.java:45 sun.reflect.NativeConstructorAccessorImpl.newInstance(Object[])","20","7"
"NativeConstructorAccessorImpl.java:62 sun.reflect.NativeConstructorAccessorImpl.newInstance0(Constructor, Object[])","20","8"
"NativeConstructorAccessorImpl.java (native) com.sun.proxy.$Proxy5.<clinit>()","20","9"
"java.lang.Class.forName(String)","20","10"
"Class.java:264 java.lang.Class.forName0(String, boolean, ClassLoader, Class)","20","11"
"Class.java (native) org.openjdk.jmh.infra.BenchmarkParams.<clinit>()","20","12"
"BenchmarkParams.java:59 org.openjdk.jmh.util.Utils.check(Class, String[])","20","13"
"Utils.java:339 org.openjdk.jmh.util.Utils.check(Class, String)","20","14"
"Utils.java:345 org.openjdk.jmh.util.Utils.getOffset(Class, String)","20","15"
"Utils.java:356 java.lang.Class.getDeclaredField(String)","20","16"
"Class.java:2068 java.lang.Class.privateGetDeclaredFields(boolean)","20","17"
"Class.java:2583 java.lang.Class.getDeclaredFields0(boolean)","20","18"
"Class.java (native) java.lang.ClassLoader.loadClass(String)","20","19"
"ClassLoader.java:357 sun.misc.Launcher$AppClassLoader.loadClass(String, boolean)","20","20"
"Launcher.java:349 java.lang.ClassLoader.loadClass(String, boolean)","20","21"
"ClassLoader.java:424 java.net.URLClassLoader.findClass(String)","20","22"
"URLClassLoader.java:362 java.security.AccessController.doPrivileged(PrivilegedExceptionAction, AccessControlContext)","20","23"
"AccessController.java (native) java.net.URLClassLoader$1.run()","20","24"
"URLClassLoader.java:363 java.net.URLClassLoader$1.run()","20","25"
"URLClassLoader.java:369 java.net.URLClassLoader.access$100(URLClassLoader, String, Resource)","20","26"
"URLClassLoader.java:74 java.net.URLClassLoader.defineClass(String, Resource)","20","27"
"URLClassLoader.java:468 java.security.SecureClassLoader.defineClass(String, byte[], int, int, CodeSource)","20","28"
"SecureClassLoader.java:142 java.lang.ClassLoader.defineClass(String, byte[], int, int, ProtectionDomain)","20","29"
"ClassLoader.java:763 java.lang.ClassLoader.defineClass1(String, byte[], int, int, ProtectionDomain, String)","20","30"
"ForkedMain.java:84 org.openjdk.jmh.runner.ForkedRunner.run()","104","3"
"ForkedRunner.java:72 org.openjdk.jmh.runner.BaseRunner.runBenchmarksForked(ActionPlan, IterationResultAcceptor)","64","4"
"BaseRunner.java:76 org.openjdk.jmh.runner.BaseRunner.doSingle(BenchmarkParams, ActionMode, IterationResultAcceptor)","64","5"
"BaseRunner.java:139 org.openjdk.jmh.runner.BaseRunner.runBenchmark(BenchmarkParams, IterationResultAcceptor)","64","6"
"BaseRunner.java:233 org.openjdk.jmh.runner.BenchmarkHandler.<init>(OutputFormat, Options, BenchmarkParams)","64","7"
"BenchmarkHandler.java:70 org.openjdk.jmh.runner.BenchmarkHandler.findBenchmarkMethod(Class, String)","24","8"
"BenchmarkHandler.java:140 org.openjdk.jmh.util.ClassUtils.enumerateMethods(Class)","24","9"
"ClassUtils.java:63 java.lang.Class.getDeclaredMethods()","24","10"
"Class.java:1975 java.lang.Class.privateGetDeclaredMethods(boolean)","24","11"
"Class.java:2701 java.lang.Class.getDeclaredMethods0(boolean)","24","12"
"Class.java (native) java.lang.ClassLoader.loadClass(String)","24","13"
"ClassLoader.java:357 sun.misc.Launcher$AppClassLoader.loadClass(String, boolean)","24","14"
"Launcher.java:349 java.lang.ClassLoader.loadClass(String, boolean)","24","15"
"ClassLoader.java:424 java.net.URLClassLoader.findClass(String)","24","16"
"URLClassLoader.java:362 java.security.AccessController.doPrivileged(PrivilegedExceptionAction, AccessControlContext)","24","17"
"AccessController.java (native) java.net.URLClassLoader$1.run()","24","18"
"URLClassLoader.java:363 java.net.URLClassLoader$1.run()","24","19"
"URLClassLoader.java:369 java.net.URLClassLoader.access$100(URLClassLoader, String, Resource)","24","20"
"URLClassLoader.java:74 java.net.URLClassLoader.defineClass(String, Resource)","24","21"
"URLClassLoader.java:468 java.security.SecureClassLoader.defineClass(String, byte[], int, int, CodeSource)","24","22"
"SecureClassLoader.java:142 java.lang.ClassLoader.defineClass(String, byte[], int, int, ProtectionDomain)","24","23"
"ClassLoader.java:763 java.lang.ClassLoader.defineClass1(String, byte[], int, int, ProtectionDomain, String)","24","24"
"ClassLoader.java (native) java.lang.ClassLoader.loadClass(String)","24","25"
"ClassLoader.java:357 sun.misc.Launcher$AppClassLoader.loadClass(String, boolean)","24","26"
"Launcher.java:349 java.lang.ClassLoader.loadClass(String, boolean)","24","27"
"ClassLoader.java:424 java.net.URLClassLoader.findClass(String)","24","28"
"URLClassLoader.java:362 java.security.AccessController.doPrivileged(PrivilegedExceptionAction, AccessControlContext)","24","29"
"AccessController.java (native) java.net.URLClassLoader$1.run()","24","30"
"URLClassLoader.java:363 java.net.URLClassLoader$1.run()","24","31"
"URLClassLoader.java:369 java.net.URLClassLoader.access$100(URLClassLoader, String, Resource)","24","32"
"URLClassLoader.java:74 java.net.URLClassLoader.defineClass(String, Resource)","24","33"
"URLClassLoader.java:468 java.security.SecureClassLoader.defineClass(String, byte[], int, int, CodeSource)","24","34"
"SecureClassLoader.java:142 java.lang.ClassLoader.defineClass(String, byte[], int, int, ProtectionDomain)","24","35"
"ClassLoader.java:763 java.lang.ClassLoader.defineClass1(String, byte[], int, int, ProtectionDomain, String)","24","36"
"ClassLoader.java (native) java.lang.ClassLoader.loadClass(String)","24","37"
"ClassLoader.java:357 sun.misc.Launcher$AppClassLoader.loadClass(String, boolean)","24","38"
"Launcher.java:349 java.lang.ClassLoader.loadClass(String, boolean)","24","39"
"ClassLoader.java:424 java.net.URLClassLoader.findClass(String)","24","40"
"URLClassLoader.java:362 java.security.AccessController.doPrivileged(PrivilegedExceptionAction, AccessControlContext)","24","41"
"AccessController.java (native) java.net.URLClassLoader$1.run()","24","42"
"URLClassLoader.java:363 java.net.URLClassLoader$1.run()","24","43"
"URLClassLoader.java:366 sun.misc.URLClassPath.getResource(String, boolean)","24","44"
"URLClassPath.java:249 sun.misc.URLClassPath$JarLoader.getResource(String, boolean)","24","45"
"URLClassPath.java:1054 java.util.jar.JarFile.getJarEntry(String)","24","46"
"JarFile.java:223 java.util.jar.JarFile.getEntry(String)","24","47"
"JarFile.java:240 java.util.zip.ZipFile.getEntry(String)","24","48"
"ZipFile.java:326 java.util.zip.ZipFile.getZipEntry(String, long)","24","49"
"ZipFile.java:577 java.util.zip.ZipFile.getEntryBytes(long, int)","24","50"
"BenchmarkHandler.java:71 org.openjdk.jmh.profile.ProfilerFactory.<clinit>()","20","8"
"ProfilerFactory.java:178 java.lang.ClassLoader.loadClass(String)","20","9"
"ClassLoader.java:357 sun.misc.Launcher$AppClassLoader.loadClass(String, boolean)","20","10"
"Launcher.java:349 java.lang.ClassLoader.loadClass(String, boolean)","20","11"
"ClassLoader.java:424 java.net.URLClassLoader.findClass(String)","20","12"
"URLClassLoader.java:362 java.security.AccessController.doPrivileged(PrivilegedExceptionAction, AccessControlContext)","20","13"
"AccessController.java (native) java.net.URLClassLoader$1.run()","20","14"
"URLClassLoader.java:363 java.net.URLClassLoader$1.run()","20","15"
"URLClassLoader.java:369 java.net.URLClassLoader.access$100(URLClassLoader, String, Resource)","20","16"
"URLClassLoader.java:74 java.net.URLClassLoader.defineClass(String, Resource)","20","17"
"URLClassLoader.java:463 sun.misc.Resource.getBytes()","20","18"
"Resource.java:124 java.util.zip.InflaterInputStream.read(byte[], int, int)","20","19"
"InflaterInputStream.java:152 java.util.zip.Inflater.inflate(byte[], int, int)","20","20"
"Inflater.java:259 java.util.zip.Inflater.inflateBytes(long, byte[], int, int)","20","21"
"BenchmarkHandler.java:76 org.openjdk.jmh.runner.BenchmarkHandler.distributeThreads(int, int[])","20","8"
"BenchmarkHandler.java:123 org.openjdk.jmh.infra.ThreadParams.<clinit>()","20","9"
"ThreadParams.java:45 org.openjdk.jmh.util.Utils.check(Class, String[])","20","10"
"Utils.java:339 org.openjdk.jmh.util.Utils.check(Class, String)","20","11"
"Utils.java:346 org.openjdk.jmh.util.Utils.getOffset(Class, String)","20","12"
"Utils.java:356 java.lang.Class.getDeclaredField(String)","20","13"
"Class.java:2070","20","14"
"ForkedRunner.java:47 org.openjdk.jmh.runner.link.BinaryLinkClient.requestPlan()","40","4"
"BinaryLinkClient.java:162 org.openjdk.jmh.runner.link.BinaryLinkClient.readFrame()","40","5"
"BinaryLinkClient.java:122 java.io.ObjectInputStream.readObject()","40","6"
"ObjectInputStream.java:431 java.io.ObjectInputStream.readObject0(boolean)","40","7"
"ObjectInputStream.java:1573 java.io.ObjectInputStream.readOrdinaryObject(boolean)","40","8"
"ObjectInputStream.java:2069 java.io.ObjectInputStream.readSerialData(Object, ObjectStreamClass)","40","9"
"ObjectInputStream.java:2211 java.io.ObjectInputStream.defaultReadFields(Object, ObjectStreamClass)","40","10"
"ObjectInputStream.java:2287 java.io.ObjectInputStream.readObject0(boolean)","40","11"
"ObjectInputStream.java:1573 java.io.ObjectInputStream.readOrdinaryObject(boolean)","40","12"
"ObjectInputStream.java:2069 java.io.ObjectInputStream.readSerialData(Object, ObjectStreamClass)","40","13"
"ObjectInputStream.java:2211 java.io.ObjectInputStream.defaultReadFields(Object, ObjectStreamClass)","40","14"
"ObjectInputStream.java:2287 java.io.ObjectInputStream.readObject0(boolean)","40","15"
"ObjectInputStream.java:1573 java.io.ObjectInputStream.readOrdinaryObject(boolean)","40","16"
"ObjectInputStream.java:2069 java.io.ObjectInputStream.readSerialData(Object, ObjectStreamClass)","40","17"
"ObjectInputStream.java:2178 java.io.ObjectStreamClass.invokeReadObject(Object, ObjectInputStream)","40","18"
"ObjectStreamClass.java:1170 java.lang.reflect.Method.invoke(Object, Object[])","40","19"
"Method.java:498 sun.reflect.DelegatingMethodAccessorImpl.invoke(Object, Object[])","40","20"
"DelegatingMethodAccessorImpl.java:43 sun.reflect.NativeMethodAccessorImpl.invoke(Object, Object[])","40","21"
"NativeMethodAccessorImpl.java:62 sun.reflect.NativeMethodAccessorImpl.invoke0(Method, Object, Object[])","40","22"
"NativeMethodAccessorImpl.java (native) java.util.ArrayList.readObject(ObjectInputStream)","40","23"
"ArrayList.java:797 java.io.ObjectInputStream.readObject()","40","24"
"ObjectInputStream.java:431 java.io.ObjectInputStream.readObject0(boolean)","40","25"
"ObjectInputStream.java:1573 java.io.ObjectInputStream.readOrdinaryObject(boolean)","40","26"
"ObjectInputStream.java:2069 java.io.ObjectInputStream.readSerialData(Object, ObjectStreamClass)","40","27"
"ObjectInputStream.java:2211 java.io.ObjectInputStream.defaultReadFields(Object, ObjectStreamClass)","40","28"
"ObjectInputStream.java:2287 java.io.ObjectInputStream.readObject0(boolean)","40","29"
"ObjectInputStream.java:1573 java.io.ObjectInputStream.readOrdinaryObject(boolean)","40","30"
"ObjectInputStream.java:2042 java.io.ObjectInputStream.readClassDesc(boolean)","20","31"
"ObjectInputStream.java:1751 java.io.ObjectInputStream.readNonProxyDesc(boolean)","20","32"
"ObjectInputStream.java:1885 java.io.ObjectInputStream.readClassDesc(boolean)","20","33"
"ObjectInputStream.java:1751 java.io.ObjectInputStream.readNonProxyDesc(boolean)","20","34"
"ObjectInputStream.java:1885 java.io.ObjectStreamClass.initNonProxy(ObjectStreamClass, Class, ClassNotFoundException, ObjectStreamClass)","20","35"
"ObjectStreamClass.java:681 java.io.ObjectStreamClass.lookup(Class, boolean)","20","36"
"ObjectStreamClass.java:391 java.io.ObjectStreamClass.<init>(Class)","20","37"
"ObjectStreamClass.java:494 java.security.AccessController.doPrivileged(PrivilegedAction)","20","38"
"AccessController.java (native) java.io.ObjectStreamClass$3.run()","20","39"
"ObjectStreamClass.java:494 java.io.ObjectStreamClass$3.run()","20","40"
"ObjectStreamClass.java:508 java.io.ObjectStreamClass.access$800(Class)","20","41"
"ObjectStreamClass.java:79 java.io.ObjectStreamClass.getSerialFields(Class)","20","42"
"ObjectStreamClass.java:1758 java.io.ObjectStreamClass.getDeclaredSerialFields(Class)","20","43"
"ObjectStreamClass.java:1784 java.lang.Class.getDeclaredField(String)","20","44"
"Class.java:2070","20","45"
"ObjectInputStream.java:2069 java.io.ObjectInputStream.readSerialData(Object, ObjectStreamClass)","20","31"
"ObjectInputStream.java:2211 java.io.ObjectInputStream.defaultReadFields(Object, ObjectStreamClass)","20","32"
"ObjectInputStream.java:2287 java.io.ObjectInputStream.readObject0(boolean)","20","33"
"ObjectInputStream.java:1573 java.io.ObjectInputStream.readOrdinaryObject(boolean)","20","34"
"ObjectInputStream.java:2042 java.io.ObjectInputStream.readClassDesc(boolean)","20","35"
"ObjectInputStream.java:1751 java.io.ObjectInputStream.readNonProxyDesc(boolean)","20","36"
"ObjectInputStream.java:1885 java.io.ObjectStreamClass.initNonProxy(ObjectStreamClass, Class, ClassNotFoundException, ObjectStreamClass)","20","37"
"ObjectStreamClass.java:681 java.io.ObjectStreamClass.lookup(Class, boolean)","20","38"
"ObjectStreamClass.java:391 java.io.ObjectStreamClass.<init>(Class)","20","39"
"ObjectStreamClass.java:494 java.security.AccessController.doPrivileged(PrivilegedAction)","20","40"
"AccessController.java (native) java.io.ObjectStreamClass$3.run()","20","41"
"ObjectStreamClass.java:494 java.io.ObjectStreamClass$3.run()","20","42"
"ObjectStreamClass.java:520 java.io.ObjectStreamClass.access$1700(Class, String, Class[], Class)","20","43"
"ObjectStreamClass.java:79 java.io.ObjectStreamClass.getPrivateMethod(Class, String, Class[], Class)","20","44"
"ObjectStreamClass.java:1629 java.lang.Class.getDeclaredMethod(String, Class[])","20","45"
"Class.java:2130","20","46"
"ForkedMain.java:75 org.openjdk.jmh.runner.link.BinaryLinkClient.handshake()","60","3"
"BinaryLinkClient.java:149 org.openjdk.jmh.runner.link.BinaryLinkClient.readFrame()","60","4"
"BinaryLinkClient.java:122 java.io.ObjectInputStream.readObject()","60","5"
"ObjectInputStream.java:431 java.io.ObjectInputStream.readObject0(boolean)","60","6"
"ObjectInputStream.java:1573 java.io.ObjectInputStream.readOrdinaryObject(boolean)","60","7"
"ObjectInputStream.java:2069 java.io.ObjectInputStream.readSerialData(Object, ObjectStreamClass)","40","8"
"ObjectInputStream.java:2211 java.io.ObjectInputStream.defaultReadFields(Object, ObjectStreamClass)","40","9"
"ObjectInputStream.java:2287 java.io.ObjectInputStream.readObject0(boolean)","40","10"
"ObjectInputStream.java:1573 java.io.ObjectInputStream.readOrdinaryObject(boolean)","40","11"
"ObjectInputStream.java:2069 java.io.ObjectInputStream.readSerialData(Object, ObjectStreamClass)","40","12"
"ObjectInputStream.java:2211 java.io.ObjectInputStream.defaultReadFields(Object, ObjectStreamClass)","40","13"
"ObjectInputStream.java:2287 java.io.ObjectInputStream.readObject0(boolean)","40","14"
"ObjectInputStream.java:1573 java.io.ObjectInputStream.readOrdinaryObject(boolean)","40","15"
"ObjectInputStream.java:2042 java.io.ObjectInputStream.readClassDesc(boolean)","20","16"
"ObjectInputStream.java:1751 java.io.ObjectInputStream.readNonProxyDesc(boolean)","20","17"
"ObjectInputStream.java:1885 java.io.ObjectInputStream.readClassDesc(boolean)","20","18"
"ObjectInputStream.java:1751 java.io.ObjectInputStream.readNonProxyDesc(boolean)","20","19"
"ObjectInputStream.java:1885 java.io.ObjectStreamClass.initNonProxy(ObjectStreamClass, Class, ClassNotFoundException, ObjectStreamClass)","20","20"
"ObjectStreamClass.java:681 java.io.ObjectStreamClass.lookup(Class, boolean)","20","21"
"ObjectStreamClass.java:391 java.io.ObjectStreamClass.<init>(Class)","20","22"
"ObjectStreamClass.java:544 java.io.ObjectStreamClass.getReflector(ObjectStreamField[], ObjectStreamClass)","20","23"
"ObjectStreamClass.java:2317 java.io.ObjectStreamClass$FieldReflectorKey.<init>(Class, ObjectStreamField[], ReferenceQueue)","20","24"
"ObjectStreamClass.java:2389 java.lang.System.identityHashCode(Object)","20","25"
"ObjectInputStream.java:2069 java.io.ObjectInputStream.readSerialData(Object, ObjectStreamClass)","20","16"
"ObjectInputStream.java:2178 java.io.ObjectStreamClass.invokeReadObject(Object, ObjectInputStream)","20","17"
"ObjectStreamClass.java:1170 java.lang.reflect.Method.invoke(Object, Object[])","20","18"
"Method.java:498 sun.reflect.DelegatingMethodAccessorImpl.invoke(Object, Object[])","20","19"
"DelegatingMethodAccessorImpl.java:43 sun.reflect.NativeMethodAccessorImpl.invoke(Object, Object[])","20","20"
"NativeMethodAccessorImpl.java:62 sun.reflect.NativeMethodAccessorImpl.invoke0(Method, Object, Object[])","20","21"
"NativeMethodAccessorImpl.java (native) java.util.ArrayList.readObject(ObjectInputStream)","20","22"
"ArrayList.java:797 java.io.ObjectInputStream.readObject()","20","23"
"ObjectInputStream.java:431 java.io.ObjectInputStream.readObject0(boolean)","20","24"
"ObjectInputStream.java:1573 java.io.ObjectInputStream.readOrdinaryObject(boolean)","20","25"
"ObjectInputStream.java:2042 java.io.ObjectInputStream.readClassDesc(boolean)","20","26"
"ObjectInputStream.java:1751 java.io.ObjectInputStream.readNonProxyDesc(boolean)","20","27"
"ObjectInputStream.java:1885 java.io.ObjectStreamClass.initNonProxy(ObjectStreamClass, Class, ClassNotFoundException, ObjectStreamClass)","20","28"
"ObjectStreamClass.java:694 java.io.ObjectStreamClass.getSerialVersionUID()","20","29"
"ObjectStreamClass.java:272 java.security.AccessController.doPrivileged(PrivilegedAction)","20","30"
"AccessController.java (native) java.io.ObjectStreamClass$2.run()","20","31"
"ObjectStreamClass.java:273 java.io.ObjectStreamClass$2.run()","20","32"
"ObjectStreamClass.java:275 java.io.ObjectStreamClass.access$100(Class)","20","33"
"ObjectStreamClass.java:79 java.io.ObjectStreamClass.computeDefaultSUID(Class)","20","34"
"ObjectStreamClass.java:2001 java.security.MessageDigest.digest(byte[])","20","35"
"MessageDigest.java:410 java.security.MessageDigest.update(byte[])","20","36"
"MessageDigest.java:335 java.security.MessageDigest$Delegate.engineUpdate(byte[], int, int)","20","37"
"MessageDigest.java:584 sun.security.provider.DigestBase.engineUpdate(byte[], int, int)","20","38"
"DigestBase.java:128 sun.security.provider.DigestBase.implCompressMultiBlock(byte[], int, int)","20","39"
"DigestBase.java:141 sun.security.provider.SHA.implCompress(byte[], int)","20","40"
"SHA.java:126","20","41"
"ObjectInputStream.java:2042 java.io.ObjectInputStream.readClassDesc(boolean)","20","8"
"ObjectInputStream.java:1751 java.io.ObjectInputStream.readNonProxyDesc(boolean)","20","9"
"ObjectInputStream.java:1885 java.io.ObjectStreamClass.initNonProxy(ObjectStreamClass, Class, ClassNotFoundException, ObjectStreamClass)","20","10"
"ObjectStreamClass.java:681 java.io.ObjectStreamClass.lookup(Class, boolean)","20","11"
"ObjectStreamClass.java:391 java.io.ObjectStreamClass.<init>(Class)","20","12"
"ObjectStreamClass.java:494 java.security.AccessController.doPrivileged(PrivilegedAction)","20","13"
"AccessController.java (native) java.io.ObjectStreamClass$3.run()","20","14"
"ObjectStreamClass.java:494 java.io.ObjectStreamClass$3.run()","20","15"
"ObjectStreamClass.java:506 java.io.ObjectStreamClass.access$700(Class)","20","16"
"ObjectStreamClass.java:79 java.io.ObjectStreamClass.getDeclaredSUID(Class)","20","17"
"ObjectStreamClass.java:1857 java.lang.Class.getDeclaredField(String)","20","18"
"Class.java:2068 java.lang.Class.privateGetDeclaredFields(boolean)","20","19"
"Class.java:2583 java.lang.Class.getDeclaredFields0(boolean)","20","20"
"Class.java (native) java.lang.ClassLoader.loadClass(String)","20","21"
"ClassLoader.java:357 sun.misc.Launcher$AppClassLoader.loadClass(String, boolean)","20","22"
"Launcher.java:349 java.lang.ClassLoader.loadClass(String, boolean)","20","23"
"ClassLoader.java:406 java.lang.ClassLoader.findLoadedClass(String)","20","24"
"ClassLoader.java:1038 java.lang.ClassLoader.findLoadedClass0(String)","20","25"
