"Call Tree","Time (ms)","Level"
"eu.prismacloud.primitives.grs.bench.ProvingBenchmark.ProvingVerifyingBenchmark.compute-jmh-worker-1 Group: 'main' Native ID: 8135","972","1"
"java.lang.Thread.run()","972","2"
"Thread.java:748 java.util.concurrent.ThreadPoolExecutor$Worker.run()","972","3"
"ThreadPoolExecutor.java:624 java.util.concurrent.ThreadPoolExecutor.runWorker(ThreadPoolExecutor$Worker)","972","4"
"ThreadPoolExecutor.java:1149 java.util.concurrent.FutureTask.run()","972","5"
"FutureTask.java:266 java.util.concurrent.Executors$RunnableAdapter.call()","972","6"
"Executors.java:511 java.util.concurrent.FutureTask.run()","972","7"
"FutureTask.java:266 org.openjdk.jmh.runner.BenchmarkHandler$BenchmarkTask.call()","972","8"
"BenchmarkHandler.java:437 org.openjdk.jmh.runner.BenchmarkHandler$BenchmarkTask.call()","972","9"
"BenchmarkHandler.java:453 java.lang.reflect.Method.invoke(Object, Object[])","972","10"
"Method.java:498 sun.reflect.DelegatingMethodAccessorImpl.invoke(Object, Object[])","972","11"
"DelegatingMethodAccessorImpl.java:43 sun.reflect.NativeMethodAccessorImpl.invoke(Object, Object[])","972","12"
"NativeMethodAccessorImpl.java:62 sun.reflect.NativeMethodAccessorImpl.invoke0(Method, Object, Object[])","972","13"
"NativeMethodAccessorImpl.java (native) eu.prismacloud.primitives.grs.bench.generated.ProvingBenchmark_ProvingVerifyingBenchmark_compute_jmhTest.compute_SingleShotTime(InfraControl, ThreadParams)","972","14"
"ProvingBenchmark_ProvingVerifyingBenchmark_compute_jmhTest.java:653 eu.prismacloud.primitives.grs.bench.generated.ProvingBenchmark_ProvingVerifyingBenchmark_compute_jmhTest.compute_ss_jmhStub(InfraControl, RawResults, BenchmarkParams, IterationParams, ThreadParams, Blackhole, Control, int, int, ProvingBenchmark_ProvingVerifyingBenchmark_jmhType)","940","15"
"ProvingBenchmark_ProvingVerifyingBenchmark_compute_jmhTest.java:696 eu.prismacloud.primitives.grs.bench.ProvingBenchmark$ProvingVerifyingBenchmark.compute(ProvingBenchmark$ProvingVerifyingBenchmark)","564","16"
"ProvingBenchmark.java:219 eu.prismacloud.primitives.zkpgs.orchestrator.ProverOrchestrator.executePreChallengePhase()","180","17"
"ProverOrchestrator.java:227 eu.prismacloud.primitives.zkpgs.orchestrator.ProverOrchestrator.computeTildeZ()","108","18"
"ProverOrchestrator.java:464 eu.prismacloud.primitives.zkpgs.prover.PossessionProver.executeCompoundPreChallengePhase()","104","19"
"PossessionProver.java:104 eu.prismacloud.primitives.zkpgs.prover.PossessionProver.executePreChallengePhase()","104","20"
"PossessionProver.java:116 eu.prismacloud.primitives.zkpgs.prover.PossessionProver.computetildeZ()","76","21"
"PossessionProver.java:203 eu.prismacloud.primitives.zkpgs.util.crypto.QRElement.modPow(BigInteger)","44","22"
"QRElement.java:15 eu.prismacloud.primitives.zkpgs.util.crypto.QRElement.modPow(BigInteger)","44","23"
"QRElement.java:108 java.math.BigInteger.modPow(BigInteger, BigInteger)","44","24"
"BigInteger.java:2603 java.math.BigInteger.oddModPow(BigInteger, BigInteger)","44","25"
"BigInteger.java:2940","20","26"
"BigInteger.java:2928","12","26"
"BigInteger.java:2924 java.lang.Object.clone()","8","26"
"BigInteger.java:2830 java.math.BigInteger.leftShift(int[], int, int)","4","26"
"BigInteger.java:2469 java.lang.System.arraycopy(Object, int, Object, int, int)","4","27"
"PossessionProver.java:178 eu.prismacloud.primitives.zkpgs.store.ProofStore.retrieve(String)","12","22"
"ProofStore.java:94 eu.prismacloud.primitives.zkpgs.store.ProofStore.get(URN)","8","23"
"ProofStore.java:116 java.util.HashMap.get(Object)","8","24"
"HashMap.java:557 java.util.HashMap.getNode(int, Object)","8","25"
"HashMap.java:579 eu.prismacloud.primitives.zkpgs.store.URN.equals(Object)","8","26"
"URN.java:252 java.lang.Object.getClass()","8","27"
"ProofStore.java:94 eu.prismacloud.primitives.zkpgs.store.URN.createURN(String, String)","4","23"
"URN.java:161 eu.prismacloud.primitives.zkpgs.store.URN.<init>(NamespaceComponent, NamespaceComponent, boolean)","4","24"
"URN.java:39 eu.prismacloud.primitives.zkpgs.store.URNType.parseURNType(String)","4","25"
"URNType.java:708 eu.prismacloud.primitives.zkpgs.store.URNType.parseURNSuffix(String)","4","26"
"URNType.java:721","4","27"
"PossessionProver.java:187 eu.prismacloud.primitives.zkpgs.util.crypto.QRElement.modPow(BigInteger)","12","22"
"QRElement.java:15 eu.prismacloud.primitives.zkpgs.util.crypto.QRElement.modPow(BigInteger)","12","23"
"QRElement.java:108 java.math.BigInteger.modPow(BigInteger, BigInteger)","12","24"
"BigInteger.java:2603 java.math.BigInteger.oddModPow(BigInteger, BigInteger)","12","25"
"BigInteger.java:2940","8","26"
"BigInteger.java:2938","4","26"
"PossessionProver.java:194 eu.prismacloud.primitives.zkpgs.store.ProofStore.retrieve(String)","4","22"
"ProofStore.java:94 eu.prismacloud.primitives.zkpgs.store.URN.createURN(String, String)","4","23"
"URN.java:161 eu.prismacloud.primitives.zkpgs.store.URN.<init>(NamespaceComponent, NamespaceComponent, boolean)","4","24"
"URN.java:39 eu.prismacloud.primitives.zkpgs.store.URNType.parseURNType(String)","4","25"
"URNType.java:708 eu.prismacloud.primitives.zkpgs.store.URNType.parseURNSuffix(String)","4","26"
"URNType.java:723 java.lang.String.matches(String)","4","27"
"String.java:2121 java.util.regex.Pattern.matches(String, CharSequence)","4","28"
"Pattern.java:1133 java.util.regex.Pattern.compile(String)","4","29"
"Pattern.java:1028 java.util.regex.Pattern.<init>(String, int)","4","30"
"Pattern.java:1351 java.util.regex.Pattern.compile()","4","31"
"Pattern.java:1718 java.util.regex.Pattern$Start.<init>(Pattern$Node)","4","32"
"Pattern.java:3453 java.util.regex.Pattern$CharProperty.study(Pattern$TreeInfo)","4","33"
"Pattern.java:3788 java.util.regex.Pattern$Curly.study(Pattern$TreeInfo)","4","34"
"Pattern.java:4345 java.util.regex.Pattern$Node.study(Pattern$TreeInfo)","4","35"
"Pattern.java:3419 java.util.regex.Pattern$Node.study(Pattern$TreeInfo)","4","36"
"Pattern.java:3419 java.util.regex.Pattern$Node.study(Pattern$TreeInfo)","4","37"
"Pattern.java:3418","4","38"
"PossessionProver.java:195 eu.prismacloud.primitives.zkpgs.store.URNType.buildURNComponent(URNType, Class, int)","4","22"
"URNType.java:634 eu.prismacloud.primitives.zkpgs.store.URNType.isURNGoverner(Class)","4","23"
"URNType.java:650 java.lang.Class.getInterfaces()","4","24"
"Class.java:856 java.lang.Object.clone()","4","25"
"PossessionProver.java:115 eu.prismacloud.primitives.zkpgs.prover.PossessionProver.createWitnessRandomness()","28","21"
"PossessionProver.java:153 eu.prismacloud.primitives.zkpgs.store.ProofStore.store(String, Object)","20","22"
"ProofStore.java:71 eu.prismacloud.primitives.zkpgs.store.URN.createURN(String, String)","20","23"
"URN.java:161 eu.prismacloud.primitives.zkpgs.store.URN.<init>(NamespaceComponent, NamespaceComponent, boolean)","16","24"
"URN.java:39 eu.prismacloud.primitives.zkpgs.store.URNType.parseURNType(String)","16","25"
"URNType.java:708 eu.prismacloud.primitives.zkpgs.store.URNType.parseURNSuffix(String)","16","26"
"URNType.java:723 java.lang.String.matches(String)","16","27"
"String.java:2121 java.util.regex.Pattern.matches(String, CharSequence)","16","28"
"Pattern.java:1133 java.util.regex.Pattern.compile(String)","16","29"
"Pattern.java:1028 java.util.regex.Pattern.<init>(String, int)","16","30"
"Pattern.java:1351 java.util.regex.Pattern.compile()","16","31"
"Pattern.java:1698 java.util.regex.Pattern.expr(Pattern$Node)","8","32"
"Pattern.java:1998 java.util.regex.Pattern.sequence(Pattern$Node)","8","33"
"Pattern.java:2081 java.util.regex.Pattern.atom()","4","34"
"Pattern.java:2200 java.util.regex.Pattern.escape(boolean, boolean, boolean)","4","35"
"Pattern.java:2393 java.util.regex.Pattern$Ctype.<init>(int)","4","36"
"Pattern.java:3912 java.util.regex.Pattern$BmpCharProperty.<init>(Pattern$1)","4","37"
"Pattern.java:3796 java.util.regex.Pattern$BmpCharProperty.<init>()","4","38"
"Pattern.java:3796 java.util.regex.Pattern$CharProperty.<init>(Pattern$1)","4","39"
"Pattern.java:3768 java.util.regex.Pattern$CharProperty.<init>()","4","40"
"Pattern.java:3768","4","41"
"Pattern.java:2048","4","34"
"Pattern.java:1685 java.util.regex.Pattern.RemoveQEQuoting()","8","32"
"Pattern.java:1592","8","33"
"URN.java:159 eu.prismacloud.primitives.zkpgs.util.NamespaceComponent.fromString(String, NamespaceComponent$Type)","4","24"
"NamespaceComponent.java:48 eu.prismacloud.primitives.zkpgs.util.NamespaceComponent.validate(String, NamespaceComponent$Type)","4","25"
"NamespaceComponent.java:62 eu.prismacloud.primitives.zkpgs.util.NamespaceComponent.validateNSS(String)","4","26"
"NamespaceComponent.java:75 java.util.regex.Matcher.matches()","4","27"
"Matcher.java:604 java.util.regex.Matcher.match(int, int)","4","28"
"Matcher.java:1270 java.util.regex.Pattern$Begin.match(Matcher, int, CharSequence)","4","29"
"Pattern.java:3527 java.util.regex.Pattern$Prolog.match(Matcher, int, CharSequence)","4","30"
"Pattern.java:4743 java.util.regex.Pattern$Loop.matchInit(Matcher, int, CharSequence)","4","31"
"Pattern.java:4803 java.util.regex.Pattern$GroupHead.match(Matcher, int, CharSequence)","4","32"
"Pattern.java:4660 java.util.regex.Pattern$Branch.match(Matcher, int, CharSequence)","4","33"
"Pattern.java:4606 java.util.regex.Pattern$CharProperty.match(Matcher, int, CharSequence)","4","34"
"Pattern.java:3779 java.util.regex.Pattern$BranchConn.match(Matcher, int, CharSequence)","4","35"
"Pattern.java:4570 java.util.regex.Pattern$GroupTail.match(Matcher, int, CharSequence)","4","36"
"Pattern.java:4719 java.util.regex.Pattern$Loop.match(Matcher, int, CharSequence)","4","37"
"Pattern.java:4787 java.util.regex.Pattern$GroupHead.match(Matcher, int, CharSequence)","4","38"
"Pattern.java:4660 java.util.regex.Pattern$Branch.match(Matcher, int, CharSequence)","4","39"
"Pattern.java:4606 java.util.regex.Pattern$CharProperty.match(Matcher, int, CharSequence)","4","40"
"Pattern.java:3779 java.util.regex.Pattern$BranchConn.match(Matcher, int, CharSequence)","4","41"
"Pattern.java:4570 java.util.regex.Pattern$GroupTail.match(Matcher, int, CharSequence)","4","42"
"Pattern.java:4719 java.util.regex.Pattern$Loop.match(Matcher, int, CharSequence)","4","43"
"Pattern.java:4787 java.util.regex.Pattern$GroupHead.match(Matcher, int, CharSequence)","4","44"
"Pattern.java:4660 java.util.regex.Pattern$Branch.match(Matcher, int, CharSequence)","4","45"
"Pattern.java:4606 java.util.regex.Pattern$CharProperty.match(Matcher, int, CharSequence)","4","46"
"Pattern.java:3779 java.util.regex.Pattern$BranchConn.match(Matcher, int, CharSequence)","4","47"
"Pattern.java:4570 java.util.regex.Pattern$GroupTail.match(Matcher, int, CharSequence)","4","48"
"Pattern.java:4719 java.util.regex.Pattern$Loop.match(Matcher, int, CharSequence)","4","49"
"Pattern.java:4787 java.util.regex.Pattern$GroupHead.match(Matcher, int, CharSequence)","4","50"
"Pattern.java:4660 java.util.regex.Pattern$Branch.match(Matcher, int, CharSequence)","4","51"
"Pattern.java:4606 java.util.regex.Pattern$CharProperty.match(Matcher, int, CharSequence)","4","52"
"Pattern.java:3779 java.util.regex.Pattern$BranchConn.match(Matcher, int, CharSequence)","4","53"
"Pattern.java:4570 java.util.regex.Pattern$GroupTail.match(Matcher, int, CharSequence)","4","54"
"Pattern.java:4719 java.util.regex.Pattern$Loop.match(Matcher, int, CharSequence)","4","55"
"Pattern.java:4787 java.util.regex.Pattern$GroupHead.match(Matcher, int, CharSequence)","4","56"
"Pattern.java:4660 java.util.regex.Pattern$Branch.match(Matcher, int, CharSequence)","4","57"
"Pattern.java:4606 java.util.regex.Pattern$CharProperty.match(Matcher, int, CharSequence)","4","58"
"Pattern.java:3779 java.util.regex.Pattern$BranchConn.match(Matcher, int, CharSequence)","4","59"
"Pattern.java:4570 java.util.regex.Pattern$GroupTail.match(Matcher, int, CharSequence)","4","60"
"Pattern.java:4719 java.util.regex.Pattern$Loop.match(Matcher, int, CharSequence)","4","61"
"Pattern.java:4787 java.util.regex.Pattern$GroupHead.match(Matcher, int, CharSequence)","4","62"
"Pattern.java:4660 java.util.regex.Pattern$Branch.match(Matcher, int, CharSequence)","4","63"
"Pattern.java:4606 java.util.regex.Pattern$CharProperty.match(Matcher, int, CharSequence)","4","64"
"Pattern.java:3779 java.util.regex.Pattern$BranchConn.match(Matcher, int, CharSequence)","4","65"
"Pattern.java:4570 java.util.regex.Pattern$GroupTail.match(Matcher, int, CharSequence)","4","66"
"Pattern.java:4719 java.util.regex.Pattern$Loop.match(Matcher, int, CharSequence)","4","67"
"Pattern.java:4787 java.util.regex.Pattern$GroupHead.match(Matcher, int, CharSequence)","4","68"
"Pattern.java:4660 java.util.regex.Pattern$Branch.match(Matcher, int, CharSequence)","4","69"
"Pattern.java:4606 java.util.regex.Pattern$CharProperty.match(Matcher, int, CharSequence)","4","70"
"Pattern.java:3779 java.util.regex.Pattern$BranchConn.match(Matcher, int, CharSequence)","4","71"
"Pattern.java:4570 java.util.regex.Pattern$GroupTail.match(Matcher, int, CharSequence)","4","72"
"Pattern.java:4719 java.util.regex.Pattern$Loop.match(Matcher, int, CharSequence)","4","73"
"Pattern.java:4787 java.util.regex.Pattern$GroupHead.match(Matcher, int, CharSequence)","4","74"
"Pattern.java:4660 java.util.regex.Pattern$Branch.match(Matcher, int, CharSequence)","4","75"
"Pattern.java:4606 java.util.regex.Pattern$CharProperty.match(Matcher, int, CharSequence)","4","76"
"Pattern.java:3779 java.util.regex.Pattern$BranchConn.match(Matcher, int, CharSequence)","4","77"
"Pattern.java:4570 java.util.regex.Pattern$GroupTail.match(Matcher, int, CharSequence)","4","78"
"Pattern.java:4719 java.util.regex.Pattern$Loop.match(Matcher, int, CharSequence)","4","79"
"Pattern.java:4787 java.util.regex.Pattern$GroupHead.match(Matcher, int, CharSequence)","4","80"
"Pattern.java:4660 java.util.regex.Pattern$Branch.match(Matcher, int, CharSequence)","4","81"
"Pattern.java:4606 java.util.regex.Pattern$CharProperty.match(Matcher, int, CharSequence)","4","82"
"Pattern.java:3779 java.util.regex.Pattern$BranchConn.match(Matcher, int, CharSequence)","4","83"
"Pattern.java:4570 java.util.regex.Pattern$GroupTail.match(Matcher, int, CharSequence)","4","84"
"Pattern.java:4719 java.util.regex.Pattern$Loop.match(Matcher, int, CharSequence)","4","85"
"Pattern.java:4787 java.util.regex.Pattern$GroupHead.match(Matcher, int, CharSequence)","4","86"
"Pattern.java:4660 java.util.regex.Pattern$Branch.match(Matcher, int, CharSequence)","4","87"
"Pattern.java:4606 java.util.regex.Pattern$CharProperty.match(Matcher, int, CharSequence)","4","88"
"Pattern.java:3779 java.util.regex.Pattern$BranchConn.match(Matcher, int, CharSequence)","4","89"
"Pattern.java:4570 java.util.regex.Pattern$GroupTail.match(Matcher, int, CharSequence)","4","90"
"Pattern.java:4719 java.util.regex.Pattern$Loop.match(Matcher, int, CharSequence)","4","91"
"Pattern.java:4787 java.util.regex.Pattern$GroupHead.match(Matcher, int, CharSequence)","4","92"
"Pattern.java:4660 java.util.regex.Pattern$Branch.match(Matcher, int, CharSequence)","4","93"
"Pattern.java:4606 java.util.regex.Pattern$CharProperty.match(Matcher, int, CharSequence)","4","94"
"Pattern.java:3779 java.util.regex.Pattern$BranchConn.match(Matcher, int, CharSequence)","4","95"
"Pattern.java:4570 java.util.regex.Pattern$GroupTail.match(Matcher, int, CharSequence)","4","96"
"Pattern.java:4719 java.util.regex.Pattern$Loop.match(Matcher, int, CharSequence)","4","97"
"Pattern.java:4787 java.util.regex.Pattern$GroupHead.match(Matcher, int, CharSequence)","4","98"
"Pattern.java:4660 java.util.regex.Pattern$Branch.match(Matcher, int, CharSequence)","4","99"
"Pattern.java:4606 java.util.regex.Pattern$CharProperty.match(Matcher, int, CharSequence)","4","100"
"Pattern.java:3779 java.util.regex.Pattern$BranchConn.match(Matcher, int, CharSequence)","4","101"
"Pattern.java:4570 java.util.regex.Pattern$GroupTail.match(Matcher, int, CharSequence)","4","102"
"Pattern.java:4719 java.util.regex.Pattern$Loop.match(Matcher, int, CharSequence)","4","103"
"Pattern.java:4787 java.util.regex.Pattern$GroupHead.match(Matcher, int, CharSequence)","4","104"
"Pattern.java:4660 java.util.regex.Pattern$Branch.match(Matcher, int, CharSequence)","4","105"
"Pattern.java:4606 java.util.regex.Pattern$CharProperty.match(Matcher, int, CharSequence)","4","106"
"Pattern.java:3779 java.util.regex.Pattern$BranchConn.match(Matcher, int, CharSequence)","4","107"
"Pattern.java:4570 java.util.regex.Pattern$GroupTail.match(Matcher, int, CharSequence)","4","108"
"Pattern.java:4719 java.util.regex.Pattern$Loop.match(Matcher, int, CharSequence)","4","109"
"Pattern.java:4787 java.util.regex.Pattern$GroupHead.match(Matcher, int, CharSequence)","4","110"
"Pattern.java:4660 java.util.regex.Pattern$Branch.match(Matcher, int, CharSequence)","4","111"
"Pattern.java:4606 java.util.regex.Pattern$CharProperty.match(Matcher, int, CharSequence)","4","112"
"Pattern.java:3779 java.util.regex.Pattern$BranchConn.match(Matcher, int, CharSequence)","4","113"
"Pattern.java:4570 java.util.regex.Pattern$GroupTail.match(Matcher, int, CharSequence)","4","114"
"Pattern.java:4719 java.util.regex.Pattern$Loop.match(Matcher, int, CharSequence)","4","115"
"Pattern.java:4787 java.util.regex.Pattern$GroupHead.match(Matcher, int, CharSequence)","4","116"
"Pattern.java:4660 java.util.regex.Pattern$Branch.match(Matcher, int, CharSequence)","4","117"
"Pattern.java:4606 java.util.regex.Pattern$CharProperty.match(Matcher, int, CharSequence)","4","118"
"Pattern.java:3779 java.util.regex.Pattern$BranchConn.match(Matcher, int, CharSequence)","4","119"
"Pattern.java:4570 java.util.regex.Pattern$GroupTail.match(Matcher, int, CharSequence)","4","120"
"Pattern.java:4719 java.util.regex.Pattern$Loop.match(Matcher, int, CharSequence)","4","121"
"Pattern.java:4787 java.util.regex.Pattern$GroupHead.match(Matcher, int, CharSequence)","4","122"
"Pattern.java:4660 java.util.regex.Pattern$Branch.match(Matcher, int, CharSequence)","4","123"
"Pattern.java:4606 java.util.regex.Pattern$CharProperty.match(Matcher, int, CharSequence)","4","124"
"Pattern.java:3779 java.util.regex.Pattern$BranchConn.match(Matcher, int, CharSequence)","4","125"
"Pattern.java:4570 java.util.regex.Pattern$GroupTail.match(Matcher, int, CharSequence)","4","126"
"Pattern.java:4719 java.util.regex.Pattern$Loop.match(Matcher, int, CharSequence)","4","127"
"Pattern.java:4787 java.util.regex.Pattern$GroupHead.match(Matcher, int, CharSequence)","4","128"
"Pattern.java:4660 java.util.regex.Pattern$Branch.match(Matcher, int, CharSequence)","4","129"
"Pattern.java:4606 java.util.regex.Pattern$CharProperty.match(Matcher, int, CharSequence)","4","130"
"Pattern.java:3779 java.util.regex.Pattern$BranchConn.match(Matcher, int, CharSequence)","4","131"
"Pattern.java:4570 java.util.regex.Pattern$GroupTail.match(Matcher, int, CharSequence)","4","132"
"Pattern.java:4719 java.util.regex.Pattern$Loop.match(Matcher, int, CharSequence)","4","133"
"Pattern.java:4787 java.util.regex.Pattern$GroupHead.match(Matcher, int, CharSequence)","4","134"
"Pattern.java:4660 java.util.regex.Pattern$Branch.match(Matcher, int, CharSequence)","4","135"
"Pattern.java:4606 java.util.regex.Pattern$CharProperty.match(Matcher, int, CharSequence)","4","136"
"Pattern.java:3779 java.util.regex.Pattern$BranchConn.match(Matcher, int, CharSequence)","4","137"
"Pattern.java:4570 java.util.regex.Pattern$GroupTail.match(Matcher, int, CharSequence)","4","138"
"Pattern.java:4719 java.util.regex.Pattern$Loop.match(Matcher, int, CharSequence)","4","139"
"Pattern.java:4787 java.util.regex.Pattern$GroupHead.match(Matcher, int, CharSequence)","4","140"
"Pattern.java:4660 java.util.regex.Pattern$Branch.match(Matcher, int, CharSequence)","4","141"
"Pattern.java:4606 java.util.regex.Pattern$CharProperty.match(Matcher, int, CharSequence)","4","142"
"Pattern.java:3779 java.util.regex.Pattern$BranchConn.match(Matcher, int, CharSequence)","4","143"
"Pattern.java:4570 java.util.regex.Pattern$GroupTail.match(Matcher, int, CharSequence)","4","144"
"Pattern.java:4719 java.util.regex.Pattern$Loop.match(Matcher, int, CharSequence)","4","145"
"Pattern.java:4787 java.util.regex.Pattern$GroupHead.match(Matcher, int, CharSequence)","4","146"
"Pattern.java:4660 java.util.regex.Pattern$Branch.match(Matcher, int, CharSequence)","4","147"
"Pattern.java:4606 java.util.regex.Pattern$CharProperty.match(Matcher, int, CharSequence)","4","148"
"Pattern.java:3778 java.util.regex.Pattern$5.isSatisfiedBy(int)","4","149"
"Pattern.java:5253 java.util.regex.Pattern$5.isSatisfiedBy(int)","4","150"
"Pattern.java:5253 java.util.regex.Pattern$5.isSatisfiedBy(int)","4","151"
"Pattern.java:5253 java.util.regex.Pattern$5.isSatisfiedBy(int)","4","152"
"Pattern.java:5253 java.util.regex.Pattern$5.isSatisfiedBy(int)","4","153"
"Pattern.java:5253 java.util.regex.Pattern$5.isSatisfiedBy(int)","4","154"
"Pattern.java:5253 java.util.regex.Pattern$5.isSatisfiedBy(int)","4","155"
"Pattern.java:5253 java.util.regex.Pattern$5.isSatisfiedBy(int)","4","156"
"Pattern.java:5253 java.util.regex.Pattern$5.isSatisfiedBy(int)","4","157"
"Pattern.java:5253 java.util.regex.Pattern$5.isSatisfiedBy(int)","4","158"
"Pattern.java:5253 java.util.regex.Pattern$5.isSatisfiedBy(int)","4","159"
"Pattern.java:5253 java.util.regex.Pattern$5.isSatisfiedBy(int)","4","160"
"Pattern.java:5253 java.util.regex.Pattern$5.isSatisfiedBy(int)","4","161"
"Pattern.java:5253 java.util.regex.Pattern$5.isSatisfiedBy(int)","4","162"
"Pattern.java:5253 java.util.regex.Pattern$5.isSatisfiedBy(int)","4","163"
"Pattern.java:5253 java.util.regex.Pattern$1.isSatisfiedBy(int)","4","164"
"Pattern.java:4113","4","165"
"PossessionProver.java:146 eu.prismacloud.primitives.zkpgs.store.ProofStore.store(String, Object)","8","22"
"ProofStore.java:71 eu.prismacloud.primitives.zkpgs.store.URN.createURN(String, String)","8","23"
"URN.java:161 eu.prismacloud.primitives.zkpgs.store.URN.<init>(NamespaceComponent, NamespaceComponent, boolean)","8","24"
"URN.java:39 eu.prismacloud.primitives.zkpgs.store.URNType.parseURNType(String)","8","25"
"URNType.java:708 eu.prismacloud.primitives.zkpgs.store.URNType.parseURNSuffix(String)","8","26"
"URNType.java:723","8","27"
"ProverOrchestrator.java:462 java.lang.ClassLoader.loadClass(String)","4","19"
"ClassLoader.java:357 sun.misc.Launcher$AppClassLoader.loadClass(String, boolean)","4","20"
"Launcher.java:349 java.lang.ClassLoader.loadClass(String, boolean)","4","21"
"ClassLoader.java:424 java.net.URLClassLoader.findClass(String)","4","22"
"URLClassLoader.java:362 java.security.AccessController.doPrivileged(PrivilegedExceptionAction, AccessControlContext)","4","23"
"AccessController.java (native) java.net.URLClassLoader$1.run()","4","24"
"URLClassLoader.java:363 java.net.URLClassLoader$1.run()","4","25"
"URLClassLoader.java:369 java.net.URLClassLoader.access$100(URLClassLoader, String, Resource)","4","26"
"URLClassLoader.java:74 java.net.URLClassLoader.defineClass(String, Resource)","4","27"
"URLClassLoader.java:468 java.security.SecureClassLoader.defineClass(String, byte[], int, int, CodeSource)","4","28"
"SecureClassLoader.java:142 java.lang.ClassLoader.defineClass(String, byte[], int, int, ProtectionDomain)","4","29"
"ClassLoader.java:763 java.lang.ClassLoader.defineClass1(String, byte[], int, int, ProtectionDomain, String)","4","30"
"ProverOrchestrator.java:234 eu.prismacloud.primitives.zkpgs.orchestrator.ProverOrchestrator.computeCommitmentProvers()","72","18"
"ProverOrchestrator.java:447 eu.prismacloud.primitives.zkpgs.prover.AbstractCommitmentProver.executePreChallengePhase()","64","19"
"AbstractCommitmentProver.java:70 eu.prismacloud.primitives.zkpgs.prover.AbstractCommitmentProver.computeWitness()","52","20"
"AbstractCommitmentProver.java:146 eu.prismacloud.primitives.zkpgs.util.crypto.QRElement.modPow(BigInteger)","28","21"
"QRElement.java:15 eu.prismacloud.primitives.zkpgs.util.crypto.QRElement.modPow(BigInteger)","28","22"
"QRElement.java:108 java.math.BigInteger.modPow(BigInteger, BigInteger)","28","23"
"BigInteger.java:2603 java.math.BigInteger.oddModPow(BigInteger, BigInteger)","28","24"
"BigInteger.java:2928","12","25"
"BigInteger.java:2924 java.lang.Object.clone()","8","25"
"BigInteger.java:2940","8","25"
"AbstractCommitmentProver.java:137 eu.prismacloud.primitives.zkpgs.util.crypto.QRElement.modPow(BigInteger)","20","21"
"QRElement.java:15 eu.prismacloud.primitives.zkpgs.util.crypto.QRElement.modPow(BigInteger)","20","22"
"QRElement.java:108 java.math.BigInteger.modPow(BigInteger, BigInteger)","20","23"
"BigInteger.java:2603 java.math.BigInteger.oddModPow(BigInteger, BigInteger)","12","24"
"BigInteger.java:2940","8","25"
"BigInteger.java:2938","4","25"
"BigInteger.java:2597 java.math.BigInteger.negate()","8","24"
"BigInteger.java:2532","8","25"
"AbstractCommitmentProver.java:137","4","21"
"AbstractCommitmentProver.java:68 eu.prismacloud.primitives.zkpgs.prover.AbstractCommitmentProver.computeWitnessRandomness()","12","20"
"AbstractCommitmentProver.java:103 eu.prismacloud.primitives.zkpgs.prover.CommitmentProver.getTildeRandomnessURN()","8","21"
"CommitmentProver.java:73 eu.prismacloud.primitives.zkpgs.store.URNType.buildURN(URNType, Class, int)","8","22"
"URNType.java:617 eu.prismacloud.primitives.zkpgs.store.URN.createZkpgsURN(String)","8","23"
"URN.java:181 eu.prismacloud.primitives.zkpgs.store.URN.<init>(NamespaceComponent, NamespaceComponent, boolean)","4","24"
"URN.java:39 eu.prismacloud.primitives.zkpgs.store.URNType.parseURNType(String)","4","25"
"URNType.java:708 eu.prismacloud.primitives.zkpgs.store.URNType.parseURNSuffix(String)","4","26"
"URNType.java:723 java.lang.String.matches(String)","4","27"
"String.java:2121 java.util.regex.Pattern.matches(String, CharSequence)","4","28"
"Pattern.java:1133 java.util.regex.Pattern.compile(String)","4","29"
"Pattern.java:1028 java.util.regex.Pattern.<init>(String, int)","4","30"
"Pattern.java:1351","4","31"
"URN.java:179 eu.prismacloud.primitives.zkpgs.util.NamespaceComponent.fromString(String, NamespaceComponent$Type)","4","24"
"NamespaceComponent.java:48 eu.prismacloud.primitives.zkpgs.util.NamespaceComponent.validate(String, NamespaceComponent$Type)","4","25"
"NamespaceComponent.java:62 eu.prismacloud.primitives.zkpgs.util.NamespaceComponent.validateNSS(String)","4","26"
"NamespaceComponent.java:75 java.util.regex.Matcher.matches()","4","27"
"Matcher.java:604 java.util.regex.Matcher.match(int, int)","4","28"
"Matcher.java:1270 java.util.regex.Pattern$Begin.match(Matcher, int, CharSequence)","4","29"
"Pattern.java:3527 java.util.regex.Pattern$Prolog.match(Matcher, int, CharSequence)","4","30"
"Pattern.java:4743 java.util.regex.Pattern$Loop.matchInit(Matcher, int, CharSequence)","4","31"
"Pattern.java:4803 java.util.regex.Pattern$GroupHead.match(Matcher, int, CharSequence)","4","32"
"Pattern.java:4660 java.util.regex.Pattern$Branch.match(Matcher, int, CharSequence)","4","33"
"Pattern.java:4606 java.util.regex.Pattern$CharProperty.match(Matcher, int, CharSequence)","4","34"
"Pattern.java:3779 java.util.regex.Pattern$BranchConn.match(Matcher, int, CharSequence)","4","35"
"Pattern.java:4570 java.util.regex.Pattern$GroupTail.match(Matcher, int, CharSequence)","4","36"
"Pattern.java:4719 java.util.regex.Pattern$Loop.match(Matcher, int, CharSequence)","4","37"
"Pattern.java:4787 java.util.regex.Pattern$GroupHead.match(Matcher, int, CharSequence)","4","38"
"Pattern.java:4660 java.util.regex.Pattern$Branch.match(Matcher, int, CharSequence)","4","39"
"Pattern.java:4606 java.util.regex.Pattern$CharProperty.match(Matcher, int, CharSequence)","4","40"
"Pattern.java:3779 java.util.regex.Pattern$BranchConn.match(Matcher, int, CharSequence)","4","41"
"Pattern.java:4570 java.util.regex.Pattern$GroupTail.match(Matcher, int, CharSequence)","4","42"
"Pattern.java:4719 java.util.regex.Pattern$Loop.match(Matcher, int, CharSequence)","4","43"
"Pattern.java:4787 java.util.regex.Pattern$GroupHead.match(Matcher, int, CharSequence)","4","44"
"Pattern.java:4660 java.util.regex.Pattern$Branch.match(Matcher, int, CharSequence)","4","45"
"Pattern.java:4606 java.util.regex.Pattern$CharProperty.match(Matcher, int, CharSequence)","4","46"
"Pattern.java:3779 java.util.regex.Pattern$BranchConn.match(Matcher, int, CharSequence)","4","47"
"Pattern.java:4570 java.util.regex.Pattern$GroupTail.match(Matcher, int, CharSequence)","4","48"
"Pattern.java:4719 java.util.regex.Pattern$Loop.match(Matcher, int, CharSequence)","4","49"
"Pattern.java:4787 java.util.regex.Pattern$GroupHead.match(Matcher, int, CharSequence)","4","50"
"Pattern.java:4660 java.util.regex.Pattern$Branch.match(Matcher, int, CharSequence)","4","51"
"Pattern.java:4606 java.util.regex.Pattern$CharProperty.match(Matcher, int, CharSequence)","4","52"
"Pattern.java:3779 java.util.regex.Pattern$BranchConn.match(Matcher, int, CharSequence)","4","53"
"Pattern.java:4570 java.util.regex.Pattern$GroupTail.match(Matcher, int, CharSequence)","4","54"
"Pattern.java:4719 java.util.regex.Pattern$Loop.match(Matcher, int, CharSequence)","4","55"
"Pattern.java:4787 java.util.regex.Pattern$GroupHead.match(Matcher, int, CharSequence)","4","56"
"Pattern.java:4660 java.util.regex.Pattern$Branch.match(Matcher, int, CharSequence)","4","57"
"Pattern.java:4606 java.util.regex.Pattern$CharProperty.match(Matcher, int, CharSequence)","4","58"
"Pattern.java:3779 java.util.regex.Pattern$BranchConn.match(Matcher, int, CharSequence)","4","59"
"Pattern.java:4570 java.util.regex.Pattern$GroupTail.match(Matcher, int, CharSequence)","4","60"
"Pattern.java:4719 java.util.regex.Pattern$Loop.match(Matcher, int, CharSequence)","4","61"
"Pattern.java:4787 java.util.regex.Pattern$GroupHead.match(Matcher, int, CharSequence)","4","62"
"Pattern.java:4660 java.util.regex.Pattern$Branch.match(Matcher, int, CharSequence)","4","63"
"Pattern.java:4606 java.util.regex.Pattern$CharProperty.match(Matcher, int, CharSequence)","4","64"
"Pattern.java:3779 java.util.regex.Pattern$BranchConn.match(Matcher, int, CharSequence)","4","65"
"Pattern.java:4570 java.util.regex.Pattern$GroupTail.match(Matcher, int, CharSequence)","4","66"
"Pattern.java:4719 java.util.regex.Pattern$Loop.match(Matcher, int, CharSequence)","4","67"
"Pattern.java:4787 java.util.regex.Pattern$GroupHead.match(Matcher, int, CharSequence)","4","68"
"Pattern.java:4660 java.util.regex.Pattern$Branch.match(Matcher, int, CharSequence)","4","69"
"Pattern.java:4606 java.util.regex.Pattern$CharProperty.match(Matcher, int, CharSequence)","4","70"
"Pattern.java:3779 java.util.regex.Pattern$BranchConn.match(Matcher, int, CharSequence)","4","71"
"Pattern.java:4570 java.util.regex.Pattern$GroupTail.match(Matcher, int, CharSequence)","4","72"
"Pattern.java:4719 java.util.regex.Pattern$Loop.match(Matcher, int, CharSequence)","4","73"
"Pattern.java:4787 java.util.regex.Pattern$GroupHead.match(Matcher, int, CharSequence)","4","74"
"Pattern.java:4660 java.util.regex.Pattern$Branch.match(Matcher, int, CharSequence)","4","75"
"Pattern.java:4606 java.util.regex.Pattern$CharProperty.match(Matcher, int, CharSequence)","4","76"
"Pattern.java:3779 java.util.regex.Pattern$BranchConn.match(Matcher, int, CharSequence)","4","77"
"Pattern.java:4570 java.util.regex.Pattern$GroupTail.match(Matcher, int, CharSequence)","4","78"
"Pattern.java:4719 java.util.regex.Pattern$Loop.match(Matcher, int, CharSequence)","4","79"
"Pattern.java:4787 java.util.regex.Pattern$GroupHead.match(Matcher, int, CharSequence)","4","80"
"Pattern.java:4660 java.util.regex.Pattern$Branch.match(Matcher, int, CharSequence)","4","81"
"Pattern.java:4606 java.util.regex.Pattern$CharProperty.match(Matcher, int, CharSequence)","4","82"
"Pattern.java:3779 java.util.regex.Pattern$BranchConn.match(Matcher, int, CharSequence)","4","83"
"Pattern.java:4570 java.util.regex.Pattern$GroupTail.match(Matcher, int, CharSequence)","4","84"
"Pattern.java:4719 java.util.regex.Pattern$Loop.match(Matcher, int, CharSequence)","4","85"
"Pattern.java:4787 java.util.regex.Pattern$GroupHead.match(Matcher, int, CharSequence)","4","86"
"Pattern.java:4660 java.util.regex.Pattern$Branch.match(Matcher, int, CharSequence)","4","87"
"Pattern.java:4606 java.util.regex.Pattern$CharProperty.match(Matcher, int, CharSequence)","4","88"
"Pattern.java:3779 java.util.regex.Pattern$BranchConn.match(Matcher, int, CharSequence)","4","89"
"Pattern.java:4570 java.util.regex.Pattern$GroupTail.match(Matcher, int, CharSequence)","4","90"
"Pattern.java:4719 java.util.regex.Pattern$Loop.match(Matcher, int, CharSequence)","4","91"
"Pattern.java:4787 java.util.regex.Pattern$GroupHead.match(Matcher, int, CharSequence)","4","92"
"Pattern.java:4660 java.util.regex.Pattern$Branch.match(Matcher, int, CharSequence)","4","93"
"Pattern.java:4606 java.util.regex.Pattern$CharProperty.match(Matcher, int, CharSequence)","4","94"
"Pattern.java:3779 java.util.regex.Pattern$BranchConn.match(Matcher, int, CharSequence)","4","95"
"Pattern.java:4570 java.util.regex.Pattern$GroupTail.match(Matcher, int, CharSequence)","4","96"
"Pattern.java:4719 java.util.regex.Pattern$Loop.match(Matcher, int, CharSequence)","4","97"
"Pattern.java:4787 java.util.regex.Pattern$GroupHead.match(Matcher, int, CharSequence)","4","98"
"Pattern.java:4660 java.util.regex.Pattern$Branch.match(Matcher, int, CharSequence)","4","99"
"Pattern.java:4606 java.util.regex.Pattern$CharProperty.match(Matcher, int, CharSequence)","4","100"
"Pattern.java:3779 java.util.regex.Pattern$BranchConn.match(Matcher, int, CharSequence)","4","101"
"Pattern.java:4570 java.util.regex.Pattern$GroupTail.match(Matcher, int, CharSequence)","4","102"
"Pattern.java:4719 java.util.regex.Pattern$Loop.match(Matcher, int, CharSequence)","4","103"
"Pattern.java:4787 java.util.regex.Pattern$GroupHead.match(Matcher, int, CharSequence)","4","104"
"Pattern.java:4660 java.util.regex.Pattern$Branch.match(Matcher, int, CharSequence)","4","105"
"Pattern.java:4606 java.util.regex.Pattern$CharProperty.match(Matcher, int, CharSequence)","4","106"
"Pattern.java:3779 java.util.regex.Pattern$BranchConn.match(Matcher, int, CharSequence)","4","107"
"Pattern.java:4570 java.util.regex.Pattern$GroupTail.match(Matcher, int, CharSequence)","4","108"
"Pattern.java:4719 java.util.regex.Pattern$Loop.match(Matcher, int, CharSequence)","4","109"
"Pattern.java:4787 java.util.regex.Pattern$GroupHead.match(Matcher, int, CharSequence)","4","110"
"Pattern.java:4660 java.util.regex.Pattern$Branch.match(Matcher, int, CharSequence)","4","111"
"Pattern.java:4606 java.util.regex.Pattern$CharProperty.match(Matcher, int, CharSequence)","4","112"
"Pattern.java:3779 java.util.regex.Pattern$BranchConn.match(Matcher, int, CharSequence)","4","113"
"Pattern.java:4570 java.util.regex.Pattern$GroupTail.match(Matcher, int, CharSequence)","4","114"
"Pattern.java:4719 java.util.regex.Pattern$Loop.match(Matcher, int, CharSequence)","4","115"
"Pattern.java:4787 java.util.regex.Pattern$GroupHead.match(Matcher, int, CharSequence)","4","116"
"Pattern.java:4660 java.util.regex.Pattern$Branch.match(Matcher, int, CharSequence)","4","117"
"Pattern.java:4606 java.util.regex.Pattern$CharProperty.match(Matcher, int, CharSequence)","4","118"
"Pattern.java:3779 java.util.regex.Pattern$BranchConn.match(Matcher, int, CharSequence)","4","119"
"Pattern.java:4570 java.util.regex.Pattern$GroupTail.match(Matcher, int, CharSequence)","4","120"
"Pattern.java:4719 java.util.regex.Pattern$Loop.match(Matcher, int, CharSequence)","4","121"
"Pattern.java:4787 java.util.regex.Pattern$GroupHead.match(Matcher, int, CharSequence)","4","122"
"Pattern.java:4660 java.util.regex.Pattern$Branch.match(Matcher, int, CharSequence)","4","123"
"Pattern.java:4606 java.util.regex.Pattern$CharProperty.match(Matcher, int, CharSequence)","4","124"
"Pattern.java:3779 java.util.regex.Pattern$BranchConn.match(Matcher, int, CharSequence)","4","125"
"Pattern.java:4570 java.util.regex.Pattern$GroupTail.match(Matcher, int, CharSequence)","4","126"
"Pattern.java:4719 java.util.regex.Pattern$Loop.match(Matcher, int, CharSequence)","4","127"
"Pattern.java:4787 java.util.regex.Pattern$GroupHead.match(Matcher, int, CharSequence)","4","128"
"Pattern.java:4660 java.util.regex.Pattern$Branch.match(Matcher, int, CharSequence)","4","129"
"Pattern.java:4606 java.util.regex.Pattern$CharProperty.match(Matcher, int, CharSequence)","4","130"
"Pattern.java:3779 java.util.regex.Pattern$BranchConn.match(Matcher, int, CharSequence)","4","131"
"Pattern.java:4570 java.util.regex.Pattern$GroupTail.match(Matcher, int, CharSequence)","4","132"
"Pattern.java:4719 java.util.regex.Pattern$Loop.match(Matcher, int, CharSequence)","4","133"
"Pattern.java:4787 java.util.regex.Pattern$GroupHead.match(Matcher, int, CharSequence)","4","134"
"Pattern.java:4660 java.util.regex.Pattern$Branch.match(Matcher, int, CharSequence)","4","135"
"Pattern.java:4606 java.util.regex.Pattern$CharProperty.match(Matcher, int, CharSequence)","4","136"
"Pattern.java:3779 java.util.regex.Pattern$BranchConn.match(Matcher, int, CharSequence)","4","137"
"Pattern.java:4570 java.util.regex.Pattern$GroupTail.match(Matcher, int, CharSequence)","4","138"
"Pattern.java:4719 java.util.regex.Pattern$Loop.match(Matcher, int, CharSequence)","4","139"
"Pattern.java:4787 java.util.regex.Pattern$GroupHead.match(Matcher, int, CharSequence)","4","140"
"Pattern.java:4660 java.util.regex.Pattern$Branch.match(Matcher, int, CharSequence)","4","141"
"Pattern.java:4606 java.util.regex.Pattern$CharProperty.match(Matcher, int, CharSequence)","4","142"
"Pattern.java:3779 java.util.regex.Pattern$BranchConn.match(Matcher, int, CharSequence)","4","143"
"Pattern.java:4570 java.util.regex.Pattern$GroupTail.match(Matcher, int, CharSequence)","4","144"
"Pattern.java:4719 java.util.regex.Pattern$Loop.match(Matcher, int, CharSequence)","4","145"
"Pattern.java:4787 java.util.regex.Pattern$GroupHead.match(Matcher, int, CharSequence)","4","146"
"Pattern.java:4660 java.util.regex.Pattern$Branch.match(Matcher, int, CharSequence)","4","147"
"Pattern.java:4606 java.util.regex.Pattern$CharProperty.match(Matcher, int, CharSequence)","4","148"
"Pattern.java:3779 java.util.regex.Pattern$BranchConn.match(Matcher, int, CharSequence)","4","149"
"Pattern.java:4570 java.util.regex.Pattern$GroupTail.match(Matcher, int, CharSequence)","4","150"
"Pattern.java:4719 java.util.regex.Pattern$Loop.match(Matcher, int, CharSequence)","4","151"
"Pattern.java:4787 java.util.regex.Pattern$GroupHead.match(Matcher, int, CharSequence)","4","152"
"Pattern.java:4660 java.util.regex.Pattern$Branch.match(Matcher, int, CharSequence)","4","153"
"Pattern.java:4606 java.util.regex.Pattern$CharProperty.match(Matcher, int, CharSequence)","4","154"
"Pattern.java:3779 java.util.regex.Pattern$BranchConn.match(Matcher, int, CharSequence)","4","155"
"Pattern.java:4570 java.util.regex.Pattern$GroupTail.match(Matcher, int, CharSequence)","4","156"
"Pattern.java:4719 java.util.regex.Pattern$Loop.match(Matcher, int, CharSequence)","4","157"
"Pattern.java:4787 java.util.regex.Pattern$GroupHead.match(Matcher, int, CharSequence)","4","158"
"Pattern.java:4660 java.util.regex.Pattern$Branch.match(Matcher, int, CharSequence)","4","159"
"Pattern.java:4606 java.util.regex.Pattern$CharProperty.match(Matcher, int, CharSequence)","4","160"
"Pattern.java:3779 java.util.regex.Pattern$BranchConn.match(Matcher, int, CharSequence)","4","161"
"Pattern.java:4570 java.util.regex.Pattern$GroupTail.match(Matcher, int, CharSequence)","4","162"
"Pattern.java:4719 java.util.regex.Pattern$Loop.match(Matcher, int, CharSequence)","4","163"
"Pattern.java:4787 java.util.regex.Pattern$GroupHead.match(Matcher, int, CharSequence)","4","164"
"Pattern.java:4660 java.util.regex.Pattern$Branch.match(Matcher, int, CharSequence)","4","165"
"Pattern.java:4606 java.util.regex.Pattern$CharProperty.match(Matcher, int, CharSequence)","4","166"
"Pattern.java:3779 java.util.regex.Pattern$BranchConn.match(Matcher, int, CharSequence)","4","167"
"Pattern.java:4570 java.util.regex.Pattern$GroupTail.match(Matcher, int, CharSequence)","4","168"
"Pattern.java:4719 java.util.regex.Pattern$Loop.match(Matcher, int, CharSequence)","4","169"
"Pattern.java:4787 java.util.regex.Pattern$GroupHead.match(Matcher, int, CharSequence)","4","170"
"Pattern.java:4660 java.util.regex.Pattern$Branch.match(Matcher, int, CharSequence)","4","171"
"Pattern.java:4606 java.util.regex.Pattern$CharProperty.match(Matcher, int, CharSequence)","4","172"
"Pattern.java:3779 java.util.regex.Pattern$BranchConn.match(Matcher, int, CharSequence)","4","173"
"Pattern.java:4570 java.util.regex.Pattern$GroupTail.match(Matcher, int, CharSequence)","4","174"
"Pattern.java:4719 java.util.regex.Pattern$Loop.match(Matcher, int, CharSequence)","4","175"
"Pattern.java:4787 java.util.regex.Pattern$GroupHead.match(Matcher, int, CharSequence)","4","176"
"Pattern.java:4660 java.util.regex.Pattern$Branch.match(Matcher, int, CharSequence)","4","177"
"Pattern.java:4606 java.util.regex.Pattern$CharProperty.match(Matcher, int, CharSequence)","4","178"
"Pattern.java:3779 java.util.regex.Pattern$BranchConn.match(Matcher, int, CharSequence)","4","179"
"Pattern.java:4570 java.util.regex.Pattern$GroupTail.match(Matcher, int, CharSequence)","4","180"
"Pattern.java:4719 java.util.regex.Pattern$Loop.match(Matcher, int, CharSequence)","4","181"
"Pattern.java:4787 java.util.regex.Pattern$GroupHead.match(Matcher, int, CharSequence)","4","182"
"Pattern.java:4660 java.util.regex.Pattern$Branch.match(Matcher, int, CharSequence)","4","183"
"Pattern.java:4606 java.util.regex.Pattern$CharProperty.match(Matcher, int, CharSequence)","4","184"
"Pattern.java:3779 java.util.regex.Pattern$BranchConn.match(Matcher, int, CharSequence)","4","185"
"Pattern.java:4570 java.util.regex.Pattern$GroupTail.match(Matcher, int, CharSequence)","4","186"
"Pattern.java:4719 java.util.regex.Pattern$Loop.match(Matcher, int, CharSequence)","4","187"
"Pattern.java:4787 java.util.regex.Pattern$GroupHead.match(Matcher, int, CharSequence)","4","188"
"Pattern.java:4660 java.util.regex.Pattern$Branch.match(Matcher, int, CharSequence)","4","189"
"Pattern.java:4606 java.util.regex.Pattern$CharProperty.match(Matcher, int, CharSequence)","4","190"
"Pattern.java:3779 java.util.regex.Pattern$BranchConn.match(Matcher, int, CharSequence)","4","191"
"Pattern.java:4570 java.util.regex.Pattern$GroupTail.match(Matcher, int, CharSequence)","4","192"
"Pattern.java:4719 java.util.regex.Pattern$Loop.match(Matcher, int, CharSequence)","4","193"
"Pattern.java:4787 java.util.regex.Pattern$GroupHead.match(Matcher, int, CharSequence)","4","194"
"Pattern.java:4660 java.util.regex.Pattern$Branch.match(Matcher, int, CharSequence)","4","195"
"Pattern.java:4606 java.util.regex.Pattern$CharProperty.match(Matcher, int, CharSequence)","4","196"
"Pattern.java:3779 java.util.regex.Pattern$BranchConn.match(Matcher, int, CharSequence)","4","197"
"Pattern.java:4570 java.util.regex.Pattern$GroupTail.match(Matcher, int, CharSequence)","4","198"
"Pattern.java:4719 java.util.regex.Pattern$Loop.match(Matcher, int, CharSequence)","4","199"
"Pattern.java:4787 java.util.regex.Pattern$GroupHead.match(Matcher, int, CharSequence)","4","200"
"Pattern.java:4660 java.util.regex.Pattern$Branch.match(Matcher, int, CharSequence)","4","201"
"Pattern.java:4606 java.util.regex.Pattern$CharProperty.match(Matcher, int, CharSequence)","4","202"
"Pattern.java:3779 java.util.regex.Pattern$BranchConn.match(Matcher, int, CharSequence)","4","203"
"Pattern.java:4570 java.util.regex.Pattern$GroupTail.match(Matcher, int, CharSequence)","4","204"
"Pattern.java:4719 java.util.regex.Pattern$Loop.match(Matcher, int, CharSequence)","4","205"
"Pattern.java:4787 java.util.regex.Pattern$GroupHead.match(Matcher, int, CharSequence)","4","206"
"Pattern.java:4660 java.util.regex.Pattern$Branch.match(Matcher, int, CharSequence)","4","207"
"Pattern.java:4606 java.util.regex.Pattern$CharProperty.match(Matcher, int, CharSequence)","4","208"
"Pattern.java:3779 java.util.regex.Pattern$BranchConn.match(Matcher, int, CharSequence)","4","209"
"Pattern.java:4570 java.util.regex.Pattern$GroupTail.match(Matcher, int, CharSequence)","4","210"
"Pattern.java:4719 java.util.regex.Pattern$Loop.match(Matcher, int, CharSequence)","4","211"
"Pattern.java:4787 java.util.regex.Pattern$GroupHead.match(Matcher, int, CharSequence)","4","212"
"Pattern.java:4660 java.util.regex.Pattern$Branch.match(Matcher, int, CharSequence)","4","213"
"Pattern.java:4606 java.util.regex.Pattern$CharProperty.match(Matcher, int, CharSequence)","4","214"
"Pattern.java:3779 java.util.regex.Pattern$BranchConn.match(Matcher, int, CharSequence)","4","215"
"Pattern.java:4570 java.util.regex.Pattern$GroupTail.match(Matcher, int, CharSequence)","4","216"
"Pattern.java:4719 java.util.regex.Pattern$Loop.match(Matcher, int, CharSequence)","4","217"
"Pattern.java:4787 java.util.regex.Pattern$GroupHead.match(Matcher, int, CharSequence)","4","218"
"Pattern.java:4660 java.util.regex.Pattern$Branch.match(Matcher, int, CharSequence)","4","219"
"Pattern.java:4606 java.util.regex.Pattern$CharProperty.match(Matcher, int, CharSequence)","4","220"
"Pattern.java:3779 java.util.regex.Pattern$BranchConn.match(Matcher, int, CharSequence)","4","221"
"Pattern.java:4570 java.util.regex.Pattern$GroupTail.match(Matcher, int, CharSequence)","4","222"
"Pattern.java:4719 java.util.regex.Pattern$Loop.match(Matcher, int, CharSequence)","4","223"
"Pattern.java:4787 java.util.regex.Pattern$GroupHead.match(Matcher, int, CharSequence)","4","224"
"Pattern.java:4660 java.util.regex.Pattern$Branch.match(Matcher, int, CharSequence)","4","225"
"Pattern.java:4606 java.util.regex.Pattern$CharProperty.match(Matcher, int, CharSequence)","4","226"
"Pattern.java:3778 java.util.regex.Pattern$5.isSatisfiedBy(int)","4","227"
"Pattern.java:5253 java.util.regex.Pattern$5.isSatisfiedBy(int)","4","228"
"Pattern.java:5253 java.util.regex.Pattern$5.isSatisfiedBy(int)","4","229"
"Pattern.java:5253 java.util.regex.Pattern$5.isSatisfiedBy(int)","4","230"
"Pattern.java:5253 java.util.regex.Pattern$5.isSatisfiedBy(int)","4","231"
"Pattern.java:5253 java.util.regex.Pattern$5.isSatisfiedBy(int)","4","232"
"Pattern.java:5253 java.util.regex.Pattern$5.isSatisfiedBy(int)","4","233"
"Pattern.java:5253 java.util.regex.Pattern$5.isSatisfiedBy(int)","4","234"
"Pattern.java:5253 java.util.regex.Pattern$5.isSatisfiedBy(int)","4","235"
"Pattern.java:5253 java.util.regex.Pattern$5.isSatisfiedBy(int)","4","236"
"Pattern.java:5253 java.util.regex.Pattern$5.isSatisfiedBy(int)","4","237"
"Pattern.java:5253 java.util.regex.Pattern$5.isSatisfiedBy(int)","4","238"
"Pattern.java:5253 java.util.regex.Pattern$5.isSatisfiedBy(int)","4","239"
"Pattern.java:5253 java.util.regex.Pattern$5.isSatisfiedBy(int)","4","240"
"Pattern.java:5253 java.util.regex.Pattern$5.isSatisfiedBy(int)","4","241"
"Pattern.java:5253 java.util.regex.Pattern$1.isSatisfiedBy(int)","4","242"
"Pattern.java:4113","4","243"
"AbstractCommitmentProver.java:102 eu.prismacloud.primitives.zkpgs.util.CryptoUtilsFacade.computeRandomNumberMinusPlus(int)","4","21"
"CryptoUtilsFacade.java:35 eu.prismacloud.primitives.zkpgs.util.GSUtils.randomMinusPlusNumber(int)","4","22"
"GSUtils.java:68 java.math.BigInteger.<init>(int, Random)","4","23"
"BigInteger.java:623 java.math.BigInteger.randomBits(int, Random)","4","24"
"BigInteger.java:634 java.security.SecureRandom.nextBytes(byte[])","4","25"
"SecureRandom.java:468 sun.security.provider.NativePRNG.engineNextBytes(byte[])","4","26"
"NativePRNG.java:220 sun.security.provider.NativePRNG$RandomIO.access$400(NativePRNG$RandomIO, byte[])","4","27"
"NativePRNG.java:331 sun.security.provider.NativePRNG$RandomIO.implNextBytes(byte[])","4","28"
"NativePRNG.java:544 sun.security.provider.NativePRNG$RandomIO.ensureBufferValid()","4","29"
"NativePRNG.java:525 sun.security.provider.NativePRNG$RandomIO.readFully(InputStream, byte[])","4","30"
"NativePRNG.java:424 java.io.FileInputStream.read(byte[], int, int)","4","31"
"FileInputStream.java:255 java.io.FileInputStream.readBytes(byte[], int, int)","4","32"
"ProverOrchestrator.java:454 eu.prismacloud.primitives.zkpgs.store.ProofStore.store(String, Object)","8","19"
"ProofStore.java:71 eu.prismacloud.primitives.zkpgs.store.URN.createURN(String, String)","8","20"
"URN.java:161 eu.prismacloud.primitives.zkpgs.store.URN.<init>(NamespaceComponent, NamespaceComponent, boolean)","8","21"
"URN.java:39 eu.prismacloud.primitives.zkpgs.store.URNType.parseURNType(String)","8","22"
"URNType.java:708 eu.prismacloud.primitives.zkpgs.store.URNType.parseURNSuffix(String)","8","23"
"URNType.java:723 java.lang.String.matches(String)","8","24"
"String.java:2121 java.util.regex.Pattern.matches(String, CharSequence)","8","25"
"Pattern.java:1133 java.util.regex.Pattern.compile(String)","8","26"
"Pattern.java:1028 java.util.regex.Pattern.<init>(String, int)","8","27"
"Pattern.java:1351 java.util.regex.Pattern.compile()","8","28"
"Pattern.java:1711 java.util.regex.Pattern$BnM.optimize(Pattern$Node)","4","29"
"Pattern.java:5410","4","30"
"Pattern.java:1713 java.util.regex.Pattern$Start.<init>(Pattern$Node)","4","29"
"Pattern.java:3453 java.util.regex.Pattern$SliceNode.study(Pattern$TreeInfo)","4","30"
"Pattern.java:3951 java.util.regex.Pattern$Curly.study(Pattern$TreeInfo)","4","31"
"Pattern.java:4323 java.util.regex.Pattern$CharProperty.study(Pattern$TreeInfo)","4","32"
"Pattern.java:3788","4","33"
"ProvingBenchmark.java:224 eu.prismacloud.primitives.zkpgs.orchestrator.VerifierOrchestrator.executeVerification()","144","17"
"VerifierOrchestrator.java:395 eu.prismacloud.primitives.zkpgs.orchestrator.VerifierOrchestrator.executeVerification(BigInteger)","144","18"
"VerifierOrchestrator.java:422 eu.prismacloud.primitives.zkpgs.orchestrator.VerifierOrchestrator.computeCommitmentVerifiers()","76","19"
"VerifierOrchestrator.java:359 eu.prismacloud.primitives.zkpgs.verifier.AbstractCommitmentVerifier.executeVerification(BigInteger)","52","20"
"AbstractCommitmentVerifier.java:74 eu.prismacloud.primitives.zkpgs.verifier.AbstractCommitmentVerifier.computeVerifierWitness(BigInteger)","52","21"
"AbstractCommitmentVerifier.java:85 eu.prismacloud.primitives.zkpgs.util.crypto.QRElement.modPow(BigInteger)","24","22"
"QRElement.java:15 eu.prismacloud.primitives.zkpgs.util.crypto.QRElement.modPow(BigInteger)","24","23"
"QRElement.java:108 java.math.BigInteger.modPow(BigInteger, BigInteger)","24","24"
"BigInteger.java:2603 java.math.BigInteger.oddModPow(BigInteger, BigInteger)","24","25"
"BigInteger.java:2940","16","26"
"BigInteger.java:2790 java.lang.Object.clone()","4","26"
"BigInteger.java:2928","4","26"
"AbstractCommitmentVerifier.java:80 eu.prismacloud.primitives.zkpgs.util.crypto.QRElement.modPow(BigInteger)","16","22"
"QRElement.java:15 eu.prismacloud.primitives.zkpgs.util.crypto.QRElement.modPow(BigInteger)","16","23"
"QRElement.java:108 java.math.BigInteger.modPow(BigInteger, BigInteger)","16","24"
"BigInteger.java:2645 java.math.BigInteger.modInverse(BigInteger)","12","25"
"BigInteger.java:3154 java.math.MutableBigInteger.mutableModInverse(MutableBigInteger)","12","26"
"MutableBigInteger.java:1982 java.math.MutableBigInteger.modInverse(MutableBigInteger)","12","27"
"MutableBigInteger.java:2142","8","28"
"MutableBigInteger.java:2124","4","28"
"BigInteger.java:2603 java.math.BigInteger.oddModPow(BigInteger, BigInteger)","4","25"
"BigInteger.java:2790 java.lang.Object.clone()","4","26"
"AbstractCommitmentVerifier.java:94 eu.prismacloud.primitives.zkpgs.util.crypto.QRElement.modPow(BigInteger)","8","22"
"QRElement.java:15 eu.prismacloud.primitives.zkpgs.util.crypto.QRElement.modPow(BigInteger)","8","23"
"QRElement.java:108 java.math.BigInteger.modPow(BigInteger, BigInteger)","8","24"
"BigInteger.java:2603 java.math.BigInteger.oddModPow(BigInteger, BigInteger)","8","25"
"BigInteger.java:2928","8","26"
"AbstractCommitmentVerifier.java:94","4","22"
"VerifierOrchestrator.java:357 java.lang.ClassLoader.loadClass(String)","8","20"
"ClassLoader.java:357 sun.misc.Launcher$AppClassLoader.loadClass(String, boolean)","8","21"
"Launcher.java:349 java.lang.ClassLoader.loadClass(String, boolean)","8","22"
"ClassLoader.java:424 java.net.URLClassLoader.findClass(String)","8","23"
"URLClassLoader.java:362 java.security.AccessController.doPrivileged(PrivilegedExceptionAction, AccessControlContext)","8","24"
"AccessController.java (native) java.net.URLClassLoader$1.run()","8","25"
"URLClassLoader.java:363 java.net.URLClassLoader$1.run()","8","26"
"URLClassLoader.java:369 java.net.URLClassLoader.access$100(URLClassLoader, String, Resource)","8","27"
"URLClassLoader.java:74 java.net.URLClassLoader.defineClass(String, Resource)","8","28"
"URLClassLoader.java:468 java.security.SecureClassLoader.defineClass(String, byte[], int, int, CodeSource)","8","29"
"SecureClassLoader.java:142 java.lang.ClassLoader.defineClass(String, byte[], int, int, ProtectionDomain)","8","30"
"ClassLoader.java:763 java.lang.ClassLoader.defineClass1(String, byte[], int, int, ProtectionDomain, String)","8","31"
"ClassLoader.java (native) java.lang.ClassLoader.loadClass(String)","8","32"
"ClassLoader.java:357 sun.misc.Launcher$AppClassLoader.loadClass(String, boolean)","8","33"
"Launcher.java:349 java.lang.ClassLoader.loadClass(String, boolean)","8","34"
"ClassLoader.java:424 java.net.URLClassLoader.findClass(String)","8","35"
"URLClassLoader.java:362 java.security.AccessController.doPrivileged(PrivilegedExceptionAction, AccessControlContext)","8","36"
"AccessController.java (native) java.net.URLClassLoader$1.run()","8","37"
"URLClassLoader.java:363 java.net.URLClassLoader$1.run()","8","38"
"URLClassLoader.java:366 sun.misc.URLClassPath.getResource(String, boolean)","8","39"
"URLClassPath.java:249 sun.misc.URLClassPath$JarLoader.getResource(String, boolean)","8","40"
"URLClassPath.java:1056 sun.misc.URLClassPath$JarLoader.checkResource(String, boolean, JarEntry)","8","41"
"URLClassPath.java:969 java.net.URL.<init>(URL, String)","8","42"
"URL.java:491","8","43"
"VerifierOrchestrator.java:350","8","20"
"VerifierOrchestrator.java:350 eu.prismacloud.primitives.zkpgs.store.ProofStore.retrieve(String)","4","20"
"ProofStore.java:94 eu.prismacloud.primitives.zkpgs.store.URN.createURN(String, String)","4","21"
"URN.java:161 eu.prismacloud.primitives.zkpgs.store.URN.<init>(NamespaceComponent, NamespaceComponent, boolean)","4","22"
"URN.java:39 eu.prismacloud.primitives.zkpgs.store.URNType.parseURNType(String)","4","23"
"URNType.java:708 eu.prismacloud.primitives.zkpgs.store.URNType.parseURNSuffix(String)","4","24"
"URNType.java:723","4","25"
"VerifierOrchestrator.java:365 eu.prismacloud.primitives.zkpgs.store.ProofStore.store(String, Object)","4","20"
"ProofStore.java:71 eu.prismacloud.primitives.zkpgs.store.URN.createURN(String, String)","4","21"
"URN.java:161 eu.prismacloud.primitives.zkpgs.store.URN.<init>(NamespaceComponent, NamespaceComponent, boolean)","4","22"
"URN.java:40","4","23"
"VerifierOrchestrator.java:410 eu.prismacloud.primitives.zkpgs.verifier.PossessionVerifier.executeCompoundVerification(BigInteger)","64","19"
"PossessionVerifier.java:149 eu.prismacloud.primitives.zkpgs.verifier.PossessionVerifier.executeVerification(BigInteger)","64","20"
"PossessionVerifier.java:128 eu.prismacloud.primitives.zkpgs.util.crypto.QRElement.modPow(BigInteger)","20","21"
"QRElement.java:15 eu.prismacloud.primitives.zkpgs.util.crypto.QRElement.modPow(BigInteger)","20","22"
"QRElement.java:108 java.math.BigInteger.modPow(BigInteger, BigInteger)","20","23"
"BigInteger.java:2603 java.math.BigInteger.oddModPow(BigInteger, BigInteger)","20","24"
"BigInteger.java:2940","20","25"
"PossessionVerifier.java:105 eu.prismacloud.primitives.zkpgs.verifier.PossessionVerifier.checkLengths()","16","21"
"PossessionVerifier.java:82 eu.prismacloud.primitives.zkpgs.store.ProofStore.retrieve(String)","8","22"
"ProofStore.java:94 eu.prismacloud.primitives.zkpgs.store.URN.createURN(String, String)","8","23"
"URN.java:161 eu.prismacloud.primitives.zkpgs.store.URN.<init>(NamespaceComponent, NamespaceComponent, boolean)","8","24"
"URN.java:39 eu.prismacloud.primitives.zkpgs.store.URNType.parseURNType(String)","8","25"
"URNType.java:708 eu.prismacloud.primitives.zkpgs.store.URNType.parseURNSuffix(String)","8","26"
"URNType.java:720 eu.prismacloud.primitives.zkpgs.store.URNType.values()","4","27"
"URNType.java:15 java.lang.Object.clone()","4","28"
"URNType.java:723 java.lang.String.matches(String)","4","27"
"String.java:2121 java.util.regex.Pattern.matches(String, CharSequence)","4","28"
"Pattern.java:1133 java.util.regex.Pattern.compile(String)","4","29"
"Pattern.java:1028 java.util.regex.Pattern.<init>(String, int)","4","30"
"Pattern.java:1351 java.util.regex.Pattern.compile()","4","31"
"Pattern.java:1711 java.util.regex.Pattern$BnM.optimize(Pattern$Node)","4","32"
"Pattern.java:5410","4","33"
"PossessionVerifier.java:72 eu.prismacloud.primitives.zkpgs.store.ProofStore.retrieve(String)","4","22"
"ProofStore.java:94 eu.prismacloud.primitives.zkpgs.store.URN.createURN(String, String)","4","23"
"URN.java:161 eu.prismacloud.primitives.zkpgs.store.URN.<init>(NamespaceComponent, NamespaceComponent, boolean)","4","24"
"URN.java:39 eu.prismacloud.primitives.zkpgs.store.URNType.parseURNType(String)","4","25"
"URNType.java:708 eu.prismacloud.primitives.zkpgs.store.URNType.parseURNSuffix(String)","4","26"
"URNType.java:723 java.lang.String.matches(String)","4","27"
"String.java:2121 java.util.regex.Pattern.matches(String, CharSequence)","4","28"
"Pattern.java:1133 java.util.regex.Pattern.compile(String)","4","29"
"Pattern.java:1028 java.util.regex.Pattern.<init>(String, int)","4","30"
"Pattern.java:1351 java.util.regex.Pattern.compile()","4","31"
"Pattern.java:1698 java.util.regex.Pattern.expr(Pattern$Node)","4","32"
"Pattern.java:1998 java.util.regex.Pattern.sequence(Pattern$Node)","4","33"
"Pattern.java:2048","4","34"
"PossessionVerifier.java:73 eu.prismacloud.primitives.zkpgs.store.URNType.buildURNComponent(URNType, Class, int)","4","22"
"URNType.java:640 java.lang.reflect.Field.get(Object)","4","23"
"Field.java:388 sun.reflect.Reflection.quickCheckMemberAccess(Class, int)","4","24"
"Reflection.java:84 sun.reflect.Reflection.getClassAccessFlags(Class)","4","25"
"PossessionVerifier.java:111 eu.prismacloud.primitives.zkpgs.store.ProofStore.retrieve(String)","12","21"
"ProofStore.java:94 eu.prismacloud.primitives.zkpgs.store.URN.createURN(String, String)","12","22"
"URN.java:161 eu.prismacloud.primitives.zkpgs.store.URN.<init>(NamespaceComponent, NamespaceComponent, boolean)","12","23"
"URN.java:39 eu.prismacloud.primitives.zkpgs.store.URNType.parseURNType(String)","12","24"
"URNType.java:708 eu.prismacloud.primitives.zkpgs.store.URNType.parseURNSuffix(String)","12","25"
"URNType.java:723 java.lang.String.matches(String)","12","26"
"String.java:2121 java.util.regex.Pattern.matches(String, CharSequence)","12","27"
"Pattern.java:1133 java.util.regex.Pattern.compile(String)","12","28"
"Pattern.java:1028 java.util.regex.Pattern.<init>(String, int)","12","29"
"Pattern.java:1351","8","30"
"Pattern.java:1351 java.util.regex.Pattern.compile()","4","30"
"Pattern.java:1713 java.util.regex.Pattern$Start.<init>(Pattern$Node)","4","31"
"Pattern.java:3452 java.util.regex.Pattern$TreeInfo.<init>()","4","32"
"Pattern.java:1783","4","33"
"PossessionVerifier.java:122 eu.prismacloud.primitives.zkpgs.store.ProofStore.retrieve(String)","12","21"
"ProofStore.java:94 eu.prismacloud.primitives.zkpgs.store.URN.createURN(String, String)","12","22"
"URN.java:161 eu.prismacloud.primitives.zkpgs.store.URN.<init>(NamespaceComponent, NamespaceComponent, boolean)","12","23"
"URN.java:39 eu.prismacloud.primitives.zkpgs.store.URNType.parseURNType(String)","12","24"
"URNType.java:708 eu.prismacloud.primitives.zkpgs.store.URNType.parseURNSuffix(String)","12","25"
"URNType.java:723 java.lang.String.matches(String)","12","26"
"String.java:2121 java.util.regex.Pattern.matches(String, CharSequence)","12","27"
"Pattern.java:1133 java.util.regex.Pattern.compile(String)","8","28"
"Pattern.java:1028 java.util.regex.Pattern.<init>(String, int)","8","29"
"Pattern.java:1351 java.util.regex.Pattern.compile()","4","30"
"Pattern.java:1698 java.util.regex.Pattern.expr(Pattern$Node)","4","31"
"Pattern.java:1998 java.util.regex.Pattern.sequence(Pattern$Node)","4","32"
"Pattern.java:2136","4","33"
"Pattern.java:1351","4","30"
"Pattern.java:1134 java.util.regex.Pattern.matcher(CharSequence)","4","28"
"Pattern.java:1093 java.util.regex.Matcher.<init>(Pattern, CharSequence)","4","29"
"Matcher.java:229 java.util.regex.Matcher.reset()","4","30"
"Matcher.java:309 java.util.regex.Matcher.getTextLength()","4","31"
"Matcher.java:1283","4","32"
"PossessionVerifier.java:117 eu.prismacloud.primitives.zkpgs.util.crypto.QRElement.modPow(BigInteger)","4","21"
"QRElement.java:15 eu.prismacloud.primitives.zkpgs.util.crypto.QRElement.modPow(BigInteger)","4","22"
"QRElement.java:108 java.math.BigInteger.modPow(BigInteger, BigInteger)","4","23"
"BigInteger.java:2603 java.math.BigInteger.oddModPow(BigInteger, BigInteger)","4","24"
"BigInteger.java:2946","4","25"
"VerifierOrchestrator.java:429 eu.prismacloud.primitives.zkpgs.orchestrator.VerifierOrchestrator.computePairWiseVerifiers()","4","19"
"VerifierOrchestrator.java:267 eu.prismacloud.primitives.zkpgs.verifier.PairWiseDifferenceVerifier.executeVerification(BigInteger)","4","20"
"PairWiseDifferenceVerifier.java:98","4","21"
"ProvingBenchmark.java:221 eu.prismacloud.primitives.zkpgs.orchestrator.ProverOrchestrator.executePostChallengePhase(BigInteger)","104","17"
"ProverOrchestrator.java:347 eu.prismacloud.primitives.zkpgs.prover.PossessionProver.executePostChallengePhase(BigInteger)","52","18"
"PossessionProver.java:266 eu.prismacloud.primitives.zkpgs.store.ProofStore.retrieve(String)","12","19"
"ProofStore.java:94 eu.prismacloud.primitives.zkpgs.store.URN.createURN(String, String)","12","20"
"URN.java:161 eu.prismacloud.primitives.zkpgs.store.URN.<init>(NamespaceComponent, NamespaceComponent, boolean)","12","21"
"URN.java:39 eu.prismacloud.primitives.zkpgs.store.URNType.parseURNType(String)","12","22"
"URNType.java:708 eu.prismacloud.primitives.zkpgs.store.URNType.parseURNSuffix(String)","12","23"
"URNType.java:723 java.lang.String.matches(String)","12","24"
"String.java:2121","8","25"
"String.java:2121 java.util.regex.Pattern.matches(String, CharSequence)","4","25"
"Pattern.java:1133 java.util.regex.Pattern.compile(String)","4","26"
"Pattern.java:1028 java.util.regex.Pattern.<init>(String, int)","4","27"
"Pattern.java:1351 java.util.regex.Pattern.compile()","4","28"
"Pattern.java:1718 java.util.regex.Pattern$Start.<init>(Pattern$Node)","4","29"
"Pattern.java:3453 java.util.regex.Pattern$CharProperty.study(Pattern$TreeInfo)","4","30"
"Pattern.java:3788 java.util.regex.Pattern$Curly.study(Pattern$TreeInfo)","4","31"
"Pattern.java:4323 java.util.regex.Pattern$CharProperty.study(Pattern$TreeInfo)","4","32"
"Pattern.java:3786","4","33"
"PossessionProver.java:278 eu.prismacloud.primitives.zkpgs.store.ProofStore.store(String, Object)","12","19"
"ProofStore.java:71 eu.prismacloud.primitives.zkpgs.store.URN.createURN(String, String)","12","20"
"URN.java:161 eu.prismacloud.primitives.zkpgs.store.URN.<init>(NamespaceComponent, NamespaceComponent, boolean)","12","21"
"URN.java:39 eu.prismacloud.primitives.zkpgs.store.URNType.parseURNType(String)","12","22"
"URNType.java:708 eu.prismacloud.primitives.zkpgs.store.URNType.parseURNSuffix(String)","12","23"
"URNType.java:723 java.lang.String.matches(String)","12","24"
"String.java:2121 java.util.regex.Pattern.matches(String, CharSequence)","12","25"
"Pattern.java:1133 java.util.regex.Pattern.compile(String)","8","26"
"Pattern.java:1028 java.util.regex.Pattern.<init>(String, int)","8","27"
"Pattern.java:1351 java.util.regex.Pattern.compile()","8","28"
"Pattern.java:1698 java.util.regex.Pattern.expr(Pattern$Node)","8","29"
"Pattern.java:1998 java.util.regex.Pattern.sequence(Pattern$Node)","8","30"
"Pattern.java:2081 java.util.regex.Pattern.atom()","4","31"
"Pattern.java:2200","4","32"
"Pattern.java:2132 java.util.regex.Pattern.atom()","4","31"
"Pattern.java:2233 java.util.regex.Pattern.newSingle(int)","4","32"
"Pattern.java:3360 java.util.regex.Pattern$Single.<init>(int)","4","33"
"Pattern.java:3824 java.util.regex.Pattern$BmpCharProperty.<init>(Pattern$1)","4","34"
"Pattern.java:3796 java.util.regex.Pattern$BmpCharProperty.<init>()","4","35"
"Pattern.java:3796 java.util.regex.Pattern$CharProperty.<init>(Pattern$1)","4","36"
"Pattern.java:3768 java.util.regex.Pattern$CharProperty.<init>()","4","37"
"Pattern.java:3768","4","38"
"Pattern.java:1133","4","26"
"PossessionProver.java:276 eu.prismacloud.primitives.zkpgs.store.URN.createZkpgsURN(String)","8","19"
"URN.java:181 eu.prismacloud.primitives.zkpgs.store.URN.<init>(NamespaceComponent, NamespaceComponent, boolean)","8","20"
"URN.java:39 eu.prismacloud.primitives.zkpgs.store.URNType.parseURNType(String)","8","21"
"URNType.java:708 eu.prismacloud.primitives.zkpgs.store.URNType.parseURNSuffix(String)","8","22"
"URNType.java:723 java.lang.String.matches(String)","8","23"
"String.java:2121 java.util.regex.Pattern.matches(String, CharSequence)","8","24"
"Pattern.java:1133 java.util.regex.Pattern.compile(String)","8","25"
"Pattern.java:1028 java.util.regex.Pattern.<init>(String, int)","8","26"
"Pattern.java:1351 java.util.regex.Pattern.compile()","8","27"
"Pattern.java:1698 java.util.regex.Pattern.expr(Pattern$Node)","8","28"
"Pattern.java:1998 java.util.regex.Pattern.sequence(Pattern$Node)","8","29"
"Pattern.java:2132 java.util.regex.Pattern.atom()","8","30"
"Pattern.java:2228","8","31"
"PossessionProver.java:243","8","19"
"PossessionProver.java:258 eu.prismacloud.primitives.zkpgs.store.ProofStore.store(String, Object)","4","19"
"ProofStore.java:71 eu.prismacloud.primitives.zkpgs.store.ProofStore.save(URN, Object)","4","20"
"ProofStore.java:59 eu.prismacloud.primitives.zkpgs.store.ProofStore.add(URN, Object)","4","21"
"ProofStore.java:137 java.util.HashSet.<init>(int)","4","22"
"HashSet.java:144 java.util.AbstractSet.<init>()","4","23"
"AbstractSet.java:63","4","24"
"PossessionProver.java:256 eu.prismacloud.primitives.zkpgs.store.URN.createZkpgsURN(String)","4","19"
"URN.java:181 eu.prismacloud.primitives.zkpgs.store.URN.<init>(NamespaceComponent, NamespaceComponent, boolean)","4","20"
"URN.java:39 eu.prismacloud.primitives.zkpgs.store.URNType.parseURNType(String)","4","21"
"URNType.java:708 eu.prismacloud.primitives.zkpgs.store.URNType.parseURNSuffix(String)","4","22"
"URNType.java:723 java.lang.String.matches(String)","4","23"
"String.java:2121 java.util.regex.Pattern.matches(String, CharSequence)","4","24"
"Pattern.java:1133 java.util.regex.Pattern.compile(String)","4","25"
"Pattern.java:1028 java.util.regex.Pattern.<init>(String, int)","4","26"
"Pattern.java:1351 java.util.regex.Pattern.compile()","4","27"
"Pattern.java:1685 java.util.regex.Pattern.RemoveQEQuoting()","4","28"
"Pattern.java:1592","4","29"
"PossessionProver.java:242 eu.prismacloud.primitives.zkpgs.util.BaseIteratorImpl.iterator()","4","19"
"BaseIteratorImpl.java:54 eu.prismacloud.primitives.zkpgs.util.BaseIteratorImpl.filter()","4","20"
"BaseIteratorImpl.java:80","4","21"
"ProverOrchestrator.java:377 eu.prismacloud.primitives.zkpgs.orchestrator.ProverOrchestrator.createProofSignature()","32","18"
"ProverOrchestrator.java:290 eu.prismacloud.primitives.zkpgs.store.URN.createZkpgsURN(String)","16","19"
"URN.java:181 eu.prismacloud.primitives.zkpgs.store.URN.<init>(NamespaceComponent, NamespaceComponent, boolean)","8","20"
"URN.java:39 eu.prismacloud.primitives.zkpgs.store.URNType.parseURNType(String)","8","21"
"URNType.java:708 eu.prismacloud.primitives.zkpgs.store.URNType.parseURNSuffix(String)","8","22"
"URNType.java:723 java.lang.String.matches(String)","4","23"
"String.java:2121 java.util.regex.Pattern.matches(String, CharSequence)","4","24"
"Pattern.java:1135 java.util.regex.Matcher.matches()","4","25"
"Matcher.java:604 java.util.regex.Matcher.match(int, int)","4","26"
"Matcher.java:1270 java.util.regex.Pattern$Slice.match(Matcher, int, CharSequence)","4","27"
"Pattern.java:3971","4","28"
"URNType.java:723","4","23"
"URN.java:179 eu.prismacloud.primitives.zkpgs.util.NamespaceComponent.fromString(String, NamespaceComponent$Type)","8","20"
"NamespaceComponent.java:48 eu.prismacloud.primitives.zkpgs.util.NamespaceComponent.validate(String, NamespaceComponent$Type)","8","21"
"NamespaceComponent.java:62 eu.prismacloud.primitives.zkpgs.util.NamespaceComponent.validateNSS(String)","8","22"
"NamespaceComponent.java:75 java.util.regex.Matcher.matches()","8","23"
"Matcher.java:604 java.util.regex.Matcher.match(int, int)","8","24"
"Matcher.java:1270 java.util.regex.Pattern$Begin.match(Matcher, int, CharSequence)","8","25"
"Pattern.java:3527 java.util.regex.Pattern$Prolog.match(Matcher, int, CharSequence)","8","26"
"Pattern.java:4743 java.util.regex.Pattern$Loop.matchInit(Matcher, int, CharSequence)","8","27"
"Pattern.java:4803 java.util.regex.Pattern$GroupHead.match(Matcher, int, CharSequence)","8","28"
"Pattern.java:4660 java.util.regex.Pattern$Branch.match(Matcher, int, CharSequence)","8","29"
"Pattern.java:4606 java.util.regex.Pattern$CharProperty.match(Matcher, int, CharSequence)","8","30"
"Pattern.java:3779 java.util.regex.Pattern$BranchConn.match(Matcher, int, CharSequence)","8","31"
"Pattern.java:4570 java.util.regex.Pattern$GroupTail.match(Matcher, int, CharSequence)","8","32"
"Pattern.java:4719 java.util.regex.Pattern$Loop.match(Matcher, int, CharSequence)","8","33"
"Pattern.java:4787 java.util.regex.Pattern$GroupHead.match(Matcher, int, CharSequence)","8","34"
"Pattern.java:4660 java.util.regex.Pattern$Branch.match(Matcher, int, CharSequence)","8","35"
"Pattern.java:4606 java.util.regex.Pattern$CharProperty.match(Matcher, int, CharSequence)","8","36"
"Pattern.java:3779 java.util.regex.Pattern$BranchConn.match(Matcher, int, CharSequence)","8","37"
"Pattern.java:4570 java.util.regex.Pattern$GroupTail.match(Matcher, int, CharSequence)","8","38"
"Pattern.java:4719 java.util.regex.Pattern$Loop.match(Matcher, int, CharSequence)","8","39"
"Pattern.java:4787 java.util.regex.Pattern$GroupHead.match(Matcher, int, CharSequence)","8","40"
"Pattern.java:4660 java.util.regex.Pattern$Branch.match(Matcher, int, CharSequence)","8","41"
"Pattern.java:4606 java.util.regex.Pattern$CharProperty.match(Matcher, int, CharSequence)","8","42"
"Pattern.java:3779 java.util.regex.Pattern$BranchConn.match(Matcher, int, CharSequence)","8","43"
"Pattern.java:4570 java.util.regex.Pattern$GroupTail.match(Matcher, int, CharSequence)","8","44"
"Pattern.java:4719 java.util.regex.Pattern$Loop.match(Matcher, int, CharSequence)","8","45"
"Pattern.java:4787 java.util.regex.Pattern$GroupHead.match(Matcher, int, CharSequence)","8","46"
"Pattern.java:4660 java.util.regex.Pattern$Branch.match(Matcher, int, CharSequence)","8","47"
"Pattern.java:4606 java.util.regex.Pattern$CharProperty.match(Matcher, int, CharSequence)","8","48"
"Pattern.java:3779 java.util.regex.Pattern$BranchConn.match(Matcher, int, CharSequence)","8","49"
"Pattern.java:4570 java.util.regex.Pattern$GroupTail.match(Matcher, int, CharSequence)","8","50"
"Pattern.java:4719 java.util.regex.Pattern$Loop.match(Matcher, int, CharSequence)","8","51"
"Pattern.java:4787 java.util.regex.Pattern$GroupHead.match(Matcher, int, CharSequence)","8","52"
"Pattern.java:4660 java.util.regex.Pattern$Branch.match(Matcher, int, CharSequence)","8","53"
"Pattern.java:4606 java.util.regex.Pattern$CharProperty.match(Matcher, int, CharSequence)","8","54"
"Pattern.java:3779 java.util.regex.Pattern$BranchConn.match(Matcher, int, CharSequence)","8","55"
"Pattern.java:4570 java.util.regex.Pattern$GroupTail.match(Matcher, int, CharSequence)","8","56"
"Pattern.java:4719 java.util.regex.Pattern$Loop.match(Matcher, int, CharSequence)","8","57"
"Pattern.java:4787 java.util.regex.Pattern$GroupHead.match(Matcher, int, CharSequence)","8","58"
"Pattern.java:4660 java.util.regex.Pattern$Branch.match(Matcher, int, CharSequence)","8","59"
"Pattern.java:4606 java.util.regex.Pattern$CharProperty.match(Matcher, int, CharSequence)","8","60"
"Pattern.java:3779 java.util.regex.Pattern$BranchConn.match(Matcher, int, CharSequence)","8","61"
"Pattern.java:4570 java.util.regex.Pattern$GroupTail.match(Matcher, int, CharSequence)","8","62"
"Pattern.java:4719 java.util.regex.Pattern$Loop.match(Matcher, int, CharSequence)","8","63"
"Pattern.java:4787 java.util.regex.Pattern$GroupHead.match(Matcher, int, CharSequence)","8","64"
"Pattern.java:4660 java.util.regex.Pattern$Branch.match(Matcher, int, CharSequence)","8","65"
"Pattern.java:4606 java.util.regex.Pattern$CharProperty.match(Matcher, int, CharSequence)","8","66"
"Pattern.java:3779 java.util.regex.Pattern$BranchConn.match(Matcher, int, CharSequence)","8","67"
"Pattern.java:4570 java.util.regex.Pattern$GroupTail.match(Matcher, int, CharSequence)","8","68"
"Pattern.java:4719 java.util.regex.Pattern$Loop.match(Matcher, int, CharSequence)","8","69"
"Pattern.java:4787 java.util.regex.Pattern$GroupHead.match(Matcher, int, CharSequence)","8","70"
"Pattern.java:4660 java.util.regex.Pattern$Branch.match(Matcher, int, CharSequence)","8","71"
"Pattern.java:4606 java.util.regex.Pattern$CharProperty.match(Matcher, int, CharSequence)","8","72"
"Pattern.java:3779","8","73"
"ProverOrchestrator.java:303 eu.prismacloud.primitives.zkpgs.store.URN.createZkpgsURN(String)","8","19"
"URN.java:181 eu.prismacloud.primitives.zkpgs.store.URN.<init>(NamespaceComponent, NamespaceComponent, boolean)","8","20"
"URN.java:39 eu.prismacloud.primitives.zkpgs.store.URNType.parseURNType(String)","8","21"
"URNType.java:708 eu.prismacloud.primitives.zkpgs.store.URN.parseSuffix(String)","4","22"
"URN.java:307 java.util.StringTokenizer.nextToken()","4","23"
"StringTokenizer.java:352 java.lang.String.substring(int, int)","4","24"
"String.java:1969","4","25"
"URNType.java:708 eu.prismacloud.primitives.zkpgs.store.URNType.parseURNSuffix(String)","4","22"
"URNType.java:723","4","23"
"ProverOrchestrator.java:291 eu.prismacloud.primitives.zkpgs.store.ProofStore.retrieve(String)","4","19"
"ProofStore.java:94 eu.prismacloud.primitives.zkpgs.store.URN.createURN(String, String)","4","20"
"URN.java:161 eu.prismacloud.primitives.zkpgs.store.URN.<init>(NamespaceComponent, NamespaceComponent, boolean)","4","21"
"URN.java:39 eu.prismacloud.primitives.zkpgs.store.URNType.parseURNType(String)","4","22"
"URNType.java:708 eu.prismacloud.primitives.zkpgs.store.URNType.parseURNSuffix(String)","4","23"
"URNType.java:723 java.lang.String.matches(String)","4","24"
"String.java:2121 java.util.regex.Pattern.matches(String, CharSequence)","4","25"
"Pattern.java:1135 java.util.regex.Matcher.matches()","4","26"
"Matcher.java:604 java.util.regex.Matcher.match(int, int)","4","27"
"Matcher.java:1270 java.util.regex.Pattern$Slice.match(Matcher, int, CharSequence)","4","28"
"Pattern.java:3964","4","29"
"ProverOrchestrator.java:304 eu.prismacloud.primitives.zkpgs.store.ProofStore.retrieve(String)","4","19"
"ProofStore.java:94 eu.prismacloud.primitives.zkpgs.store.URN.createURN(String, String)","4","20"
"URN.java:161 eu.prismacloud.primitives.zkpgs.store.URN.<init>(NamespaceComponent, NamespaceComponent, boolean)","4","21"
"URN.java:39 eu.prismacloud.primitives.zkpgs.store.URNType.parseURNType(String)","4","22"
"URNType.java:708 eu.prismacloud.primitives.zkpgs.store.URNType.parseURNSuffix(String)","4","23"
"URNType.java:723 java.lang.String.matches(String)","4","24"
"String.java:2121 java.util.regex.Pattern.matches(String, CharSequence)","4","25"
"Pattern.java:1135 java.util.regex.Matcher.matches()","4","26"
"Matcher.java:604 java.util.regex.Matcher.match(int, int)","4","27"
"Matcher.java:1270 java.util.regex.Pattern$Slice.match(Matcher, int, CharSequence)","4","28"
"Pattern.java:3971","4","29"
"ProverOrchestrator.java:356 eu.prismacloud.primitives.zkpgs.prover.AbstractCommitmentProver.executePostChallengePhase(BigInteger)","20","18"
"AbstractCommitmentProver.java:165 eu.prismacloud.primitives.zkpgs.prover.AbstractCommitmentProver.computeResponses(BigInteger)","20","19"
"AbstractCommitmentProver.java:190 eu.prismacloud.primitives.zkpgs.prover.CommitmentProver.getHatRandomnessURN()","12","20"
"CommitmentProver.java:108 eu.prismacloud.primitives.zkpgs.store.URNType.buildURN(URNType, Class, int)","12","21"
"URNType.java:617 eu.prismacloud.primitives.zkpgs.store.URNType.buildURNComponent(URNType, Class, int)","8","22"
"URNType.java:634 eu.prismacloud.primitives.zkpgs.store.URNType.isURNGoverner(Class)","8","23"
"URNType.java:650 java.lang.Class.getInterfaces()","8","24"
"Class.java:856 java.lang.Object.clone()","8","25"
"URNType.java:617 eu.prismacloud.primitives.zkpgs.store.URN.createZkpgsURN(String)","4","22"
"URN.java:181 eu.prismacloud.primitives.zkpgs.store.URN.<init>(NamespaceComponent, NamespaceComponent, boolean)","4","23"
"URN.java:39 eu.prismacloud.primitives.zkpgs.store.URNType.parseURNType(String)","4","24"
"URNType.java:708 eu.prismacloud.primitives.zkpgs.store.URNType.parseURNSuffix(String)","4","25"
"URNType.java:723 java.lang.String.matches(String)","4","26"
"String.java:2121 java.util.regex.Pattern.matches(String, CharSequence)","4","27"
"Pattern.java:1134 java.util.regex.Pattern.matcher(CharSequence)","4","28"
"Pattern.java:1093 java.util.regex.Matcher.<init>(Pattern, CharSequence)","4","29"
"Matcher.java:229 java.util.regex.Matcher.reset()","4","30"
"Matcher.java:309 java.util.regex.Matcher.getTextLength()","4","31"
"Matcher.java:1283","4","32"
"AbstractCommitmentProver.java:191 eu.prismacloud.primitives.zkpgs.prover.CommitmentProver.getHatRandomnessURN()","4","20"
"CommitmentProver.java:108 java.lang.Object.getClass()","4","21"
"AbstractCommitmentProver.java:186 eu.prismacloud.primitives.zkpgs.prover.CommitmentProver.getTildeRandomnessURN()","4","20"
"CommitmentProver.java:73 eu.prismacloud.primitives.zkpgs.store.URNType.buildURN(URNType, Class, int)","4","21"
"URNType.java:617 eu.prismacloud.primitives.zkpgs.store.URN.createZkpgsURN(String)","4","22"
"URN.java:181 eu.prismacloud.primitives.zkpgs.store.URN.<init>(NamespaceComponent, NamespaceComponent, boolean)","4","23"
"URN.java:39 eu.prismacloud.primitives.zkpgs.store.URNType.parseURNType(String)","4","24"
"URNType.java:708 eu.prismacloud.primitives.zkpgs.store.URNType.parseURNSuffix(String)","4","25"
"URNType.java:723 java.lang.String.matches(String)","4","26"
"String.java:2121 java.util.regex.Pattern.matches(String, CharSequence)","4","27"
"Pattern.java:1135 java.util.regex.Matcher.matches()","4","28"
"Matcher.java:604 java.util.regex.Matcher.match(int, int)","4","29"
"Matcher.java:1270 java.util.regex.Pattern$Slice.match(Matcher, int, CharSequence)","4","30"
"Pattern.java:3971","4","31"
"ProvingBenchmark.java:223 eu.prismacloud.primitives.zkpgs.orchestrator.VerifierOrchestrator.receiveProverMessage()","76","17"
"VerifierOrchestrator.java:121 eu.prismacloud.primitives.zkpgs.orchestrator.VerifierOrchestrator.storeProofSignature(Map)","64","18"
"VerifierOrchestrator.java:209 eu.prismacloud.primitives.zkpgs.store.URN.createZkpgsURN(String)","28","19"
"URN.java:181 eu.prismacloud.primitives.zkpgs.store.URN.<init>(NamespaceComponent, NamespaceComponent, boolean)","28","20"
"URN.java:39 eu.prismacloud.primitives.zkpgs.store.URNType.parseURNType(String)","28","21"
"URNType.java:708 eu.prismacloud.primitives.zkpgs.store.URNType.parseURNSuffix(String)","28","22"
"URNType.java:723 java.lang.String.matches(String)","20","23"
"String.java:2121 java.util.regex.Pattern.matches(String, CharSequence)","20","24"
"Pattern.java:1133 java.util.regex.Pattern.compile(String)","20","25"
"Pattern.java:1028 java.util.regex.Pattern.<init>(String, int)","20","26"
"Pattern.java:1351","16","27"
"Pattern.java:1351 java.util.regex.Pattern.compile()","4","27"
"Pattern.java:1698 java.util.regex.Pattern.expr(Pattern$Node)","4","28"
"Pattern.java:1998 java.util.regex.Pattern.sequence(Pattern$Node)","4","29"
"Pattern.java:2048","4","30"
"URNType.java:723","8","23"
"VerifierOrchestrator.java:189 eu.prismacloud.primitives.zkpgs.store.ProofStore.store(String, Object)","20","19"
"ProofStore.java:71 eu.prismacloud.primitives.zkpgs.store.URN.createURN(String, String)","20","20"
"URN.java:161 eu.prismacloud.primitives.zkpgs.store.URN.<init>(NamespaceComponent, NamespaceComponent, boolean)","20","21"
"URN.java:39 eu.prismacloud.primitives.zkpgs.store.URNType.parseURNType(String)","20","22"
"URNType.java:708 eu.prismacloud.primitives.zkpgs.store.URNType.parseURNSuffix(String)","20","23"
"URNType.java:723 java.lang.String.matches(String)","16","24"
"String.java:2121 java.util.regex.Pattern.matches(String, CharSequence)","16","25"
"Pattern.java:1133 java.util.regex.Pattern.compile(String)","16","26"
"Pattern.java:1028 java.util.regex.Pattern.<init>(String, int)","16","27"
"Pattern.java:1351 java.util.regex.Pattern.compile()","12","28"
"Pattern.java:1713 java.util.regex.Pattern$Start.<init>(Pattern$Node)","8","29"
"Pattern.java:3453 java.util.regex.Pattern$SliceNode.study(Pattern$TreeInfo)","8","30"
"Pattern.java:3951","8","31"
"Pattern.java:1698 java.util.regex.Pattern.expr(Pattern$Node)","4","29"
"Pattern.java:1998 java.util.regex.Pattern.sequence(Pattern$Node)","4","30"
"Pattern.java:2132 java.util.regex.Pattern.atom()","4","31"
"Pattern.java:2233 java.util.regex.Pattern.newSingle(int)","4","32"
"Pattern.java:3344","4","33"
"Pattern.java:1351","4","28"
"URNType.java:720 eu.prismacloud.primitives.zkpgs.store.URNType.values()","4","24"
"URNType.java:15 java.lang.Object.clone()","4","25"
"VerifierOrchestrator.java:211 eu.prismacloud.primitives.zkpgs.store.ProofStore.store(String, Object)","8","19"
"ProofStore.java:71 eu.prismacloud.primitives.zkpgs.store.URN.createURN(String, String)","8","20"
"URN.java:161 eu.prismacloud.primitives.zkpgs.store.URN.<init>(NamespaceComponent, NamespaceComponent, boolean)","8","21"
"URN.java:39 eu.prismacloud.primitives.zkpgs.store.URNType.parseURNType(String)","8","22"
"URNType.java:708 eu.prismacloud.primitives.zkpgs.store.URNType.parseURNSuffix(String)","8","23"
"URNType.java:723 java.lang.String.matches(String)","8","24"
"String.java:2121 java.util.regex.Pattern.matches(String, CharSequence)","8","25"
"Pattern.java:1133 java.util.regex.Pattern.compile(String)","8","26"
"Pattern.java:1028 java.util.regex.Pattern.<init>(String, int)","8","27"
"Pattern.java:1351 java.util.regex.Pattern.compile()","4","28"
"Pattern.java:1698 java.util.regex.Pattern.expr(Pattern$Node)","4","29"
"Pattern.java:1998 java.util.regex.Pattern.sequence(Pattern$Node)","4","30"
"Pattern.java:2048","4","31"
"Pattern.java:1351","4","28"
"VerifierOrchestrator.java:194 eu.prismacloud.primitives.zkpgs.store.URN.createZkpgsURN(String)","8","19"
"URN.java:181 eu.prismacloud.primitives.zkpgs.store.URN.<init>(NamespaceComponent, NamespaceComponent, boolean)","8","20"
"URN.java:39 eu.prismacloud.primitives.zkpgs.store.URNType.parseURNType(String)","8","21"
"URNType.java:708 eu.prismacloud.primitives.zkpgs.store.URNType.parseURNSuffix(String)","8","22"
"URNType.java:723 java.lang.String.matches(String)","8","23"
"String.java:2121 java.util.regex.Pattern.matches(String, CharSequence)","8","24"
"Pattern.java:1133 java.util.regex.Pattern.compile(String)","8","25"
"Pattern.java:1028 java.util.regex.Pattern.<init>(String, int)","8","26"
"Pattern.java:1351 java.util.regex.Pattern.compile()","8","27"
"Pattern.java:1698 java.util.regex.Pattern.expr(Pattern$Node)","8","28"
"Pattern.java:1998 java.util.regex.Pattern.sequence(Pattern$Node)","8","29"
"Pattern.java:2048","8","30"
"VerifierOrchestrator.java:117 eu.prismacloud.primitives.zkpgs.orchestrator.VerifierOrchestrator.constructBaseCollection(Map)","8","18"
"VerifierOrchestrator.java:467 eu.prismacloud.primitives.zkpgs.keys.ExtendedPublicKey.getEdgeBase(int)","4","19"
"ExtendedPublicKey.java:232","4","20"
"VerifierOrchestrator.java:461 eu.prismacloud.primitives.zkpgs.store.URN.matchesPrefix(String)","4","19"
"URN.java:280 java.lang.String.matches(String)","4","20"
"String.java:2121 java.util.regex.Pattern.matches(String, CharSequence)","4","21"
"Pattern.java:1133 java.util.regex.Pattern.compile(String)","4","22"
"Pattern.java:1028 java.util.regex.Pattern.<init>(String, int)","4","23"
"Pattern.java:1351 java.util.regex.Pattern.compile()","4","24"
"Pattern.java:1698 java.util.regex.Pattern.expr(Pattern$Node)","4","25"
"Pattern.java:1998 java.util.regex.Pattern.sequence(Pattern$Node)","4","26"
"Pattern.java:2048","4","27"
"VerifierOrchestrator.java:114 eu.prismacloud.primitives.zkpgs.store.URN.createZkpgsURN(String)","4","18"
"URN.java:181 eu.prismacloud.primitives.zkpgs.store.URN.<init>(NamespaceComponent, NamespaceComponent, boolean)","4","19"
"URN.java:39 eu.prismacloud.primitives.zkpgs.store.URNType.parseURNType(String)","4","20"
"URNType.java:708 eu.prismacloud.primitives.zkpgs.store.URNType.parseURNSuffix(String)","4","21"
"URNType.java:720 eu.prismacloud.primitives.zkpgs.store.URNType.values()","4","22"
"URNType.java:15 java.lang.Object.clone()","4","23"
"ProvingBenchmark.java:220 eu.prismacloud.primitives.zkpgs.orchestrator.ProverOrchestrator.computeChallenge()","44","17"
"ProverOrchestrator.java:331 eu.prismacloud.primitives.zkpgs.orchestrator.ProverOrchestrator.populateChallengeList()","28","18"
"ProverOrchestrator.java:391 eu.prismacloud.primitives.zkpgs.context.GSContext.computeChallengeContext()","16","19"
"GSContext.java:25 eu.prismacloud.primitives.zkpgs.context.GSContext.addToChallengeContext(List)","16","20"
"GSContext.java:31 eu.prismacloud.primitives.zkpgs.keys.ExtendedPublicKey.addToChallengeContext(List)","16","21"
"ExtendedPublicKey.java:148 eu.prismacloud.primitives.zkpgs.BaseRepresentation.addToChallengeContext(List)","16","22"
"BaseRepresentation.java:102 java.lang.String.valueOf(Object)","16","23"
"String.java:2994 java.math.BigInteger.toString()","16","24"
"BigInteger.java:3959 java.math.BigInteger.toString(int)","16","25"
"BigInteger.java:3798 java.math.BigInteger.smallToString(int)","16","26"
"BigInteger.java:3836 java.lang.Long.toString(long, int)","12","27"
"Long.java:124 java.lang.Long.toString(long)","12","28"
"Long.java:397","8","29"
"Long.java:396 java.lang.Long.stringSize(long)","4","29"
"Long.java:479","4","30"
"BigInteger.java:3836","4","27"
"ProverOrchestrator.java:406 eu.prismacloud.primitives.zkpgs.store.ProofStore.retrieve(String)","8","19"
"ProofStore.java:94 eu.prismacloud.primitives.zkpgs.store.URN.createURN(String, String)","8","20"
"URN.java:161 eu.prismacloud.primitives.zkpgs.store.URN.<init>(NamespaceComponent, NamespaceComponent, boolean)","8","21"
"URN.java:39 eu.prismacloud.primitives.zkpgs.store.URNType.parseURNType(String)","8","22"
"URNType.java:708 eu.prismacloud.primitives.zkpgs.store.URNType.parseURNSuffix(String)","8","23"
"URNType.java:723 java.lang.String.matches(String)","8","24"
"String.java:2121 java.util.regex.Pattern.matches(String, CharSequence)","8","25"
"Pattern.java:1133 java.util.regex.Pattern.compile(String)","8","26"
"Pattern.java:1028 java.util.regex.Pattern.<init>(String, int)","8","27"
"Pattern.java:1351 java.util.regex.Pattern.compile()","8","28"
"Pattern.java:1685 java.util.regex.Pattern.RemoveQEQuoting()","8","29"
"Pattern.java:1592","8","30"
"ProverOrchestrator.java:390 java.lang.ClassLoader.loadClass(String)","4","19"
"ClassLoader.java:357 sun.misc.Launcher$AppClassLoader.loadClass(String, boolean)","4","20"
"Launcher.java:349 java.lang.ClassLoader.loadClass(String, boolean)","4","21"
"ClassLoader.java:411 java.lang.ClassLoader.loadClass(String, boolean)","4","22"
"ClassLoader.java:424 java.net.URLClassLoader.findClass(String)","4","23"
"URLClassLoader.java:382","4","24"
"ProverOrchestrator.java:334 eu.prismacloud.primitives.zkpgs.util.CryptoUtilsFacade.computeHash(List, int)","16","18"
"CryptoUtilsFacade.java:76 eu.prismacloud.primitives.zkpgs.util.GSUtils.computeHash(List, int)","16","19"
"GSUtils.java:600 java.security.MessageDigest.update(byte[])","12","20"
"MessageDigest.java:335 java.security.MessageDigest$Delegate.engineUpdate(byte[], int, int)","12","21"
"MessageDigest.java:584 sun.security.provider.DigestBase.engineUpdate(byte[], int, int)","12","22"
"DigestBase.java:128 sun.security.provider.DigestBase.implCompressMultiBlock(byte[], int, int)","8","23"
"DigestBase.java:141 sun.security.provider.SHA2.implCompress(byte[], int)","8","24"
"SHA2.java:201 sun.security.provider.SHA2.lf_delta1(int)","8","25"
"SHA2.java:189","8","26"
"DigestBase.java:128","4","23"
"GSUtils.java:600 java.lang.String.getBytes(Charset)","4","20"
"String.java:941 java.lang.StringCoding.encode(Charset, char[], int, int)","4","21"
"StringCoding.java:348 sun.nio.cs.UTF_8.newEncoder()","4","22"
"UTF_8.java:72 sun.nio.cs.UTF_8$Encoder.<init>(Charset, UTF_8$1)","4","23"
"UTF_8.java:554 sun.nio.cs.UTF_8$Encoder.<init>(Charset)","4","24"
"UTF_8.java:558 java.nio.charset.CharsetEncoder.<init>(Charset, float, float)","4","25"
"CharsetEncoder.java:233","4","26"
"ProvingBenchmark.java:225 eu.prismacloud.primitives.zkpgs.orchestrator.VerifierOrchestrator.computeChallenge()","16","17"
"VerifierOrchestrator.java:284 eu.prismacloud.primitives.zkpgs.orchestrator.VerifierOrchestrator.populateChallengeList()","12","18"
"VerifierOrchestrator.java:310","8","19"
"VerifierOrchestrator.java:321 java.lang.String.valueOf(Object)","4","19"
"String.java:2994 eu.prismacloud.primitives.zkpgs.util.crypto.QRElement.toString()","4","20"
"QRElement.java:191","4","21"
"VerifierOrchestrator.java:286 eu.prismacloud.primitives.zkpgs.util.CryptoUtilsFacade.computeHash(List, int)","4","18"
"CryptoUtilsFacade.java:76 eu.prismacloud.primitives.zkpgs.util.GSUtils.computeHash(List, int)","4","19"
"GSUtils.java:600","4","20"
"ProvingBenchmark_ProvingVerifyingBenchmark_compute_jmhTest.java:680 eu.prismacloud.primitives.grs.bench.ProvingBenchmark$ProvingVerifyingBenchmark.setup()","376","16"
"ProvingBenchmark.java:211 eu.prismacloud.primitives.grs.bench.GSBenchmark.setup()","376","17"
"GSBenchmark.java:107 eu.prismacloud.primitives.zkpgs.util.FilePersistenceUtil.read(String)","144","18"
"FilePersistenceUtil.java:34 java.io.ObjectInputStream.readObject()","140","19"
"ObjectInputStream.java:431 java.io.ObjectInputStream.readObject0(boolean)","140","20"
"ObjectInputStream.java:1573 java.io.ObjectInputStream.readOrdinaryObject(boolean)","140","21"
"ObjectInputStream.java:2069 java.io.ObjectInputStream.readSerialData(Object, ObjectStreamClass)","140","22"
"ObjectInputStream.java:2211 java.io.ObjectInputStream.defaultReadFields(Object, ObjectStreamClass)","140","23"
"ObjectInputStream.java:2287 java.io.ObjectInputStream.readObject0(boolean)","140","24"
"ObjectInputStream.java:1573 java.io.ObjectInputStream.readOrdinaryObject(boolean)","140","25"
"ObjectInputStream.java:2069 java.io.ObjectInputStream.readSerialData(Object, ObjectStreamClass)","132","26"
"ObjectInputStream.java:2178 java.io.ObjectStreamClass.invokeReadObject(Object, ObjectInputStream)","96","27"
"ObjectStreamClass.java:1170 java.lang.reflect.Method.invoke(Object, Object[])","96","28"
"Method.java:498 sun.reflect.DelegatingMethodAccessorImpl.invoke(Object, Object[])","96","29"
"DelegatingMethodAccessorImpl.java:43 sun.reflect.NativeMethodAccessorImpl.invoke(Object, Object[])","96","30"
"NativeMethodAccessorImpl.java:62 sun.reflect.NativeMethodAccessorImpl.invoke0(Method, Object, Object[])","96","31"
"NativeMethodAccessorImpl.java (native) java.util.HashMap.readObject(ObjectInputStream)","96","32"
"HashMap.java:1412 java.io.ObjectInputStream.readObject()","60","33"
"ObjectInputStream.java:431 java.io.ObjectInputStream.readObject0(boolean)","60","34"
"ObjectInputStream.java:1573 java.io.ObjectInputStream.readOrdinaryObject(boolean)","60","35"
"ObjectInputStream.java:2069 java.io.ObjectInputStream.readSerialData(Object, ObjectStreamClass)","56","36"
"ObjectInputStream.java:2211 java.io.ObjectInputStream.defaultReadFields(Object, ObjectStreamClass)","48","37"
"ObjectInputStream.java:2287 java.io.ObjectInputStream.readObject0(boolean)","48","38"
"ObjectInputStream.java:1573 java.io.ObjectInputStream.readOrdinaryObject(boolean)","48","39"
"ObjectInputStream.java:2069 java.io.ObjectInputStream.readSerialData(Object, ObjectStreamClass)","36","40"
"ObjectInputStream.java:2211 java.io.ObjectInputStream.defaultReadFields(Object, ObjectStreamClass)","36","41"
"ObjectInputStream.java:2287 java.io.ObjectInputStream.readObject0(boolean)","36","42"
"ObjectInputStream.java:1573 java.io.ObjectInputStream.readOrdinaryObject(boolean)","20","43"
"ObjectInputStream.java:2069 java.io.ObjectInputStream.readSerialData(Object, ObjectStreamClass)","16","44"
"ObjectInputStream.java:2211 java.io.ObjectInputStream.defaultReadFields(Object, ObjectStreamClass)","8","45"
"ObjectInputStream.java:2283","8","46"
"ObjectInputStream.java:2178 java.io.ObjectStreamClass.invokeReadObject(Object, ObjectInputStream)","8","45"
"ObjectStreamClass.java:1170 java.lang.reflect.Method.invoke(Object, Object[])","8","46"
"Method.java:498 sun.reflect.DelegatingMethodAccessorImpl.invoke(Object, Object[])","8","47"
"DelegatingMethodAccessorImpl.java:43 sun.reflect.GeneratedMethodAccessor1.invoke(Object, Object[])","8","48"
"java.math.BigInteger.readObject(ObjectInputStream)","8","49"
"BigInteger.java:4507 java.io.ObjectInputStream.readFields()","4","50"
"ObjectInputStream.java:600 java.io.ObjectInputStream$GetFieldImpl.<init>(ObjectInputStream, ObjectStreamClass)","4","51"
"ObjectInputStream.java:2374 java.io.ObjectInputStream$GetField.<init>()","4","52"
"ObjectInputStream.java:1300","4","53"
"BigInteger.java:4529 java.math.BigInteger$UnsafeHolder.putSign(BigInteger, int)","4","50"
"BigInteger.java:4560 sun.misc.Unsafe.putIntVolatile(Object, long, int)","4","51"
"ObjectInputStream.java:2042 java.io.ObjectInputStream.readClassDesc(boolean)","4","44"
"ObjectInputStream.java:1751 java.io.ObjectInputStream.readNonProxyDesc(boolean)","4","45"
"ObjectInputStream.java:1885 java.io.ObjectStreamClass.initNonProxy(ObjectStreamClass, Class, ClassNotFoundException, ObjectStreamClass)","4","46"
"ObjectStreamClass.java:681 java.io.ObjectStreamClass.lookup(Class, boolean)","4","47"
"ObjectStreamClass.java:391 java.io.ObjectStreamClass.<init>(Class)","4","48"
"ObjectStreamClass.java:494 java.security.AccessController.doPrivileged(PrivilegedAction)","4","49"
"AccessController.java (native) java.io.ObjectStreamClass$3.run()","4","50"
"ObjectStreamClass.java:494 java.io.ObjectStreamClass$3.run()","4","51"
"ObjectStreamClass.java:526 java.io.ObjectStreamClass.access$1700(Class, String, Class[], Class)","4","52"
"ObjectStreamClass.java:79 java.io.ObjectStreamClass.getPrivateMethod(Class, String, Class[], Class)","4","53"
"ObjectStreamClass.java:1629 java.lang.Class.getDeclaredMethod(String, Class[])","4","54"
"Class.java:2130","4","55"
"ObjectInputStream.java:1553 java.io.ObjectInputStream.readHandle(boolean)","12","43"
"ObjectInputStream.java:1684 java.io.ObjectInputStream$BlockDataInputStream.readInt()","12","44"
"ObjectInputStream.java:3180 java.io.ObjectInputStream$PeekInputStream.readFully(byte[], int, int)","12","45"
"ObjectInputStream.java:2679 java.io.ObjectInputStream$PeekInputStream.read(byte[], int, int)","12","46"
"ObjectInputStream.java:2663 java.io.FileInputStream.read(byte[], int, int)","12","47"
"FileInputStream.java:255 java.io.FileInputStream.readBytes(byte[], int, int)","12","48"
"ObjectInputStream.java:1540 java.io.ObjectInputStream$BlockDataInputStream.peekByte()","4","43"
"ObjectInputStream.java:2958 java.io.ObjectInputStream$BlockDataInputStream.peek()","4","44"
"ObjectInputStream.java:2948 java.io.ObjectInputStream$PeekInputStream.peek()","4","45"
"ObjectInputStream.java:2641 java.io.FileInputStream.read()","4","46"
"FileInputStream.java:207 java.io.FileInputStream.read0()","4","47"
"ObjectInputStream.java:2042 java.io.ObjectInputStream.readClassDesc(boolean)","8","40"
"ObjectInputStream.java:1751 java.io.ObjectInputStream.readNonProxyDesc(boolean)","8","41"
"ObjectInputStream.java:1885 java.io.ObjectStreamClass.initNonProxy(ObjectStreamClass, Class, ClassNotFoundException, ObjectStreamClass)","8","42"
"ObjectStreamClass.java:681 java.io.ObjectStreamClass.lookup(Class, boolean)","8","43"
"ObjectStreamClass.java:391 java.io.ObjectStreamClass.<init>(Class)","8","44"
"ObjectStreamClass.java:494 java.security.AccessController.doPrivileged(PrivilegedAction)","8","45"
"AccessController.java (native) java.io.ObjectStreamClass$3.run()","8","46"
"ObjectStreamClass.java:494 java.io.ObjectStreamClass$3.run()","8","47"
"ObjectStreamClass.java:519 java.io.ObjectStreamClass.access$1500(Class)","8","48"
"ObjectStreamClass.java:79 java.io.ObjectStreamClass.getSerializableConstructor(Class)","8","49"
"ObjectStreamClass.java:1574 sun.reflect.ReflectionFactory.newConstructorForSerialization(Class, Constructor)","8","50"
"ReflectionFactory.java:360 sun.reflect.ReflectionFactory.generateConstructor(Class, Constructor)","8","51"
"ReflectionFactory.java:398 sun.reflect.MethodAccessorGenerator.generateSerializationConstructor(Class, Class[], Class[], int, Class)","8","52"
"MethodAccessorGenerator.java:112 sun.reflect.MethodAccessorGenerator.generate(Class, String, Class[], Class, Class[], int, boolean, boolean, Class)","8","53"
"MethodAccessorGenerator.java:380 sun.reflect.MethodAccessorGenerator.emitInvoke()","8","54"
"MethodAccessorGenerator.java:421 sun.reflect.ClassFileAssembler.<init>()","8","55"
"ClassFileAssembler.java:33 sun.reflect.ByteVectorFactory.create()","8","56"
"ByteVectorFactory.java:30 sun.reflect.ByteVectorImpl.<init>()","8","57"
"ByteVectorImpl.java:33 sun.reflect.ByteVectorImpl.<init>(int)","8","58"
"ByteVectorImpl.java:37","8","59"
"ObjectInputStream.java:2053 java.io.ObjectStreamClass.newInstance()","4","40"
"ObjectStreamClass.java:1091","4","41"
"ObjectInputStream.java:2178 java.io.ObjectStreamClass.invokeReadObject(Object, ObjectInputStream)","8","37"
"ObjectStreamClass.java:1170 java.lang.reflect.Method.invoke(Object, Object[])","8","38"
"Method.java:498 sun.reflect.DelegatingMethodAccessorImpl.invoke(Object, Object[])","8","39"
"DelegatingMethodAccessorImpl.java:43 sun.reflect.GeneratedMethodAccessor1.invoke(Object, Object[])","8","40"
"java.math.BigInteger.readObject(ObjectInputStream)","8","41"
"BigInteger.java:4511 java.io.ObjectInputStream$GetFieldImpl.get(String, Object)","8","42"
"ObjectInputStream.java:2433","8","43"
"ObjectInputStream.java:2042 java.io.ObjectInputStream.readClassDesc(boolean)","4","36"
"ObjectInputStream.java:1738 java.io.ObjectInputStream$BlockDataInputStream.peekByte()","4","37"
"ObjectInputStream.java:2958 java.io.ObjectInputStream$BlockDataInputStream.peek()","4","38"
"ObjectInputStream.java:2948 java.io.ObjectInputStream$PeekInputStream.peek()","4","39"
"ObjectInputStream.java:2641 java.io.FileInputStream.read()","4","40"
"FileInputStream.java:207 java.io.FileInputStream.read0()","4","41"
"HashMap.java:1410 java.io.ObjectInputStream.readObject()","36","33"
"ObjectInputStream.java:431 java.io.ObjectInputStream.readObject0(boolean)","36","34"
"ObjectInputStream.java:1573 java.io.ObjectInputStream.readOrdinaryObject(boolean)","32","35"
"ObjectInputStream.java:2069 java.io.ObjectInputStream.readSerialData(Object, ObjectStreamClass)","24","36"
"ObjectInputStream.java:2211 java.io.ObjectInputStream.defaultReadFields(Object, ObjectStreamClass)","24","37"
"ObjectInputStream.java:2287 java.io.ObjectInputStream.readObject0(boolean)","24","38"
"ObjectInputStream.java:1573 java.io.ObjectInputStream.readOrdinaryObject(boolean)","20","39"
"ObjectInputStream.java:2042 java.io.ObjectInputStream.readClassDesc(boolean)","16","40"
"ObjectInputStream.java:1751 java.io.ObjectInputStream.readNonProxyDesc(boolean)","8","41"
"ObjectInputStream.java:1885 java.io.ObjectStreamClass.initNonProxy(ObjectStreamClass, Class, ClassNotFoundException, ObjectStreamClass)","8","42"
"ObjectStreamClass.java:681 java.io.ObjectStreamClass.lookup(Class, boolean)","8","43"
"ObjectStreamClass.java:391 java.io.ObjectStreamClass.<init>(Class)","8","44"
"ObjectStreamClass.java:494 java.security.AccessController.doPrivileged(PrivilegedAction)","8","45"
"AccessController.java (native) java.io.ObjectStreamClass$3.run()","8","46"
"ObjectStreamClass.java:494 java.io.ObjectStreamClass$3.run()","8","47"
"ObjectStreamClass.java:506 java.io.ObjectStreamClass.access$700(Class)","8","48"
"ObjectStreamClass.java:79 java.io.ObjectStreamClass.getDeclaredSUID(Class)","8","49"
"ObjectStreamClass.java:1857 java.lang.Class.getDeclaredField(String)","8","50"
"Class.java:2068 java.lang.Class.privateGetDeclaredFields(boolean)","8","51"
"Class.java:2583 java.lang.Class.getDeclaredFields0(boolean)","8","52"
"Class.java (native) java.lang.ClassLoader.loadClass(String)","8","53"
"ClassLoader.java:357 sun.misc.Launcher$AppClassLoader.loadClass(String, boolean)","8","54"
"Launcher.java:349 java.lang.ClassLoader.loadClass(String, boolean)","8","55"
"ClassLoader.java:411 java.lang.ClassLoader.loadClass(String, boolean)","8","56"
"ClassLoader.java:413 java.lang.ClassLoader.findBootstrapClassOrNull(String)","8","57"
"ClassLoader.java:1015 java.lang.ClassLoader.findBootstrapClass(String)","8","58"
"ObjectInputStream.java:1738 java.io.ObjectInputStream$BlockDataInputStream.peekByte()","8","41"
"ObjectInputStream.java:2958 java.io.ObjectInputStream$BlockDataInputStream.peek()","8","42"
"ObjectInputStream.java:2948 java.io.ObjectInputStream$PeekInputStream.peek()","8","43"
"ObjectInputStream.java:2641 java.io.FileInputStream.read()","8","44"
"FileInputStream.java:207 java.io.FileInputStream.read0()","8","45"
"ObjectInputStream.java:2069 java.io.ObjectInputStream.readSerialData(Object, ObjectStreamClass)","4","40"
"ObjectInputStream.java:2211 java.io.ObjectInputStream.defaultReadFields(Object, ObjectStreamClass)","4","41"
"ObjectInputStream.java:2287 java.io.ObjectInputStream.readObject0(boolean)","4","42"
"ObjectInputStream.java:1553 java.io.ObjectInputStream.readHandle(boolean)","4","43"
"ObjectInputStream.java:1684 java.io.ObjectInputStream$BlockDataInputStream.readInt()","4","44"
"ObjectInputStream.java:3180 java.io.ObjectInputStream$PeekInputStream.readFully(byte[], int, int)","4","45"
"ObjectInputStream.java:2679 java.io.ObjectInputStream$PeekInputStream.read(byte[], int, int)","4","46"
"ObjectInputStream.java:2663 java.io.FileInputStream.read(byte[], int, int)","4","47"
"FileInputStream.java:255 java.io.FileInputStream.readBytes(byte[], int, int)","4","48"
"ObjectInputStream.java:1570 java.io.ObjectInputStream.readEnum(boolean)","4","39"
"ObjectInputStream.java:2011 java.lang.Enum.valueOf(Class, String)","4","40"
"Enum.java:232 java.lang.Class.enumConstantDirectory()","4","41"
"Class.java:3341 java.lang.Class.getEnumConstantsShared()","4","42"
"Class.java:3311 java.lang.Class.getMethod(String, Class[])","4","43"
"Class.java:1784 java.lang.Class.getMethod0(String, Class[], boolean)","4","44"
"Class.java:3018 java.lang.Class.privateGetMethodRecursive(String, Class[], boolean, Class$MethodArray)","4","45"
"Class.java:3048 java.lang.Class.privateGetDeclaredMethods(boolean)","4","46"
"Class.java:2701 java.lang.Class.getDeclaredMethods0(boolean)","4","47"
"ObjectInputStream.java:2042 java.io.ObjectInputStream.readClassDesc(boolean)","8","36"
"ObjectInputStream.java:1745 java.io.ObjectInputStream.readHandle(boolean)","4","37"
"ObjectInputStream.java:1684 java.io.ObjectInputStream$BlockDataInputStream.readInt()","4","38"
"ObjectInputStream.java:3180 java.io.ObjectInputStream$PeekInputStream.readFully(byte[], int, int)","4","39"
"ObjectInputStream.java:2679 java.io.ObjectInputStream$PeekInputStream.read(byte[], int, int)","4","40"
"ObjectInputStream.java:2663 java.io.FileInputStream.read(byte[], int, int)","4","41"
"FileInputStream.java:255 java.io.FileInputStream.readBytes(byte[], int, int)","4","42"
"ObjectInputStream.java:1751 java.io.ObjectInputStream.readNonProxyDesc(boolean)","4","37"
"ObjectInputStream.java:1857 java.io.ObjectInputStream.readClassDescriptor()","4","38"
"ObjectInputStream.java:891 java.io.ObjectStreamClass.readNonProxy(ObjectInputStream)","4","39"
"ObjectStreamClass.java:805 java.io.ObjectStreamField.<init>(String, String, boolean)","4","40"
"ObjectStreamField.java:107 java.lang.String.intern()","4","41"
"ObjectInputStream.java:1540 java.io.ObjectInputStream$BlockDataInputStream.peekByte()","4","35"
"ObjectInputStream.java:2958 java.io.ObjectInputStream$BlockDataInputStream.peek()","4","36"
"ObjectInputStream.java:2948 java.io.ObjectInputStream$PeekInputStream.peek()","4","37"
"ObjectInputStream.java:2641 java.io.FileInputStream.read()","4","38"
"FileInputStream.java:207 java.io.FileInputStream.read0()","4","39"
"ObjectInputStream.java:2211 java.io.ObjectInputStream.defaultReadFields(Object, ObjectStreamClass)","36","27"
"ObjectInputStream.java:2287 java.io.ObjectInputStream.readObject0(boolean)","36","28"
"ObjectInputStream.java:1573 java.io.ObjectInputStream.readOrdinaryObject(boolean)","36","29"
"ObjectInputStream.java:2069 java.io.ObjectInputStream.readSerialData(Object, ObjectStreamClass)","24","30"
"ObjectInputStream.java:2211 java.io.ObjectInputStream.defaultReadFields(Object, ObjectStreamClass)","24","31"
"ObjectInputStream.java:2287 java.io.ObjectInputStream.readObject0(boolean)","24","32"
"ObjectInputStream.java:1573 java.io.ObjectInputStream.readOrdinaryObject(boolean)","24","33"
"ObjectInputStream.java:2069 java.io.ObjectInputStream.readSerialData(Object, ObjectStreamClass)","16","34"
"ObjectInputStream.java:2178 java.io.ObjectStreamClass.invokeReadObject(Object, ObjectInputStream)","16","35"
"ObjectStreamClass.java:1170 java.lang.reflect.Method.invoke(Object, Object[])","16","36"
"Method.java:498 sun.reflect.DelegatingMethodAccessorImpl.invoke(Object, Object[])","16","37"
"DelegatingMethodAccessorImpl.java:43 sun.reflect.NativeMethodAccessorImpl.invoke(Object, Object[])","16","38"
"NativeMethodAccessorImpl.java:62 sun.reflect.NativeMethodAccessorImpl.invoke0(Method, Object, Object[])","16","39"
"NativeMethodAccessorImpl.java (native) java.util.HashMap.readObject(ObjectInputStream)","16","40"
"HashMap.java:1410 java.io.ObjectInputStream.readObject()","12","41"
"ObjectInputStream.java:431 java.io.ObjectInputStream.readObject0(boolean)","12","42"
"ObjectInputStream.java:1573 java.io.ObjectInputStream.readOrdinaryObject(boolean)","12","43"
"ObjectInputStream.java:2069 java.io.ObjectInputStream.readSerialData(Object, ObjectStreamClass)","12","44"
"ObjectInputStream.java:2211 java.io.ObjectInputStream.defaultReadFields(Object, ObjectStreamClass)","12","45"
"ObjectInputStream.java:2287 java.io.ObjectInputStream.readObject0(boolean)","12","46"
"ObjectInputStream.java:1573 java.io.ObjectInputStream.readOrdinaryObject(boolean)","8","47"
"ObjectInputStream.java:2042 java.io.ObjectInputStream.readClassDesc(boolean)","8","48"
"ObjectInputStream.java:1738 java.io.ObjectInputStream$BlockDataInputStream.peekByte()","8","49"
"ObjectInputStream.java:2958 java.io.ObjectInputStream$BlockDataInputStream.peek()","8","50"
"ObjectInputStream.java:2948 java.io.ObjectInputStream$PeekInputStream.peek()","8","51"
"ObjectInputStream.java:2641 java.io.FileInputStream.read()","8","52"
"FileInputStream.java:207 java.io.FileInputStream.read0()","8","53"
"ObjectInputStream.java:1540 java.io.ObjectInputStream$BlockDataInputStream.peekByte()","4","47"
"ObjectInputStream.java:2958 java.io.ObjectInputStream$BlockDataInputStream.peek()","4","48"
"ObjectInputStream.java:2948 java.io.ObjectInputStream$PeekInputStream.peek()","4","49"
"ObjectInputStream.java:2641 java.io.FileInputStream.read()","4","50"
"FileInputStream.java:207 java.io.FileInputStream.read0()","4","51"
"HashMap.java:1412 java.io.ObjectInputStream.readObject()","4","41"
"ObjectInputStream.java:431 java.io.ObjectInputStream.readObject0(boolean)","4","42"
"ObjectInputStream.java:1573 java.io.ObjectInputStream.readOrdinaryObject(boolean)","4","43"
"ObjectInputStream.java:2069 java.io.ObjectInputStream.readSerialData(Object, ObjectStreamClass)","4","44"
"ObjectInputStream.java:2178 java.io.ObjectStreamClass.invokeReadObject(Object, ObjectInputStream)","4","45"
"ObjectStreamClass.java:1170 java.lang.reflect.Method.invoke(Object, Object[])","4","46"
"Method.java:498 sun.reflect.DelegatingMethodAccessorImpl.invoke(Object, Object[])","4","47"
"DelegatingMethodAccessorImpl.java:43 sun.reflect.GeneratedMethodAccessor1.invoke(Object, Object[])","4","48"
"java.math.BigInteger.readObject(ObjectInputStream)","4","49"
"BigInteger.java:4507 java.io.ObjectInputStream.readFields()","4","50"
"ObjectInputStream.java:601 java.io.ObjectInputStream$GetFieldImpl.readFields()","4","51"
"ObjectInputStream.java:2452 java.io.ObjectInputStream.access$800(ObjectInputStream, boolean)","4","52"
"ObjectInputStream.java:214 java.io.ObjectInputStream.readObject0(boolean)","4","53"
"ObjectInputStream.java:1567 java.io.ObjectInputStream.readArray(boolean)","4","54"
"ObjectInputStream.java:1956 java.io.ObjectInputStream$BlockDataInputStream.readFully(byte[], int, int, boolean)","4","55"
"ObjectInputStream.java:3104 java.io.ObjectInputStream$BlockDataInputStream.read(byte[], int, int, boolean)","4","56"
"ObjectInputStream.java:3074 java.io.ObjectInputStream$PeekInputStream.read(byte[], int, int)","4","57"
"ObjectInputStream.java:2663 java.io.FileInputStream.read(byte[], int, int)","4","58"
"FileInputStream.java:255 java.io.FileInputStream.readBytes(byte[], int, int)","4","59"
"ObjectInputStream.java:2042 java.io.ObjectInputStream.readClassDesc(boolean)","8","34"
"ObjectInputStream.java:1751 java.io.ObjectInputStream.readNonProxyDesc(boolean)","8","35"
"ObjectInputStream.java:1885 java.io.ObjectStreamClass.initNonProxy(ObjectStreamClass, Class, ClassNotFoundException, ObjectStreamClass)","8","36"
"ObjectStreamClass.java:681 java.io.ObjectStreamClass.lookup(Class, boolean)","8","37"
"ObjectStreamClass.java:391 java.io.ObjectStreamClass.<init>(Class)","8","38"
"ObjectStreamClass.java:494 java.security.AccessController.doPrivileged(PrivilegedAction)","8","39"
"AccessController.java (native) java.io.ObjectStreamClass$3.run()","8","40"
"ObjectStreamClass.java:494 java.io.ObjectStreamClass$3.run()","8","41"
"ObjectStreamClass.java:531 java.io.ObjectStreamClass.access$2400(Class, String, Class[], Class)","8","42"
"ObjectStreamClass.java:79 java.io.ObjectStreamClass.getInheritableMethod(Class, String, Class[], Class)","8","43"
"ObjectStreamClass.java:1598","8","44"
"ObjectInputStream.java:2042 java.io.ObjectInputStream.readClassDesc(boolean)","12","30"
"ObjectInputStream.java:1751 java.io.ObjectInputStream.readNonProxyDesc(boolean)","12","31"
"ObjectInputStream.java:1885 java.io.ObjectStreamClass.initNonProxy(ObjectStreamClass, Class, ClassNotFoundException, ObjectStreamClass)","12","32"
"ObjectStreamClass.java:681 java.io.ObjectStreamClass.lookup(Class, boolean)","12","33"
"ObjectStreamClass.java:391 java.io.ObjectStreamClass.<init>(Class)","12","34"
"ObjectStreamClass.java:544 java.io.ObjectStreamClass.getReflector(ObjectStreamField[], ObjectStreamClass)","8","35"
"ObjectStreamClass.java:2331 java.util.concurrent.ConcurrentHashMap.putIfAbsent(Object, Object)","8","36"
"ConcurrentHashMap.java:1535 java.util.concurrent.ConcurrentHashMap.putVal(Object, Object, boolean)","8","37"
"ConcurrentHashMap.java:1070 java.util.concurrent.ConcurrentHashMap.addCount(long, int)","8","38"
"ConcurrentHashMap.java:2288 java.util.concurrent.ConcurrentHashMap.transfer(ConcurrentHashMap$Node[], ConcurrentHashMap$Node[])","8","39"
"ConcurrentHashMap.java:2414 sun.misc.Unsafe.compareAndSwapInt(Object, long, int, int)","8","40"
"ObjectStreamClass.java:494 java.security.AccessController.doPrivileged(PrivilegedAction)","4","35"
"AccessController.java (native) java.io.ObjectStreamClass$3.run()","4","36"
"ObjectStreamClass.java:494 java.io.ObjectStreamClass$3.run()","4","37"
"ObjectStreamClass.java:531 java.io.ObjectStreamClass.access$2400(Class, String, Class[], Class)","4","38"
"ObjectStreamClass.java:79 java.io.ObjectStreamClass.getInheritableMethod(Class, String, Class[], Class)","4","39"
"ObjectStreamClass.java:1596 java.lang.Class.getDeclaredMethod(String, Class[])","4","40"
"Class.java:2130","4","41"
"ObjectInputStream.java:2042 java.io.ObjectInputStream.readClassDesc(boolean)","8","26"
"ObjectInputStream.java:1751 java.io.ObjectInputStream.readNonProxyDesc(boolean)","8","27"
"ObjectInputStream.java:1885 java.io.ObjectStreamClass.initNonProxy(ObjectStreamClass, Class, ClassNotFoundException, ObjectStreamClass)","8","28"
"ObjectStreamClass.java:681 java.io.ObjectStreamClass.lookup(Class, boolean)","8","29"
"ObjectStreamClass.java:391 java.io.ObjectStreamClass.<init>(Class)","8","30"
"ObjectStreamClass.java:494 java.security.AccessController.doPrivileged(PrivilegedAction)","8","31"
"AccessController.java (native) java.io.ObjectStreamClass$3.run()","8","32"
"ObjectStreamClass.java:494 java.io.ObjectStreamClass$3.run()","8","33"
"ObjectStreamClass.java:531 java.io.ObjectStreamClass.access$2400(Class, String, Class[], Class)","4","34"
"ObjectStreamClass.java:79 java.io.ObjectStreamClass.getInheritableMethod(Class, String, Class[], Class)","4","35"
"ObjectStreamClass.java:1596 java.lang.Class.getDeclaredMethod(String, Class[])","4","36"
"Class.java:2130","4","37"
"ObjectStreamClass.java:506 java.io.ObjectStreamClass.access$700(Class)","4","34"
"ObjectStreamClass.java:79 java.io.ObjectStreamClass.getDeclaredSUID(Class)","4","35"
"ObjectStreamClass.java:1857 java.lang.Class.getDeclaredField(String)","4","36"
"Class.java:2068 java.lang.Class.privateGetDeclaredFields(boolean)","4","37"
"Class.java:2583 java.lang.Class.getDeclaredFields0(boolean)","4","38"
"Class.java (native) java.lang.ClassLoader.loadClass(String)","4","39"
"ClassLoader.java:357 sun.misc.Launcher$AppClassLoader.loadClass(String, boolean)","4","40"
"Launcher.java:349 java.lang.ClassLoader.loadClass(String, boolean)","4","41"
"ClassLoader.java:411 java.lang.ClassLoader.loadClass(String, boolean)","4","42"
"ClassLoader.java:424 java.net.URLClassLoader.findClass(String)","4","43"
"URLClassLoader.java:362 java.security.AccessController.doPrivileged(PrivilegedExceptionAction, AccessControlContext)","4","44"
"FilePersistenceUtil.java:35 java.io.ObjectInputStream.close()","4","19"
"ObjectInputStream.java:953 java.io.ObjectInputStream.clear()","4","20"
"ObjectInputStream.java:1514 java.io.ObjectInputStream$HandleTable.clear()","4","21"
"ObjectInputStream.java:3814 java.util.Arrays.fill(byte[], int, int, byte)","4","22"
"Arrays.java:3009","4","23"
"GSBenchmark.java:126 eu.prismacloud.primitives.zkpgs.orchestrator.ProverOrchestrator.init()","112","18"
"ProverOrchestrator.java:118 eu.prismacloud.primitives.zkpgs.prover.GSProver.computeCommitments(BaseIterator)","84","19"
"GSProver.java:69 eu.prismacloud.primitives.zkpgs.util.crypto.QRElement.modPow(BigInteger)","36","20"
"QRElement.java:15 eu.prismacloud.primitives.zkpgs.util.crypto.QRElement.modPow(BigInteger)","36","21"
"QRElement.java:108 java.math.BigInteger.modPow(BigInteger, BigInteger)","36","22"
"BigInteger.java:2603 java.math.BigInteger.oddModPow(BigInteger, BigInteger)","24","23"
"BigInteger.java:2940","8","24"
"BigInteger.java:2902","8","24"
"BigInteger.java:2928","8","24"
"BigInteger.java:2645 java.math.BigInteger.modInverse(BigInteger)","12","23"
"BigInteger.java:3154 java.math.MutableBigInteger.mutableModInverse(MutableBigInteger)","12","24"
"MutableBigInteger.java:1982 java.math.MutableBigInteger.modInverse(MutableBigInteger)","12","25"
"MutableBigInteger.java:2120","4","26"
"MutableBigInteger.java:2140","4","26"
"MutableBigInteger.java:2135","4","26"
"GSProver.java:70 eu.prismacloud.primitives.zkpgs.commitment.GSCommitment.createCommitment(BigInteger, ExtendedPublicKey)","32","20"
"GSCommitment.java:97 eu.prismacloud.primitives.zkpgs.util.crypto.QRElement.modPow(BigInteger)","24","21"
"QRElement.java:15 eu.prismacloud.primitives.zkpgs.util.crypto.QRElement.modPow(BigInteger)","24","22"
"QRElement.java:108 java.math.BigInteger.modPow(BigInteger, BigInteger)","24","23"
"BigInteger.java:2645 java.math.BigInteger.modInverse(BigInteger)","12","24"
"BigInteger.java:3154 java.math.MutableBigInteger.mutableModInverse(MutableBigInteger)","12","25"
"MutableBigInteger.java:1982 java.math.MutableBigInteger.modInverse(MutableBigInteger)","12","26"
"MutableBigInteger.java:2135 java.math.MutableBigInteger.add(MutableBigInteger)","8","27"
"MutableBigInteger.java:753","8","28"
"MutableBigInteger.java:2132 java.math.MutableBigInteger.subtract(MutableBigInteger)","4","27"
"MutableBigInteger.java:914","4","28"
"BigInteger.java:2603 java.math.BigInteger.oddModPow(BigInteger, BigInteger)","12","24"
"BigInteger.java:2940","12","25"
"GSCommitment.java:90 eu.prismacloud.primitives.zkpgs.util.CryptoUtilsFacade.computeRandomNumberMinusPlus(int)","8","21"
"CryptoUtilsFacade.java:35 eu.prismacloud.primitives.zkpgs.util.GSUtils.randomMinusPlusNumber(int)","8","22"
"GSUtils.java:68 java.math.BigInteger.<init>(int, Random)","4","23"
"BigInteger.java:623 java.math.BigInteger.randomBits(int, Random)","4","24"
"BigInteger.java:634 java.security.SecureRandom.nextBytes(byte[])","4","25"
"SecureRandom.java:468 sun.security.provider.NativePRNG.engineNextBytes(byte[])","4","26"
"NativePRNG.java:220 sun.security.provider.NativePRNG$RandomIO.access$400(NativePRNG$RandomIO, byte[])","4","27"
"NativePRNG.java:331 sun.security.provider.NativePRNG$RandomIO.implNextBytes(byte[])","4","28"
"NativePRNG.java:534 sun.security.provider.SecureRandom.engineNextBytes(byte[])","4","29"
"SecureRandom.java:244 java.security.MessageDigest.digest()","4","30"
"MessageDigest.java:365 java.security.MessageDigest$Delegate.engineDigest()","4","31"
"MessageDigest.java:592 sun.security.provider.DigestBase.engineDigest()","4","32"
"DigestBase.java:162 sun.security.provider.DigestBase.engineDigest(byte[], int, int)","4","33"
"DigestBase.java:183 sun.security.provider.SHA.implDigest(byte[], int)","4","34"
"SHA.java:107 sun.security.provider.SHA.implCompress(byte[], int)","4","35"
"SHA.java:126 sun.security.provider.ByteArrayAccess.b2iBig64(byte[], int, int[])","4","36"
"ByteArrayAccess.java:282 sun.misc.Unsafe.getInt(Object, long)","4","37"
"GSUtils.java:61 java.math.BigInteger.pow(int)","4","23"
"BigInteger.java:2339 java.math.BigInteger.shiftLeft(int)","4","24"
"BigInteger.java:3174 java.math.BigInteger.shiftLeft(int[], int)","4","25"
"BigInteger.java:3210","4","26"
"GSProver.java:67 eu.prismacloud.primitives.zkpgs.util.CryptoUtilsFacade.computeRandomNumberMinusPlus(int)","12","20"
"CryptoUtilsFacade.java:35 eu.prismacloud.primitives.zkpgs.util.GSUtils.randomMinusPlusNumber(int)","12","21"
"GSUtils.java:72 java.math.BigInteger.bitLength()","8","22"
"BigInteger.java:3531","8","23"
"GSUtils.java:61 java.math.BigInteger.pow(int)","4","22"
"BigInteger.java:2333 java.math.BigInteger.shiftRight(int)","4","23"
"BigInteger.java:3234 java.math.BigInteger.shiftRightImpl(int)","4","24"
"BigInteger.java:3269","4","25"
"GSProver.java:74 eu.prismacloud.primitives.zkpgs.store.URN.createURN(String, String)","4","20"
"URN.java:161 eu.prismacloud.primitives.zkpgs.store.URN.<init>(NamespaceComponent, NamespaceComponent, boolean)","4","21"
"URN.java:39 eu.prismacloud.primitives.zkpgs.store.URNType.parseURNType(String)","4","22"
"URNType.java:708 eu.prismacloud.primitives.zkpgs.store.URNType.parseURNSuffix(String)","4","23"
"URNType.java:723 java.lang.String.matches(String)","4","24"
"String.java:2121 java.util.regex.Pattern.matches(String, CharSequence)","4","25"
"Pattern.java:1133 java.util.regex.Pattern.compile(String)","4","26"
"Pattern.java:1028 java.util.regex.Pattern.<init>(String, int)","4","27"
"Pattern.java:1351 java.util.regex.Pattern.compile()","4","28"
"Pattern.java:1669","4","29"
"ProverOrchestrator.java:109 eu.prismacloud.primitives.zkpgs.orchestrator.ProverOrchestrator.computePairWiseCommitments()","20","19"
"ProverOrchestrator.java:140 eu.prismacloud.primitives.zkpgs.orchestrator.ProverOrchestrator.computeIndexesCommitments(int)","16","20"
"ProverOrchestrator.java:208 eu.prismacloud.primitives.zkpgs.commitment.GSCommitment.createCommitment(BigInteger, ExtendedPublicKey)","16","21"
"GSCommitment.java:97 eu.prismacloud.primitives.zkpgs.util.crypto.QRElement.modPow(BigInteger)","12","22"
"QRElement.java:15 eu.prismacloud.primitives.zkpgs.util.crypto.QRElement.modPow(BigInteger)","12","23"
"QRElement.java:108 java.math.BigInteger.modPow(BigInteger, BigInteger)","12","24"
"BigInteger.java:2603 java.math.BigInteger.oddModPow(BigInteger, BigInteger)","12","25"
"BigInteger.java:2928 java.math.BigInteger.montgomeryMultiply(int[], int[], int[], int, long, int[])","8","26"
"BigInteger.java:2661 java.math.BigInteger.implMontgomeryMultiply(int[], int[], int[], int, long, int[])","8","27"
"BigInteger.java:2708 java.math.BigInteger.multiplyToLen(int[], int, int[], int, int[])","8","28"
"BigInteger.java:1680","8","29"
"BigInteger.java:2940 java.math.BigInteger.montgomerySquare(int[], int[], int, long, int[])","4","26"
"BigInteger.java:2672 java.math.BigInteger.implMontgomerySquare(int[], int[], int, long, int[])","4","27"
"BigInteger.java:2714 java.math.BigInteger.montReduce(int[], int[], int, int)","4","28"
"BigInteger.java:2967 java.math.BigInteger.mulAdd(int[], int[], int, int, int)","4","29"
"BigInteger.java:3018 java.math.BigInteger.implMulAdd(int[], int[], int, int, int)","4","30"
"BigInteger.java:3047","4","31"
"GSCommitment.java:90 eu.prismacloud.primitives.zkpgs.util.CryptoUtilsFacade.computeRandomNumberMinusPlus(int)","4","22"
"CryptoUtilsFacade.java:35 eu.prismacloud.primitives.zkpgs.util.GSUtils.randomMinusPlusNumber(int)","4","23"
"GSUtils.java:61 java.lang.ClassLoader.loadClass(String)","4","24"
"ClassLoader.java:357 sun.misc.Launcher$AppClassLoader.loadClass(String, boolean)","4","25"
"Launcher.java:349 java.lang.ClassLoader.loadClass(String, boolean)","4","26"
"ClassLoader.java:424 java.net.URLClassLoader.findClass(String)","4","27"
"URLClassLoader.java:362 java.security.AccessController.doPrivileged(PrivilegedExceptionAction, AccessControlContext)","4","28"
"AccessController.java (native) java.net.URLClassLoader$1.run()","4","29"
"URLClassLoader.java:363 java.net.URLClassLoader$1.run()","4","30"
"URLClassLoader.java:369 java.net.URLClassLoader.access$100(URLClassLoader, String, Resource)","4","31"
"URLClassLoader.java:74 java.net.URLClassLoader.defineClass(String, Resource)","4","32"
"URLClassLoader.java:468 java.security.SecureClassLoader.defineClass(String, byte[], int, int, CodeSource)","4","33"
"SecureClassLoader.java:142 java.lang.ClassLoader.defineClass(String, byte[], int, int, ProtectionDomain)","4","34"
"ClassLoader.java:763 java.lang.ClassLoader.defineClass1(String, byte[], int, int, ProtectionDomain, String)","4","35"
"ProverOrchestrator.java:141 eu.prismacloud.primitives.zkpgs.orchestrator.ProverOrchestrator.computeIndexesCommitments(int)","4","20"
"ProverOrchestrator.java:208 eu.prismacloud.primitives.zkpgs.commitment.GSCommitment.createCommitment(BigInteger, ExtendedPublicKey)","4","21"
"GSCommitment.java:97 eu.prismacloud.primitives.zkpgs.util.crypto.QRElement.modPow(BigInteger)","4","22"
"QRElement.java:15 eu.prismacloud.primitives.zkpgs.util.crypto.QRElement.modPow(BigInteger)","4","23"
"QRElement.java:108 java.math.BigInteger.modPow(BigInteger, BigInteger)","4","24"
"BigInteger.java:2645 java.math.BigInteger.modInverse(BigInteger)","4","25"
"BigInteger.java:3154 java.math.MutableBigInteger.mutableModInverse(MutableBigInteger)","4","26"
"MutableBigInteger.java:1982 java.math.MutableBigInteger.modInverse(MutableBigInteger)","4","27"
"MutableBigInteger.java:2142 java.math.MutableBigInteger.leftShift(int)","4","28"
"MutableBigInteger.java:581 java.math.MutableBigInteger.primitiveLeftShift(int)","4","29"
"MutableBigInteger.java:695","4","30"
"ProverOrchestrator.java:126 eu.prismacloud.primitives.zkpgs.orchestrator.ProverOrchestrator.initPairWiseDifferenceProvers()","8","19"
"ProverOrchestrator.java:174 java.lang.ClassLoader.loadClass(String)","8","20"
"ClassLoader.java:357 sun.misc.Launcher$AppClassLoader.loadClass(String, boolean)","8","21"
"Launcher.java:349 java.lang.ClassLoader.loadClass(String, boolean)","8","22"
"ClassLoader.java:424 java.net.URLClassLoader.findClass(String)","8","23"
"URLClassLoader.java:362 java.security.AccessController.doPrivileged(PrivilegedExceptionAction, AccessControlContext)","8","24"
"AccessController.java (native) java.net.URLClassLoader$1.run()","8","25"
"URLClassLoader.java:363 java.net.URLClassLoader$1.run()","8","26"
"URLClassLoader.java:369 java.net.URLClassLoader.access$100(URLClassLoader, String, Resource)","8","27"
"URLClassLoader.java:74 java.net.URLClassLoader.defineClass(String, Resource)","8","28"
"URLClassLoader.java:468 java.security.SecureClassLoader.defineClass(String, byte[], int, int, CodeSource)","8","29"
"SecureClassLoader.java:142 java.lang.ClassLoader.defineClass(String, byte[], int, int, ProtectionDomain)","8","30"
"ClassLoader.java:763 java.lang.ClassLoader.defineClass1(String, byte[], int, int, ProtectionDomain, String)","8","31"
"GSBenchmark.java:117 eu.prismacloud.primitives.zkpgs.orchestrator.ProverOrchestrator.readSignature(String)","100","18"
"ProverOrchestrator.java:480 eu.prismacloud.primitives.zkpgs.util.FilePersistenceUtil.read(String)","100","19"
"FilePersistenceUtil.java:34 java.io.ObjectInputStream.readObject()","100","20"
"ObjectInputStream.java:431 java.io.ObjectInputStream.readObject0(boolean)","100","21"
"ObjectInputStream.java:1573 java.io.ObjectInputStream.readOrdinaryObject(boolean)","100","22"
"ObjectInputStream.java:2069 java.io.ObjectInputStream.readSerialData(Object, ObjectStreamClass)","100","23"
"ObjectInputStream.java:2211 java.io.ObjectInputStream.defaultReadFields(Object, ObjectStreamClass)","100","24"
"ObjectInputStream.java:2287 java.io.ObjectInputStream.readObject0(boolean)","100","25"
"ObjectInputStream.java:1573 java.io.ObjectInputStream.readOrdinaryObject(boolean)","100","26"
"ObjectInputStream.java:2069 java.io.ObjectInputStream.readSerialData(Object, ObjectStreamClass)","100","27"
"ObjectInputStream.java:2211 java.io.ObjectInputStream.defaultReadFields(Object, ObjectStreamClass)","100","28"
"ObjectInputStream.java:2287 java.io.ObjectInputStream.readObject0(boolean)","100","29"
"ObjectInputStream.java:1573 java.io.ObjectInputStream.readOrdinaryObject(boolean)","100","30"
"ObjectInputStream.java:2069 java.io.ObjectInputStream.readSerialData(Object, ObjectStreamClass)","92","31"
"ObjectInputStream.java:2211 java.io.ObjectInputStream.defaultReadFields(Object, ObjectStreamClass)","76","32"
"ObjectInputStream.java:2287 java.io.ObjectInputStream.readObject0(boolean)","76","33"
"ObjectInputStream.java:1573 java.io.ObjectInputStream.readOrdinaryObject(boolean)","76","34"
"ObjectInputStream.java:2069 java.io.ObjectInputStream.readSerialData(Object, ObjectStreamClass)","64","35"
"ObjectInputStream.java:2211 java.io.ObjectInputStream.defaultReadFields(Object, ObjectStreamClass)","52","36"
"ObjectInputStream.java:2287 java.io.ObjectInputStream.readObject0(boolean)","52","37"
"ObjectInputStream.java:1573 java.io.ObjectInputStream.readOrdinaryObject(boolean)","52","38"
"ObjectInputStream.java:2069 java.io.ObjectInputStream.readSerialData(Object, ObjectStreamClass)","24","39"
"ObjectInputStream.java:2211 java.io.ObjectInputStream.defaultReadFields(Object, ObjectStreamClass)","16","40"
"ObjectInputStream.java:2287 java.io.ObjectInputStream.readObject0(boolean)","16","41"
"ObjectInputStream.java:1573 java.io.ObjectInputStream.readOrdinaryObject(boolean)","12","42"
"ObjectInputStream.java:2069 java.io.ObjectInputStream.readSerialData(Object, ObjectStreamClass)","12","43"
"ObjectInputStream.java:2178 java.io.ObjectStreamClass.invokeReadObject(Object, ObjectInputStream)","12","44"
"ObjectStreamClass.java:1170 java.lang.reflect.Method.invoke(Object, Object[])","12","45"
"Method.java:498 sun.reflect.DelegatingMethodAccessorImpl.invoke(Object, Object[])","12","46"
"DelegatingMethodAccessorImpl.java:43 sun.reflect.NativeMethodAccessorImpl.invoke(Object, Object[])","12","47"
"NativeMethodAccessorImpl.java:62 sun.reflect.NativeMethodAccessorImpl.invoke0(Method, Object, Object[])","12","48"
"NativeMethodAccessorImpl.java (native) java.util.HashMap.readObject(ObjectInputStream)","12","49"
"HashMap.java:1412 java.io.ObjectInputStream.readObject()","8","50"
"ObjectInputStream.java:431 java.io.ObjectInputStream.readObject0(boolean)","8","51"
"ObjectInputStream.java:1573 java.io.ObjectInputStream.readOrdinaryObject(boolean)","8","52"
"ObjectInputStream.java:2069 java.io.ObjectInputStream.readSerialData(Object, ObjectStreamClass)","8","53"
"ObjectInputStream.java:2211 java.io.ObjectInputStream.defaultReadFields(Object, ObjectStreamClass)","4","54"
"ObjectInputStream.java:2287 java.io.ObjectInputStream.readObject0(boolean)","4","55"
"ObjectInputStream.java:1540 java.io.ObjectInputStream$BlockDataInputStream.peekByte()","4","56"
"ObjectInputStream.java:2958 java.io.ObjectInputStream$BlockDataInputStream.peek()","4","57"
"ObjectInputStream.java:2948 java.io.ObjectInputStream$PeekInputStream.peek()","4","58"
"ObjectInputStream.java:2641 java.io.FileInputStream.read()","4","59"
"FileInputStream.java:207 java.io.FileInputStream.read0()","4","60"
"ObjectInputStream.java:2178 java.io.ObjectStreamClass.invokeReadObject(Object, ObjectInputStream)","4","54"
"ObjectStreamClass.java:1170 java.lang.reflect.Method.invoke(Object, Object[])","4","55"
"Method.java:498 sun.reflect.DelegatingMethodAccessorImpl.invoke(Object, Object[])","4","56"
"DelegatingMethodAccessorImpl.java:43 sun.reflect.GeneratedMethodAccessor2.invoke(Object, Object[])","4","57"
"java.util.ArrayList.readObject(ObjectInputStream)","4","58"
"ArrayList.java:786 java.io.ObjectInputStream.readInt()","4","59"
"ObjectInputStream.java:1032 java.io.ObjectInputStream$BlockDataInputStream.readInt()","4","60"
"ObjectInputStream.java:3182 java.io.DataInputStream.readInt()","4","61"
"DataInputStream.java:387 java.io.ObjectInputStream$BlockDataInputStream.read()","4","62"
"ObjectInputStream.java:2977 java.io.ObjectInputStream$BlockDataInputStream.refill()","4","63"
"ObjectInputStream.java:2905 java.io.ObjectInputStream$BlockDataInputStream.readBlockHeader(boolean)","4","64"
"ObjectInputStream.java:2841 java.io.ObjectInputStream$PeekInputStream.readFully(byte[], int, int)","4","65"
"ObjectInputStream.java:2679 java.io.ObjectInputStream$PeekInputStream.read(byte[], int, int)","4","66"
"ObjectInputStream.java:2670 java.io.FileInputStream.read(byte[], int, int)","4","67"
"FileInputStream.java:255 java.io.FileInputStream.readBytes(byte[], int, int)","4","68"
"HashMap.java:1410 java.io.ObjectInputStream.readObject()","4","50"
"ObjectInputStream.java:431 java.io.ObjectInputStream.readObject0(boolean)","4","51"
"ObjectInputStream.java:1573 java.io.ObjectInputStream.readOrdinaryObject(boolean)","4","52"
"ObjectInputStream.java:2069 java.io.ObjectInputStream.readSerialData(Object, ObjectStreamClass)","4","53"
"ObjectInputStream.java:2211 java.io.ObjectInputStream.defaultReadFields(Object, ObjectStreamClass)","4","54"
"ObjectInputStream.java:2289 java.io.ObjectInputStream$HandleTable.markDependency(int, int)","4","55"
"ObjectInputStream.java:3676 java.io.ObjectInputStream$HandleTable$HandleList.<init>()","4","56"
"ObjectInputStream.java:3851","4","57"
"ObjectInputStream.java:1556 java.io.ObjectInputStream.readClass(boolean)","4","42"
"ObjectInputStream.java:1716 java.io.ObjectInputStream.readClassDesc(boolean)","4","43"
"ObjectInputStream.java:1751 java.io.ObjectInputStream.readNonProxyDesc(boolean)","4","44"
"ObjectInputStream.java:1885 java.io.ObjectStreamClass.initNonProxy(ObjectStreamClass, Class, ClassNotFoundException, ObjectStreamClass)","4","45"
"ObjectStreamClass.java:753 java.io.ObjectStreamClass.getReflector(ObjectStreamField[], ObjectStreamClass)","4","46"
"ObjectStreamClass.java:2317 java.io.ObjectStreamClass$FieldReflectorKey.<init>(Class, ObjectStreamField[], ReferenceQueue)","4","47"
"ObjectStreamClass.java:2389 java.lang.System.identityHashCode(Object)","4","48"
"ObjectInputStream.java:2178 java.io.ObjectStreamClass.invokeReadObject(Object, ObjectInputStream)","8","40"
"ObjectStreamClass.java:1170 java.lang.reflect.Method.invoke(Object, Object[])","8","41"
"Method.java:498 sun.reflect.DelegatingMethodAccessorImpl.invoke(Object, Object[])","8","42"
"DelegatingMethodAccessorImpl.java:43 sun.reflect.GeneratedMethodAccessor2.invoke(Object, Object[])","4","43"
"java.util.ArrayList.readObject(ObjectInputStream)","4","44"
"ArrayList.java:797 java.io.ObjectInputStream.readObject()","4","45"
"ObjectInputStream.java:431 java.io.ObjectInputStream.readObject0(boolean)","4","46"
"ObjectInputStream.java:1573 java.io.ObjectInputStream.readOrdinaryObject(boolean)","4","47"
"ObjectInputStream.java:2069 java.io.ObjectInputStream.readSerialData(Object, ObjectStreamClass)","4","48"
"ObjectInputStream.java:2211 java.io.ObjectInputStream.defaultReadFields(Object, ObjectStreamClass)","4","49"
"ObjectInputStream.java:2287 java.io.ObjectInputStream.readObject0(boolean)","4","50"
"ObjectInputStream.java:1573 java.io.ObjectInputStream.readOrdinaryObject(boolean)","4","51"
"ObjectInputStream.java:2069 java.io.ObjectInputStream.readSerialData(Object, ObjectStreamClass)","4","52"
"ObjectInputStream.java:2211 java.io.ObjectInputStream.defaultReadFields(Object, ObjectStreamClass)","4","53"
"ObjectInputStream.java:2287 java.io.ObjectInputStream.readObject0(boolean)","4","54"
"ObjectInputStream.java:1573 java.io.ObjectInputStream.readOrdinaryObject(boolean)","4","55"
"ObjectInputStream.java:2069 java.io.ObjectInputStream.readSerialData(Object, ObjectStreamClass)","4","56"
"ObjectInputStream.java:2215 java.io.ObjectInputStream.skipCustomData()","4","57"
"ObjectInputStream.java:2238 java.io.ObjectInputStream$BlockDataInputStream.skipBlockData()","4","58"
"ObjectInputStream.java:2807 java.io.ObjectInputStream$BlockDataInputStream.refill()","4","59"
"ObjectInputStream.java:2905 java.io.ObjectInputStream$BlockDataInputStream.readBlockHeader(boolean)","4","60"
"ObjectInputStream.java:2835 java.io.ObjectInputStream$PeekInputStream.peek()","4","61"
"ObjectInputStream.java:2641 java.io.FileInputStream.read()","4","62"
"FileInputStream.java:207 java.io.FileInputStream.read0()","4","63"
"DelegatingMethodAccessorImpl.java:43 sun.reflect.NativeMethodAccessorImpl.invoke(Object, Object[])","4","43"
"NativeMethodAccessorImpl.java:62 sun.reflect.NativeMethodAccessorImpl.invoke0(Method, Object, Object[])","4","44"
"NativeMethodAccessorImpl.java (native) java.util.HashMap.readObject(ObjectInputStream)","4","45"
"HashMap.java:1410 java.io.ObjectInputStream.readObject()","4","46"
"ObjectInputStream.java:431 java.io.ObjectInputStream.readObject0(boolean)","4","47"
"ObjectInputStream.java:1573 java.io.ObjectInputStream.readOrdinaryObject(boolean)","4","48"
"ObjectInputStream.java:2069 java.io.ObjectInputStream.readSerialData(Object, ObjectStreamClass)","4","49"
"ObjectInputStream.java:2211 java.io.ObjectInputStream.defaultReadFields(Object, ObjectStreamClass)","4","50"
"ObjectInputStream.java:2287 java.io.ObjectInputStream.readObject0(boolean)","4","51"
"ObjectInputStream.java:1540 java.io.ObjectInputStream$BlockDataInputStream.peekByte()","4","52"
"ObjectInputStream.java:2958 java.io.ObjectInputStream$BlockDataInputStream.peek()","4","53"
"ObjectInputStream.java:2948 java.io.ObjectInputStream$PeekInputStream.peek()","4","54"
"ObjectInputStream.java:2641 java.io.FileInputStream.read()","4","55"
"FileInputStream.java:207 java.io.FileInputStream.read0()","4","56"
"ObjectInputStream.java:2042 java.io.ObjectInputStream.readClassDesc(boolean)","20","39"
"ObjectInputStream.java:1751 java.io.ObjectInputStream.readNonProxyDesc(boolean)","20","40"
"ObjectInputStream.java:1868 java.io.ObjectInputStream.resolveClass(ObjectStreamClass)","8","41"
"ObjectInputStream.java:686 java.lang.Class.forName(String, boolean, ClassLoader)","8","42"
"Class.java:348 java.lang.Class.forName0(String, boolean, ClassLoader, Class)","8","43"
"Class.java (native) java.lang.ClassLoader.loadClass(String)","8","44"
"ClassLoader.java:357 sun.misc.Launcher$AppClassLoader.loadClass(String, boolean)","8","45"
"Launcher.java:349 java.lang.ClassLoader.loadClass(String, boolean)","8","46"
"ClassLoader.java:424 java.net.URLClassLoader.findClass(String)","8","47"
"URLClassLoader.java:362 java.security.AccessController.doPrivileged(PrivilegedExceptionAction, AccessControlContext)","8","48"
"AccessController.java (native) java.net.URLClassLoader$1.run()","8","49"
"URLClassLoader.java:363 java.net.URLClassLoader$1.run()","8","50"
"URLClassLoader.java:369 java.net.URLClassLoader.access$100(URLClassLoader, String, Resource)","8","51"
"URLClassLoader.java:74 java.net.URLClassLoader.defineClass(String, Resource)","8","52"
"URLClassLoader.java:468 java.security.SecureClassLoader.defineClass(String, byte[], int, int, CodeSource)","8","53"
"SecureClassLoader.java:142 java.lang.ClassLoader.defineClass(String, byte[], int, int, ProtectionDomain)","8","54"
"ClassLoader.java:763 java.lang.ClassLoader.defineClass1(String, byte[], int, int, ProtectionDomain, String)","8","55"
"ObjectInputStream.java:1885 java.io.ObjectStreamClass.initNonProxy(ObjectStreamClass, Class, ClassNotFoundException, ObjectStreamClass)","8","41"
"ObjectStreamClass.java:681 java.io.ObjectStreamClass.lookup(Class, boolean)","8","42"
"ObjectStreamClass.java:391 java.io.ObjectStreamClass.<init>(Class)","8","43"
"ObjectStreamClass.java:544 java.io.ObjectStreamClass.getReflector(ObjectStreamField[], ObjectStreamClass)","4","44"
"ObjectStreamClass.java:2317 java.io.ObjectStreamClass$FieldReflectorKey.<init>(Class, ObjectStreamField[], ReferenceQueue)","4","45"
"ObjectStreamClass.java:2389 java.lang.System.identityHashCode(Object)","4","46"
"ObjectStreamClass.java:494 java.security.AccessController.doPrivileged(PrivilegedAction)","4","44"
"AccessController.java (native) java.io.ObjectStreamClass$3.run()","4","45"
"ObjectStreamClass.java:494 java.io.ObjectStreamClass$3.run()","4","46"
"ObjectStreamClass.java:533 java.io.ObjectStreamClass.access$2400(Class, String, Class[], Class)","4","47"
"ObjectStreamClass.java:79 java.io.ObjectStreamClass.getInheritableMethod(Class, String, Class[], Class)","4","48"
"ObjectStreamClass.java:1598","4","49"
"ObjectInputStream.java:1857 java.io.ObjectInputStream.readClassDescriptor()","4","41"
"ObjectInputStream.java:891 java.io.ObjectStreamClass.readNonProxy(ObjectInputStream)","4","42"
"ObjectStreamClass.java:803 java.io.ObjectInputStream.readTypeString()","4","43"
"ObjectInputStream.java:1644 java.io.ObjectInputStream$BlockDataInputStream.peekByte()","4","44"
"ObjectInputStream.java:2958 java.io.ObjectInputStream$BlockDataInputStream.peek()","4","45"
"ObjectInputStream.java:2948 java.io.ObjectInputStream$PeekInputStream.peek()","4","46"
"ObjectInputStream.java:2641 java.io.FileInputStream.read()","4","47"
"FileInputStream.java:207 java.io.FileInputStream.read0()","4","48"
"ObjectInputStream.java:2078 java.io.ObjectStreamClass.invokeReadResolve(Object)","8","39"
"ObjectStreamClass.java:1260 java.lang.reflect.Method.invoke(Object, Object[])","8","40"
"Method.java:498 sun.reflect.DelegatingMethodAccessorImpl.invoke(Object, Object[])","8","41"
"DelegatingMethodAccessorImpl.java:43 sun.reflect.NativeMethodAccessorImpl.invoke(Object, Object[])","8","42"
"NativeMethodAccessorImpl.java:62 sun.reflect.NativeMethodAccessorImpl.invoke0(Method, Object, Object[])","8","43"
"NativeMethodAccessorImpl.java (native) java.lang.invoke.SerializedLambda.readResolve()","8","44"
"SerializedLambda.java:230 java.lang.reflect.Method.invoke(Object, Object[])","8","45"
"Method.java:498 sun.reflect.DelegatingMethodAccessorImpl.invoke(Object, Object[])","8","46"
"DelegatingMethodAccessorImpl.java:43 sun.reflect.NativeMethodAccessorImpl.invoke(Object, Object[])","8","47"
"NativeMethodAccessorImpl.java:62 sun.reflect.NativeMethodAccessorImpl.invoke0(Method, Object, Object[])","8","48"
"NativeMethodAccessorImpl.java (native) org.jgrapht.util.SupplierUtil.<clinit>()","8","49"
"SupplierUtil.java:43 java.lang.ClassLoader.loadClass(String)","8","50"
"ClassLoader.java:357 sun.misc.Launcher$AppClassLoader.loadClass(String, boolean)","8","51"
"Launcher.java:349 java.lang.ClassLoader.loadClass(String, boolean)","8","52"
"ClassLoader.java:424 java.net.URLClassLoader.findClass(String)","8","53"
"URLClassLoader.java:362 java.security.AccessController.doPrivileged(PrivilegedExceptionAction, AccessControlContext)","8","54"
"AccessController.java (native) java.net.URLClassLoader$1.run()","8","55"
"URLClassLoader.java:363 java.net.URLClassLoader$1.run()","8","56"
"URLClassLoader.java:369 java.net.URLClassLoader.access$100(URLClassLoader, String, Resource)","8","57"
"URLClassLoader.java:74 java.net.URLClassLoader.defineClass(String, Resource)","8","58"
"URLClassLoader.java:468 java.security.SecureClassLoader.defineClass(String, byte[], int, int, CodeSource)","8","59"
"SecureClassLoader.java:142 java.lang.ClassLoader.defineClass(String, byte[], int, int, ProtectionDomain)","8","60"
"ClassLoader.java:763 java.lang.ClassLoader.defineClass1(String, byte[], int, int, ProtectionDomain, String)","8","61"
"ClassLoader.java (native) java.lang.ClassLoader.loadClass(String)","8","62"
"ClassLoader.java:357 sun.misc.Launcher$AppClassLoader.loadClass(String, boolean)","8","63"
"Launcher.java:349 java.lang.ClassLoader.loadClass(String, boolean)","8","64"
"ClassLoader.java:411","8","65"
"ObjectInputStream.java:2178 java.io.ObjectStreamClass.invokeReadObject(Object, ObjectInputStream)","12","36"
"ObjectStreamClass.java:1170 java.lang.reflect.Method.invoke(Object, Object[])","12","37"
"Method.java:498 sun.reflect.DelegatingMethodAccessorImpl.invoke(Object, Object[])","12","38"
"DelegatingMethodAccessorImpl.java:43 sun.reflect.NativeMethodAccessorImpl.invoke(Object, Object[])","12","39"
"NativeMethodAccessorImpl.java:62 sun.reflect.NativeMethodAccessorImpl.invoke0(Method, Object, Object[])","12","40"
"NativeMethodAccessorImpl.java (native) java.util.HashMap.readObject(ObjectInputStream)","12","41"
"HashMap.java:1410 java.io.ObjectInputStream.readObject()","12","42"
"ObjectInputStream.java:431 java.io.ObjectInputStream.readObject0(boolean)","12","43"
"ObjectInputStream.java:1573 java.io.ObjectInputStream.readOrdinaryObject(boolean)","12","44"
"ObjectInputStream.java:2069 java.io.ObjectInputStream.readSerialData(Object, ObjectStreamClass)","12","45"
"ObjectInputStream.java:2211 java.io.ObjectInputStream.defaultReadFields(Object, ObjectStreamClass)","12","46"
"ObjectInputStream.java:2287 java.io.ObjectInputStream.readObject0(boolean)","12","47"
"ObjectInputStream.java:1573 java.io.ObjectInputStream.readOrdinaryObject(boolean)","12","48"
"ObjectInputStream.java:2042 java.io.ObjectInputStream.readClassDesc(boolean)","8","49"
"ObjectInputStream.java:1738 java.io.ObjectInputStream$BlockDataInputStream.peekByte()","8","50"
"ObjectInputStream.java:2958 java.io.ObjectInputStream$BlockDataInputStream.peek()","8","51"
"ObjectInputStream.java:2948 java.io.ObjectInputStream$PeekInputStream.peek()","8","52"
"ObjectInputStream.java:2641 java.io.FileInputStream.read()","8","53"
"FileInputStream.java:207 java.io.FileInputStream.read0()","8","54"
"ObjectInputStream.java:2069 java.io.ObjectInputStream.readSerialData(Object, ObjectStreamClass)","4","49"
"ObjectInputStream.java:2211 java.io.ObjectInputStream.defaultReadFields(Object, ObjectStreamClass)","4","50"
"ObjectInputStream.java:2287 java.io.ObjectInputStream.readObject0(boolean)","4","51"
"ObjectInputStream.java:1540 java.io.ObjectInputStream$BlockDataInputStream.peekByte()","4","52"
"ObjectInputStream.java:2958 java.io.ObjectInputStream$BlockDataInputStream.peek()","4","53"
"ObjectInputStream.java:2948 java.io.ObjectInputStream$PeekInputStream.peek()","4","54"
"ObjectInputStream.java:2641 java.io.FileInputStream.read()","4","55"
"FileInputStream.java:207 java.io.FileInputStream.read0()","4","56"
"ObjectInputStream.java:2042 java.io.ObjectInputStream.readClassDesc(boolean)","12","35"
"ObjectInputStream.java:1751 java.io.ObjectInputStream.readNonProxyDesc(boolean)","12","36"
"ObjectInputStream.java:1857 java.io.ObjectInputStream.readClassDescriptor()","8","37"
"ObjectInputStream.java:891 java.io.ObjectStreamClass.readNonProxy(ObjectInputStream)","8","38"
"ObjectStreamClass.java:805 java.io.ObjectStreamField.<init>(String, String, boolean)","8","39"
"ObjectStreamField.java:107 java.lang.String.intern()","8","40"
"ObjectInputStream.java:1885 java.io.ObjectStreamClass.initNonProxy(ObjectStreamClass, Class, ClassNotFoundException, ObjectStreamClass)","4","37"
"ObjectStreamClass.java:681 java.io.ObjectStreamClass.lookup(Class, boolean)","4","38"
"ObjectStreamClass.java:391 java.io.ObjectStreamClass.<init>(Class)","4","39"
"ObjectStreamClass.java:494 java.security.AccessController.doPrivileged(PrivilegedAction)","4","40"
"AccessController.java (native) java.io.ObjectStreamClass$3.run()","4","41"
"ObjectStreamClass.java:494 java.io.ObjectStreamClass$3.run()","4","42"
"ObjectStreamClass.java:520 java.io.ObjectStreamClass.access$1700(Class, String, Class[], Class)","4","43"
"ObjectStreamClass.java:79 java.io.ObjectStreamClass.getPrivateMethod(Class, String, Class[], Class)","4","44"
"ObjectStreamClass.java:1629 java.lang.Class.getDeclaredMethod(String, Class[])","4","45"
"Class.java:2128 java.lang.Class.privateGetDeclaredMethods(boolean)","4","46"
"Class.java:2701 java.lang.Class.getDeclaredMethods0(boolean)","4","47"
"Class.java (native) java.lang.ClassLoader.loadClass(String)","4","48"
"ClassLoader.java:357 sun.misc.Launcher$AppClassLoader.loadClass(String, boolean)","4","49"
"Launcher.java:349 java.lang.ClassLoader.loadClass(String, boolean)","4","50"
"ClassLoader.java:411 java.lang.ClassLoader.loadClass(String, boolean)","4","51"
"ClassLoader.java:424 java.net.URLClassLoader.findClass(String)","4","52"
"URLClassLoader.java:382","4","53"
"ObjectInputStream.java:2178 java.io.ObjectStreamClass.invokeReadObject(Object, ObjectInputStream)","16","32"
"ObjectStreamClass.java:1170 java.lang.reflect.Method.invoke(Object, Object[])","16","33"
"Method.java:498 sun.reflect.DelegatingMethodAccessorImpl.invoke(Object, Object[])","16","34"
"DelegatingMethodAccessorImpl.java:43 sun.reflect.NativeMethodAccessorImpl.invoke(Object, Object[])","16","35"
"NativeMethodAccessorImpl.java:62 sun.reflect.NativeMethodAccessorImpl.invoke0(Method, Object, Object[])","16","36"
"NativeMethodAccessorImpl.java (native) java.util.HashMap.readObject(ObjectInputStream)","12","37"
"HashMap.java:1410 java.io.ObjectInputStream.readObject()","12","38"
"ObjectInputStream.java:431 java.io.ObjectInputStream.readObject0(boolean)","12","39"
"ObjectInputStream.java:1573 java.io.ObjectInputStream.readOrdinaryObject(boolean)","12","40"
"ObjectInputStream.java:2069 java.io.ObjectInputStream.readSerialData(Object, ObjectStreamClass)","12","41"
"ObjectInputStream.java:2211 java.io.ObjectInputStream.defaultReadFields(Object, ObjectStreamClass)","12","42"
"ObjectInputStream.java:2287 java.io.ObjectInputStream.readObject0(boolean)","12","43"
"ObjectInputStream.java:1573 java.io.ObjectInputStream.readOrdinaryObject(boolean)","8","44"
"ObjectInputStream.java:2069 java.io.ObjectInputStream.readSerialData(Object, ObjectStreamClass)","8","45"
"ObjectInputStream.java:2178 java.io.ObjectStreamClass.invokeReadObject(Object, ObjectInputStream)","8","46"
"ObjectStreamClass.java:1170 java.lang.reflect.Method.invoke(Object, Object[])","8","47"
"Method.java:498 sun.reflect.DelegatingMethodAccessorImpl.invoke(Object, Object[])","8","48"
"DelegatingMethodAccessorImpl.java:43 sun.reflect.GeneratedMethodAccessor1.invoke(Object, Object[])","8","49"
"java.math.BigInteger.readObject(ObjectInputStream)","8","50"
"BigInteger.java:4507 java.io.ObjectInputStream.readFields()","8","51"
"ObjectInputStream.java:601 java.io.ObjectInputStream$GetFieldImpl.readFields()","8","52"
"ObjectInputStream.java:2452 java.io.ObjectInputStream.access$800(ObjectInputStream, boolean)","8","53"
"ObjectInputStream.java:214 java.io.ObjectInputStream.readObject0(boolean)","8","54"
"ObjectInputStream.java:1567 java.io.ObjectInputStream.readArray(boolean)","8","55"
"ObjectInputStream.java:1939 java.lang.reflect.Array.newInstance(Class, int)","8","56"
"Array.java:75 java.lang.reflect.Array.newArray(Class, int)","8","57"
"ObjectInputStream.java:1540 java.io.ObjectInputStream$BlockDataInputStream.peekByte()","4","44"
"ObjectInputStream.java:2958 java.io.ObjectInputStream$BlockDataInputStream.peek()","4","45"
"ObjectInputStream.java:2948 java.io.ObjectInputStream$PeekInputStream.peek()","4","46"
"ObjectInputStream.java:2641 java.io.FileInputStream.read()","4","47"
"FileInputStream.java:207 java.io.FileInputStream.read0()","4","48"
"NativeMethodAccessorImpl.java (native) java.util.ArrayList.readObject(ObjectInputStream)","4","37"
"ArrayList.java:797 java.io.ObjectInputStream.readObject()","4","38"
"ObjectInputStream.java:431 java.io.ObjectInputStream.readObject0(boolean)","4","39"
"ObjectInputStream.java:1573 java.io.ObjectInputStream.readOrdinaryObject(boolean)","4","40"
"ObjectInputStream.java:2069 java.io.ObjectInputStream.readSerialData(Object, ObjectStreamClass)","4","41"
"ObjectInputStream.java:2211 java.io.ObjectInputStream.defaultReadFields(Object, ObjectStreamClass)","4","42"
"ObjectInputStream.java:2287 java.io.ObjectInputStream.readObject0(boolean)","4","43"
"ObjectInputStream.java:1573 java.io.ObjectInputStream.readOrdinaryObject(boolean)","4","44"
"ObjectInputStream.java:2069 java.io.ObjectInputStream.readSerialData(Object, ObjectStreamClass)","4","45"
"ObjectInputStream.java:2178 java.io.ObjectStreamClass.invokeReadObject(Object, ObjectInputStream)","4","46"
"ObjectStreamClass.java:1170 java.lang.reflect.Method.invoke(Object, Object[])","4","47"
"Method.java:498 sun.reflect.DelegatingMethodAccessorImpl.invoke(Object, Object[])","4","48"
"DelegatingMethodAccessorImpl.java:43 sun.reflect.GeneratedMethodAccessor1.invoke(Object, Object[])","4","49"
"java.math.BigInteger.readObject(ObjectInputStream)","4","50"
"BigInteger.java:4507 java.io.ObjectInputStream.readFields()","4","51"
"ObjectInputStream.java:601 java.io.ObjectInputStream$GetFieldImpl.readFields()","4","52"
"ObjectInputStream.java:2445 java.io.ObjectInputStream$BlockDataInputStream.readFully(byte[], int, int, boolean)","4","53"
"ObjectInputStream.java:3104 java.io.ObjectInputStream$BlockDataInputStream.read(byte[], int, int, boolean)","4","54"
"ObjectInputStream.java:3080 java.io.ObjectInputStream$PeekInputStream.read(byte[], int, int)","4","55"
"ObjectInputStream.java:2663 java.io.FileInputStream.read(byte[], int, int)","4","56"
"FileInputStream.java:255 java.io.FileInputStream.readBytes(byte[], int, int)","4","57"
"ObjectInputStream.java:2042 java.io.ObjectInputStream.readClassDesc(boolean)","8","31"
"ObjectInputStream.java:1751 java.io.ObjectInputStream.readNonProxyDesc(boolean)","8","32"
"ObjectInputStream.java:1885 java.io.ObjectStreamClass.initNonProxy(ObjectStreamClass, Class, ClassNotFoundException, ObjectStreamClass)","8","33"
"ObjectStreamClass.java:681 java.io.ObjectStreamClass.lookup(Class, boolean)","8","34"
"ObjectStreamClass.java:391 java.io.ObjectStreamClass.<init>(Class)","8","35"
"ObjectStreamClass.java:494 java.security.AccessController.doPrivileged(PrivilegedAction)","8","36"
"AccessController.java (native) java.io.ObjectStreamClass$3.run()","8","37"
"ObjectStreamClass.java:494 java.io.ObjectStreamClass$3.run()","8","38"
"ObjectStreamClass.java:520 java.io.ObjectStreamClass.access$1700(Class, String, Class[], Class)","8","39"
"ObjectStreamClass.java:79 java.io.ObjectStreamClass.getPrivateMethod(Class, String, Class[], Class)","8","40"
"ObjectStreamClass.java:1629 java.lang.Class.getDeclaredMethod(String, Class[])","8","41"
"Class.java:2128 java.lang.Class.privateGetDeclaredMethods(boolean)","8","42"
"Class.java:2701 java.lang.Class.getDeclaredMethods0(boolean)","8","43"
"Class.java (native) java.lang.ClassLoader.loadClass(String)","8","44"
"ClassLoader.java:357 sun.misc.Launcher$AppClassLoader.loadClass(String, boolean)","8","45"
"Launcher.java:349 java.lang.ClassLoader.loadClass(String, boolean)","8","46"
"ClassLoader.java:424 java.net.URLClassLoader.findClass(String)","8","47"
"URLClassLoader.java:362 java.security.AccessController.doPrivileged(PrivilegedExceptionAction, AccessControlContext)","8","48"
"AccessController.java (native) java.net.URLClassLoader$1.run()","8","49"
"URLClassLoader.java:363 java.net.URLClassLoader$1.run()","8","50"
"URLClassLoader.java:369 java.net.URLClassLoader.access$100(URLClassLoader, String, Resource)","8","51"
"URLClassLoader.java:74 java.net.URLClassLoader.defineClass(String, Resource)","8","52"
"URLClassLoader.java:468 java.security.SecureClassLoader.defineClass(String, byte[], int, int, CodeSource)","8","53"
"SecureClassLoader.java:142 java.lang.ClassLoader.defineClass(String, byte[], int, int, ProtectionDomain)","8","54"
"ClassLoader.java:763 java.lang.ClassLoader.defineClass1(String, byte[], int, int, ProtectionDomain, String)","8","55"
"ClassLoader.java (native) java.lang.ClassLoader.loadClass(String)","8","56"
"ClassLoader.java:357 sun.misc.Launcher$AppClassLoader.loadClass(String, boolean)","8","57"
"Launcher.java:349 java.lang.ClassLoader.loadClass(String, boolean)","8","58"
"ClassLoader.java:411 java.lang.ClassLoader.loadClass(String, boolean)","8","59"
"ClassLoader.java:424 java.net.URLClassLoader.findClass(String)","8","60"
"URLClassLoader.java:382 java.lang.ClassNotFoundException.<init>(String)","8","61"
"ClassNotFoundException.java:82 java.lang.ReflectiveOperationException.<init>(String, Throwable)","8","62"
"ReflectiveOperationException.java:75 java.lang.Exception.<init>(String, Throwable)","8","63"
"Exception.java:84 java.lang.Throwable.<init>(String, Throwable)","8","64"
"Throwable.java:287 java.lang.Throwable.fillInStackTrace()","8","65"
"Throwable.java:783 java.lang.Throwable.fillInStackTrace(int)","8","66"
"GSBenchmark.java:125 eu.prismacloud.primitives.zkpgs.orchestrator.VerifierOrchestrator.init()","12","18"
"VerifierOrchestrator.java:97 eu.prismacloud.primitives.zkpgs.store.URN.createZkpgsURN(String)","8","19"
"URN.java:181 eu.prismacloud.primitives.zkpgs.store.URN.<init>(NamespaceComponent, NamespaceComponent, boolean)","8","20"
"URN.java:39 eu.prismacloud.primitives.zkpgs.store.URNType.parseURNType(String)","8","21"
"URNType.java:708 eu.prismacloud.primitives.zkpgs.store.URNType.parseURNSuffix(String)","8","22"
"URNType.java:723 eu.prismacloud.primitives.zkpgs.store.URNType.getSuffix(URNType)","8","23"
"URNType.java:119 eu.prismacloud.primitives.zkpgs.store.URNType$1.<clinit>()","8","24"
"URNType.java:119","8","25"
"VerifierOrchestrator.java:94 eu.prismacloud.primitives.zkpgs.verifier.GSVerifier.computeNonce()","4","19"
"GSVerifier.java:65 eu.prismacloud.primitives.zkpgs.util.CryptoUtilsFacade.computeRandomNumber(int)","4","20"
"CryptoUtilsFacade.java:71 eu.prismacloud.primitives.zkpgs.util.CryptoUtilsFactory.getInstance(String)","4","21"
"CryptoUtilsFactory.java:31 java.lang.ClassLoader.loadClass(String)","4","22"
"ClassLoader.java:357 sun.misc.Launcher$AppClassLoader.loadClass(String, boolean)","4","23"
"Launcher.java:349 java.lang.ClassLoader.loadClass(String, boolean)","4","24"
"ClassLoader.java:424 java.net.URLClassLoader.findClass(String)","4","25"
"URLClassLoader.java:362 java.security.AccessController.doPrivileged(PrivilegedExceptionAction, AccessControlContext)","4","26"
"AccessController.java (native) java.net.URLClassLoader$1.run()","4","27"
"URLClassLoader.java:363 java.net.URLClassLoader$1.run()","4","28"
"URLClassLoader.java:369 java.net.URLClassLoader.access$100(URLClassLoader, String, Resource)","4","29"
"URLClassLoader.java:74 java.net.URLClassLoader.defineClass(String, Resource)","4","30"
"URLClassLoader.java:468 java.security.SecureClassLoader.defineClass(String, byte[], int, int, CodeSource)","4","31"
"SecureClassLoader.java:142 java.lang.ClassLoader.defineClass(String, byte[], int, int, ProtectionDomain)","4","32"
"ClassLoader.java:763 java.lang.ClassLoader.defineClass1(String, byte[], int, int, ProtectionDomain, String)","4","33"
"GSBenchmark.java:115 eu.prismacloud.primitives.grs.bench.ProverOrchestratorPerf.<init>(ExtendedPublicKey, IMessageGateway)","4","18"
"ProverOrchestratorPerf.java:49 eu.prismacloud.primitives.zkpgs.orchestrator.ProverOrchestrator.<init>(ExtendedPublicKey, IMessageGateway)","4","19"
"ProverOrchestrator.java:63","4","20"
"GSBenchmark.java:124 eu.prismacloud.primitives.zkpgs.orchestrator.VerifierOrchestrator.createQuery(Vector)","4","18"
"VerifierOrchestrator.java:71 java.lang.ClassLoader.loadClass(String)","4","19"
"ClassLoader.java:357 sun.misc.Launcher$AppClassLoader.loadClass(String, boolean)","4","20"
"Launcher.java:349 java.lang.ClassLoader.loadClass(String, boolean)","4","21"
"ClassLoader.java:415","4","22"
"ProvingBenchmark_ProvingVerifyingBenchmark_compute_jmhTest.java:645 eu.prismacloud.primitives.grs.bench.generated.ProvingBenchmark_ProvingVerifyingBenchmark_compute_jmhTest._jmh_tryInit_f_provingverifyingbenchmark0_G(InfraControl)","20","15"
"ProvingBenchmark_ProvingVerifyingBenchmark_compute_jmhTest.java:739 java.lang.Class.getDeclaredField(String)","12","16"
"Class.java:2068 java.lang.Class.privateGetDeclaredFields(boolean)","12","17"
"Class.java:2583 java.lang.Class.getDeclaredFields0(boolean)","12","18"
"Class.java (native) java.lang.ClassLoader.loadClass(String)","12","19"
"ClassLoader.java:357 sun.misc.Launcher$AppClassLoader.loadClass(String, boolean)","12","20"
"Launcher.java:349 java.lang.ClassLoader.loadClass(String, boolean)","12","21"
"ClassLoader.java:424 java.net.URLClassLoader.findClass(String)","12","22"
"URLClassLoader.java:362 java.security.AccessController.doPrivileged(PrivilegedExceptionAction, AccessControlContext)","12","23"
"AccessController.java (native) java.net.URLClassLoader$1.run()","12","24"
"URLClassLoader.java:363 java.net.URLClassLoader$1.run()","12","25"
"URLClassLoader.java:369 java.net.URLClassLoader.access$100(URLClassLoader, String, Resource)","12","26"
"URLClassLoader.java:74 java.net.URLClassLoader.defineClass(String, Resource)","12","27"
"URLClassLoader.java:468 java.security.SecureClassLoader.defineClass(String, byte[], int, int, CodeSource)","12","28"
"SecureClassLoader.java:142 java.lang.ClassLoader.defineClass(String, byte[], int, int, ProtectionDomain)","12","29"
"ClassLoader.java:763 java.lang.ClassLoader.defineClass1(String, byte[], int, int, ProtectionDomain, String)","12","30"
"ProvingBenchmark_ProvingVerifyingBenchmark_compute_jmhTest.java:737 java.lang.ClassLoader.loadClass(String)","8","16"
"ClassLoader.java:357 sun.misc.Launcher$AppClassLoader.loadClass(String, boolean)","8","17"
"Launcher.java:349 java.lang.ClassLoader.loadClass(String, boolean)","8","18"
"ClassLoader.java:424 java.net.URLClassLoader.findClass(String)","8","19"
"URLClassLoader.java:362 java.security.AccessController.doPrivileged(PrivilegedExceptionAction, AccessControlContext)","8","20"
"AccessController.java (native) java.net.URLClassLoader$1.run()","8","21"
"URLClassLoader.java:363 java.net.URLClassLoader$1.run()","8","22"
"URLClassLoader.java:369 java.net.URLClassLoader.access$100(URLClassLoader, String, Resource)","8","23"
"URLClassLoader.java:74 java.net.URLClassLoader.defineClass(String, Resource)","8","24"
"URLClassLoader.java:468 java.security.SecureClassLoader.defineClass(String, byte[], int, int, CodeSource)","8","25"
"SecureClassLoader.java:142 java.lang.ClassLoader.defineClass(String, byte[], int, int, ProtectionDomain)","8","26"
"ClassLoader.java:763 java.lang.ClassLoader.defineClass1(String, byte[], int, int, ProtectionDomain, String)","8","27"
"ProvingBenchmark_ProvingVerifyingBenchmark_compute_jmhTest.java:664 org.openjdk.jmh.results.SingleShotResult.<init>(ResultRole, String, long, TimeUnit)","8","15"
"SingleShotResult.java:42 org.openjdk.jmh.results.Result.of(double)","8","16"
"Result.java:60 java.lang.ClassLoader.loadClass(String)","8","17"
"ClassLoader.java:357 sun.misc.Launcher$AppClassLoader.loadClass(String, boolean)","8","18"
"Launcher.java:349 java.lang.ClassLoader.loadClass(String, boolean)","8","19"
"ClassLoader.java:424 java.net.URLClassLoader.findClass(String)","8","20"
"URLClassLoader.java:362 java.security.AccessController.doPrivileged(PrivilegedExceptionAction, AccessControlContext)","8","21"
"AccessController.java (native) java.net.URLClassLoader$1.run()","8","22"
"URLClassLoader.java:363 java.net.URLClassLoader$1.run()","8","23"
"URLClassLoader.java:369 java.net.URLClassLoader.access$100(URLClassLoader, String, Resource)","8","24"
"URLClassLoader.java:74 java.net.URLClassLoader.defineClass(String, Resource)","8","25"
"URLClassLoader.java:468 java.security.SecureClassLoader.defineClass(String, byte[], int, int, CodeSource)","8","26"
"SecureClassLoader.java:142 java.lang.ClassLoader.defineClass(String, byte[], int, int, ProtectionDomain)","8","27"
"ClassLoader.java:763 java.lang.ClassLoader.defineClass1(String, byte[], int, int, ProtectionDomain, String)","8","28"
"ClassLoader.java (native) java.lang.ClassLoader.loadClass(String)","8","29"
"ClassLoader.java:357 sun.misc.Launcher$AppClassLoader.loadClass(String, boolean)","8","30"
"Launcher.java:349 java.lang.ClassLoader.loadClass(String, boolean)","8","31"
"ClassLoader.java:411 java.lang.ClassLoader.loadClass(String, boolean)","8","32"
"ClassLoader.java:424 java.net.URLClassLoader.findClass(String)","8","33"
"URLClassLoader.java:382","8","34"
"ProvingBenchmark_ProvingVerifyingBenchmark_compute_jmhTest.java:642 org.openjdk.jmh.infra.Blackhole.<init>(String)","4","15"
"Blackhole.java:261 org.openjdk.jmh.infra.BlackholeL4.<init>()","4","16"
"Blackhole.java:142 org.openjdk.jmh.infra.BlackholeL3.<init>()","4","17"
"Blackhole.java:123 org.openjdk.jmh.infra.BlackholeL2.<init>()","4","18"
"Blackhole.java:82 java.lang.ClassLoader.loadClass(String)","4","19"
"ClassLoader.java:357 sun.misc.Launcher$AppClassLoader.loadClass(String, boolean)","4","20"
"Launcher.java:349 java.lang.ClassLoader.loadClass(String, boolean)","4","21"
"ClassLoader.java:411 java.lang.ClassLoader.loadClass(String, boolean)","4","22"
"ClassLoader.java:413 java.lang.ClassLoader.findBootstrapClassOrNull(String)","4","23"
"ClassLoader.java:1015 java.lang.ClassLoader.findBootstrapClass(String)","4","24"
"main Group: 'main' Native ID: 8111","356","1"
"org.openjdk.jmh.runner.ForkedMain.main(String[])","356","2"
"ForkedMain.java:72 org.openjdk.jmh.runner.link.BinaryLinkClient.<init>(String, int)","156","3"
"BinaryLinkClient.java:74 java.io.ObjectInputStream.<clinit>()","116","4"
"ObjectInputStream.java:3920 java.lang.invoke.MethodHandleNatives.linkCallSite(Object, Object, Object, Object, Object, Object[])","68","5"
"MethodHandleNatives.java:297 java.lang.invoke.MethodHandleNatives.linkCallSiteImpl(Class, MethodHandle, String, MethodType, Object, Object[])","68","6"
"MethodHandleNatives.java:307 java.lang.invoke.CallSite.<clinit>()","52","7"
"CallSite.java:226 java.lang.invoke.MethodHandles$Lookup.findStatic(Class, String, MethodType)","52","8"
"MethodHandles.java:781 java.lang.invoke.MethodHandles$Lookup.getDirectMethod(byte, Class, MemberName, Class)","52","9"
"MethodHandles.java:1605 java.lang.invoke.MethodHandles$Lookup.getDirectMethodCommon(byte, Class, MemberName, boolean, boolean, Class)","52","10"
"MethodHandles.java:1670 java.lang.invoke.MethodHandle.setVarargs(MemberName)","52","11"
"MethodHandle.java:1325 java.lang.invoke.MethodHandleImpl.makeVarargsCollector(MethodHandle, Class)","52","12"
"MethodHandleImpl.java:445 java.lang.invoke.MethodHandleImpl$AsVarargsCollector.<init>(MethodHandle, Class)","48","13"
"MethodHandleImpl.java:454 java.lang.invoke.MethodHandleImpl$AsVarargsCollector.<init>(MethodType, MethodHandle, Class)","48","14"
"MethodHandleImpl.java:460 java.lang.invoke.MethodHandle.asCollector(Class, int)","48","15"
"MethodHandle.java:999 java.lang.invoke.MethodHandleImpl.varargsArray(Class, int)","44","16"
"MethodHandleImpl.java:1623 java.lang.invoke.MethodHandleImpl.varargsArray(int)","44","17"
"MethodHandleImpl.java:1506 java.lang.invoke.MethodHandleImpl$Lazy.<clinit>()","36","18"
"MethodHandleImpl.java:610 java.lang.invoke.MethodHandleImpl.access$000()","24","19"
"MethodHandleImpl.java:49 java.lang.invoke.MethodHandleImpl.makeArrays()","24","20"
"MethodHandleImpl.java:1429 java.lang.invoke.MethodHandleImpl.makeIntrinsic(MethodHandle, MethodHandleImpl$Intrinsic)","20","21"
"MethodHandleImpl.java:1373 java.lang.invoke.MethodHandleImpl$IntrinsicMethodHandle.<init>(MethodHandle, MethodHandleImpl$Intrinsic)","20","22"
"MethodHandleImpl.java:1331 java.lang.invoke.DelegatingMethodHandle.<init>(MethodType, MethodHandle)","20","23"
"DelegatingMethodHandle.java:44 java.lang.invoke.DelegatingMethodHandle.chooseDelegatingForm(MethodHandle)","16","24"
"DelegatingMethodHandle.java:92 java.lang.invoke.DelegatingMethodHandle.makeReinvokerForm(MethodHandle, int, Object, LambdaForm$NamedFunction)","16","25"
"DelegatingMethodHandle.java:106 java.lang.invoke.DelegatingMethodHandle.makeReinvokerForm(MethodHandle, int, Object, String, boolean, LambdaForm$NamedFunction, LambdaForm$NamedFunction)","16","26"
"DelegatingMethodHandle.java:146 java.lang.invoke.LambdaForm$Name.<init>(MethodType, Object[])","16","27"
"LambdaForm.java:1400 java.lang.invoke.LambdaForm$NamedFunction.<init>(MethodType)","16","28"
"LambdaForm.java:1042 java.lang.invoke.Invokers.basicInvoker()","16","29"
"Invokers.java:85 java.lang.invoke.DirectMethodHandle.make(MemberName)","16","30"
"DirectMethodHandle.java:115 java.lang.invoke.DirectMethodHandle.make(Class, MemberName)","16","31"
"DirectMethodHandle.java:110 java.lang.invoke.DirectMethodHandle.make(byte, Class, MemberName)","16","32"
"DirectMethodHandle.java:89 java.lang.invoke.DirectMethodHandle.preparedLambdaForm(MemberName)","16","33"
"DirectMethodHandle.java:183 java.lang.invoke.DirectMethodHandle.preparedLambdaForm(MethodType, int)","16","34"
"DirectMethodHandle.java:194 java.lang.invoke.DirectMethodHandle.makePreparedLambdaForm(MethodType, int)","16","35"
"DirectMethodHandle.java:260 java.lang.invoke.LambdaForm.compileToBytecode()","16","36"
"LambdaForm.java:654 java.lang.invoke.InvokerBytecodeGenerator.generateCustomizedCode(LambdaForm, MethodType)","16","37"
"InvokerBytecodeGenerator.java:618 java.lang.invoke.InvokerBytecodeGenerator.loadMethod(byte[])","16","38"
"InvokerBytecodeGenerator.java:276 java.lang.invoke.InvokerBytecodeGenerator.loadAndInitializeInvokerClass(byte[], Object[])","16","39"
"InvokerBytecodeGenerator.java:284 sun.misc.Unsafe.defineAnonymousClass(Class, byte[], Object[])","16","40"
"DelegatingMethodHandle.java:44 java.lang.invoke.MethodHandle.<init>(MethodType, LambdaForm)","4","24"
"MethodHandle.java:461 java.lang.invoke.LambdaForm.prepare()","4","25"
"LambdaForm.java:635 java.lang.invoke.LambdaForm.compileToBytecode()","4","26"
"LambdaForm.java:654 java.lang.invoke.InvokerBytecodeGenerator.generateCustomizedCode(LambdaForm, MethodType)","4","27"
"InvokerBytecodeGenerator.java:618 java.lang.invoke.InvokerBytecodeGenerator.generateCustomizedCodeBytes()","4","28"
"InvokerBytecodeGenerator.java:715 java.lang.invoke.InvokerBytecodeGenerator.emitStaticInvoke(MemberName, LambdaForm$Name)","4","29"
"InvokerBytecodeGenerator.java:862 java.lang.invoke.InvokerBytecodeGenerator.emitPushArguments(LambdaForm$Name)","4","30"
"InvokerBytecodeGenerator.java:1139 java.lang.invoke.InvokerBytecodeGenerator.emitPushArguments(LambdaForm$Name, int)","4","31"
"InvokerBytecodeGenerator.java:1144 java.lang.invoke.InvokerBytecodeGenerator.emitPushArgument(LambdaForm$Name, int)","4","32"
"InvokerBytecodeGenerator.java:1151 java.lang.invoke.InvokerBytecodeGenerator.emitPushArgument(Class, Object)","4","33"
"InvokerBytecodeGenerator.java:1158 java.lang.invoke.InvokerBytecodeGenerator.emitLoadInsn(LambdaForm$BasicType, int)","4","34"
"InvokerBytecodeGenerator.java:394 jdk.internal.org.objectweb.asm.MethodWriter.visitVarInsn(int, int)","4","35"
"MethodWriter.java:799 jdk.internal.org.objectweb.asm.Frame.execute(int, int, ClassWriter, Item)","4","36"
"Frame.java:880","4","37"
"MethodHandleImpl.java:1427 java.lang.invoke.MethodHandleImpl.findCollector(String, int, Class, Class[])","4","21"
"MethodHandleImpl.java:1387 java.lang.invoke.MethodHandles$Lookup.findStatic(Class, String, MethodType)","4","22"
"MethodHandles.java:781 java.lang.invoke.MethodHandles$Lookup.getDirectMethod(byte, Class, MemberName, Class)","4","23"
"MethodHandles.java:1605 java.lang.invoke.MethodHandles$Lookup.getDirectMethodCommon(byte, Class, MemberName, boolean, boolean, Class)","4","24"
"MethodHandles.java:1660 java.lang.invoke.DirectMethodHandle.make(byte, Class, MemberName)","4","25"
"DirectMethodHandle.java:89 java.lang.invoke.DirectMethodHandle.preparedLambdaForm(MemberName)","4","26"
"DirectMethodHandle.java:183 java.lang.invoke.DirectMethodHandle.preparedLambdaForm(MethodType, int)","4","27"
"DirectMethodHandle.java:194 java.lang.invoke.DirectMethodHandle.makePreparedLambdaForm(MethodType, int)","4","28"
"DirectMethodHandle.java:260 java.lang.invoke.LambdaForm.compileToBytecode()","4","29"
"LambdaForm.java:654 java.lang.invoke.InvokerBytecodeGenerator.generateCustomizedCode(LambdaForm, MethodType)","4","30"
"InvokerBytecodeGenerator.java:618 java.lang.invoke.InvokerBytecodeGenerator.loadMethod(byte[])","4","31"
"InvokerBytecodeGenerator.java:276 java.lang.invoke.InvokerBytecodeGenerator.loadAndInitializeInvokerClass(byte[], Object[])","4","32"
"InvokerBytecodeGenerator.java:284 sun.misc.Unsafe.defineAnonymousClass(Class, byte[], Object[])","4","33"
"MethodHandleImpl.java:627 java.lang.invoke.MethodHandles$Lookup.findStatic(Class, String, MethodType)","8","19"
"MethodHandles.java:781 java.lang.invoke.MethodHandles$Lookup.getDirectMethod(byte, Class, MemberName, Class)","8","20"
"MethodHandles.java:1605 java.lang.invoke.MethodHandles$Lookup.getDirectMethodCommon(byte, Class, MemberName, boolean, boolean, Class)","8","21"
"MethodHandles.java:1670 java.lang.invoke.MethodHandle.setVarargs(MemberName)","8","22"
"MethodHandle.java:1325 java.lang.invoke.MethodHandleImpl.makeVarargsCollector(MethodHandle, Class)","8","23"
"MethodHandleImpl.java:445 java.lang.invoke.MethodHandleImpl$AsVarargsCollector.<init>(MethodHandle, Class)","8","24"
"MethodHandleImpl.java:454 java.lang.invoke.MethodHandleImpl$AsVarargsCollector.<init>(MethodType, MethodHandle, Class)","8","25"
"MethodHandleImpl.java:460 java.lang.invoke.MethodHandle.asCollector(Class, int)","8","26"
"MethodHandle.java:1000 java.lang.invoke.LambdaFormEditor.collectArgumentArrayForm(int, MethodHandle)","8","27"
"LambdaFormEditor.java:605 java.lang.invoke.LambdaFormEditor.buffer()","8","28"
"LambdaFormEditor.java:387","8","29"
"MethodHandleImpl.java:620 java.lang.invoke.LambdaForm$NamedFunction.resolve()","4","19"
"LambdaForm.java:1078 java.lang.invoke.DirectMethodHandle.make(MemberName)","4","20"
"DirectMethodHandle.java:115 java.lang.invoke.DirectMethodHandle.make(Class, MemberName)","4","21"
"DirectMethodHandle.java:110 java.lang.invoke.DirectMethodHandle.make(byte, Class, MemberName)","4","22"
"DirectMethodHandle.java:89 java.lang.invoke.DirectMethodHandle.preparedLambdaForm(MemberName)","4","23"
"DirectMethodHandle.java:183 java.lang.invoke.DirectMethodHandle.preparedLambdaForm(MethodType, int)","4","24"
"DirectMethodHandle.java:194 java.lang.invoke.DirectMethodHandle.makePreparedLambdaForm(MethodType, int)","4","25"
"DirectMethodHandle.java:260 java.lang.invoke.LambdaForm.compileToBytecode()","4","26"
"LambdaForm.java:654 java.lang.invoke.InvokerBytecodeGenerator.generateCustomizedCode(LambdaForm, MethodType)","4","27"
"InvokerBytecodeGenerator.java:618 java.lang.invoke.InvokerBytecodeGenerator.generateCustomizedCodeBytes()","4","28"
"InvokerBytecodeGenerator.java:634 java.lang.invoke.InvokerBytecodeGenerator.classFilePrologue()","4","29"
"InvokerBytecodeGenerator.java:307 jdk.internal.org.objectweb.asm.ClassWriter.<init>(int)","4","30"
"ClassWriter.java:639 jdk.internal.org.objectweb.asm.ByteVector.<init>()","4","31"
"ByteVector.java:84","4","32"
"MethodHandleImpl.java:1506","8","18"
"MethodHandle.java:1002 java.lang.invoke.BoundMethodHandle$Species_L.copyWith(MethodType, LambdaForm)","4","16"
"BoundMethodHandle.java:228 java.lang.invoke.BoundMethodHandle$Species_L.<init>(MethodType, LambdaForm, Object)","4","17"
"BoundMethodHandle.java:211 java.lang.invoke.BoundMethodHandle.<init>(MethodType, LambdaForm)","4","18"
"BoundMethodHandle.java:58 java.lang.invoke.MethodHandle.<init>(MethodType, LambdaForm)","4","19"
"MethodHandle.java:461 java.lang.invoke.LambdaForm.prepare()","4","20"
"LambdaForm.java:635 java.lang.invoke.LambdaForm.compileToBytecode()","4","21"
"LambdaForm.java:654 java.lang.invoke.InvokerBytecodeGenerator.generateCustomizedCode(LambdaForm, MethodType)","4","22"
"InvokerBytecodeGenerator.java:618 java.lang.invoke.InvokerBytecodeGenerator.loadMethod(byte[])","4","23"
"InvokerBytecodeGenerator.java:277 java.lang.invoke.InvokerBytecodeGenerator.resolveInvokerMember(Class, String, MethodType)","4","24"
"InvokerBytecodeGenerator.java:294","4","25"
"MethodHandleImpl.java:445","4","13"
"MethodHandleNatives.java:307 java.lang.invoke.CallSite.makeSite(MethodHandle, String, MethodType, Object, Class)","16","7"
"CallSite.java:302 java.lang.invoke.LambdaForm$MH.1078694789.invoke_MT(Object, Object, Object, Object, Object, Object, Object, Object)","16","8"
"LambdaForm$MH java.lang.invoke.Invokers.checkGenericType(Object, Object)","12","9"
"Invokers.java:321 java.lang.invoke.MethodHandle.asType(MethodType)","12","10"
"MethodHandle.java:761 java.lang.invoke.MethodHandle.asTypeUncached(MethodType)","12","11"
"MethodHandle.java:776 java.lang.invoke.MethodHandleImpl.makePairwiseConvert(MethodHandle, MethodType, boolean)","12","12"
"MethodHandleImpl.java:380 java.lang.invoke.MethodHandleImpl.makePairwiseConvert(MethodHandle, MethodType, boolean, boolean)","12","13"
"MethodHandleImpl.java:194 java.lang.invoke.MethodHandleImpl.makePairwiseConvertByEditor(MethodHandle, MethodType, boolean, boolean)","12","14"
"MethodHandleImpl.java:230 java.lang.invoke.LambdaFormEditor.filterArgumentForm(int, LambdaForm$BasicType)","8","15"
"LambdaFormEditor.java:645 java.lang.invoke.LambdaFormEditor.makeArgumentCombinationForm(int, MethodType, boolean, boolean)","8","16"
"LambdaFormEditor.java:664 java.lang.invoke.LambdaFormEditor.newSpeciesData(LambdaForm$BasicType)","8","17"
"LambdaFormEditor.java:396 java.lang.invoke.BoundMethodHandle$SpeciesData.extendWith(LambdaForm$BasicType)","8","18"
"BoundMethodHandle.java:378 java.lang.invoke.BoundMethodHandle$SpeciesData.get(String)","8","19"
"BoundMethodHandle.java:383 java.util.concurrent.ConcurrentHashMap.computeIfAbsent(Object, Function)","8","20"
"ConcurrentHashMap.java:1660 java.lang.invoke.BoundMethodHandle$SpeciesData$1.apply(Object)","8","21"
"BoundMethodHandle.java:383 java.lang.invoke.BoundMethodHandle$SpeciesData$1.apply(String)","8","22"
"BoundMethodHandle.java:386 java.lang.invoke.BoundMethodHandle$Factory.getConcreteBMHClass(String)","8","23"
"BoundMethodHandle.java:488 java.util.concurrent.ConcurrentHashMap.computeIfAbsent(Object, Function)","8","24"
"ConcurrentHashMap.java:1660 java.lang.invoke.BoundMethodHandle$Factory$1.apply(Object)","8","25"
"BoundMethodHandle.java:489 java.lang.invoke.BoundMethodHandle$Factory$1.apply(String)","8","26"
"BoundMethodHandle.java:492 java.lang.invoke.BoundMethodHandle$Factory.generateConcreteBMHClass(String)","8","27"
"BoundMethodHandle.java:676 java.lang.String.valueOf(char)","8","28"
"String.java:3084","8","29"
"MethodHandleImpl.java:221 java.lang.invoke.MethodHandle.bindTo(Object)","4","15"
"MethodHandle.java:1277 java.lang.invoke.MethodHandle.bindArgumentL(int, Object)","4","16"
"MethodHandle.java:1317 java.lang.invoke.BoundMethodHandle.bindArgumentL(int, Object)","4","17"
"BoundMethodHandle.java:99 java.lang.invoke.LambdaFormEditor.bindArgumentL(BoundMethodHandle, int, Object)","4","18"
"LambdaFormEditor.java:403 java.lang.invoke.LambdaFormEditor.bindArgumentForm(int)","4","19"
"LambdaFormEditor.java:459 java.lang.invoke.LambdaFormEditor.newSpeciesData(LambdaForm$BasicType)","4","20"
"LambdaFormEditor.java:396 java.lang.invoke.BoundMethodHandle$SpeciesData.extendWith(LambdaForm$BasicType)","4","21"
"BoundMethodHandle.java:378 java.lang.invoke.BoundMethodHandle$SpeciesData.get(String)","4","22"
"BoundMethodHandle.java:383 java.util.concurrent.ConcurrentHashMap.computeIfAbsent(Object, Function)","4","23"
"ConcurrentHashMap.java:1688 java.lang.invoke.BoundMethodHandle$SpeciesData$1.apply(Object)","4","24"
"BoundMethodHandle.java:383 java.lang.invoke.BoundMethodHandle$SpeciesData$1.apply(String)","4","25"
"BoundMethodHandle.java:392 java.lang.invoke.BoundMethodHandle$Factory.setSpeciesDataToConcreteBMHClass(Class, BoundMethodHandle$SpeciesData)","4","26"
"BoundMethodHandle.java:792 java.lang.reflect.Field.set(Object, Object)","4","27"
"Field.java:764 java.lang.reflect.Field.getFieldAccessor(Object)","4","28"
"Field.java:1069 java.lang.reflect.Field.acquireFieldAccessor(boolean)","4","29"
"Field.java:1088 sun.reflect.ReflectionFactory.newFieldAccessor(Field, boolean)","4","30"
"ReflectionFactory.java:156 sun.reflect.UnsafeFieldAccessorFactory.newFieldAccessor(Field, boolean)","4","31"
"UnsafeFieldAccessorFactory.java:63","4","32"
"LambdaForm$MH java.lang.invoke.LambdaForm$BMH.999966131.reinvoke(Object, Object, Object, Object, Object, Object, Object)","4","9"
"LambdaForm$BMH java.lang.invoke.LambdaForm$DMH.523429237.invokeStatic_L6_L(Object, Object, Object, Object, Object, Object, Object)","4","10"
"LambdaForm$DMH java.lang.invoke.LambdaMetafactory.metafactory(MethodHandles$Lookup, String, MethodType, MethodType, MethodHandle, MethodType)","4","11"
"LambdaMetafactory.java:299 java.lang.invoke.InnerClassLambdaMetafactory.<clinit>()","4","12"
"InnerClassLambdaMetafactory.java:91 java.security.AccessController.doPrivileged(PrivilegedAction, AccessControlContext, Permission[])","4","13"
"AccessController.java:428 java.security.AccessController.createWrapper(DomainCombiner, Class, AccessControlContext, AccessControlContext, Permission[])","4","14"
"AccessController.java:589 java.security.AccessController.getCallerPD(Class)","4","15"
"AccessController.java:605 java.security.AccessController.doPrivileged(PrivilegedAction)","4","16"
"AccessController.java (native) java.security.AccessController$1.run()","4","17"
"AccessController.java:605 java.security.AccessController$1.run()","4","18"
"AccessController.java:607 java.lang.Class.getProtectionDomain()","4","19"
"Class.java:2306 sun.security.util.SecurityConstants.<clinit>()","4","20"
"SecurityConstants.java:224","4","21"
"ObjectInputStream.java:3920 java.lang.invoke.MethodHandleNatives.linkMethodHandleConstant(Class, int, Class, String, Object)","48","5"
"MethodHandleNatives.java:477 java.lang.invoke.MethodHandles$Lookup.linkMethodHandleConstant(byte, Class, String, Object)","48","6"
"MethodHandles.java:1751 java.lang.invoke.MethodHandles$Lookup.getDirectMethodForConstant(byte, Class, MemberName)","44","7"
"MethodHandles.java:1802 java.lang.invoke.MethodHandles$Lookup.getDirectMethodNoSecurityManager(byte, Class, MemberName, Class)","44","8"
"MethodHandles.java:1617 java.lang.invoke.MethodHandles$Lookup.getDirectMethodCommon(byte, Class, MemberName, boolean, boolean, Class)","44","9"
"MethodHandles.java:1660 java.lang.invoke.DirectMethodHandle.make(byte, Class, MemberName)","44","10"
"DirectMethodHandle.java:89 java.lang.invoke.DirectMethodHandle.preparedLambdaForm(MemberName)","44","11"
"DirectMethodHandle.java:183 java.lang.invoke.DirectMethodHandle.preparedLambdaForm(MethodType, int)","44","12"
"DirectMethodHandle.java:194 java.lang.invoke.DirectMethodHandle.makePreparedLambdaForm(MethodType, int)","44","13"
"DirectMethodHandle.java:231 java.lang.invoke.LambdaForm.<clinit>()","40","14"
"LambdaForm.java:1833 java.lang.invoke.LambdaForm.createIdentityForms()","36","15"
"LambdaForm.java:1778 java.lang.invoke.BoundMethodHandle.<clinit>()","24","16"
"BoundMethodHandle.java:830 java.lang.invoke.BoundMethodHandle$SpeciesData.<clinit>()","24","17"
"BoundMethodHandle.java:426 java.lang.invoke.BoundMethodHandle$SpeciesData.initForBootstrap()","24","18"
"BoundMethodHandle.java:361 java.lang.invoke.BoundMethodHandle$Factory.makeCtors(Class, String, MethodHandle[])","24","19"
"BoundMethodHandle.java:763 java.lang.invoke.BoundMethodHandle$Factory.makeCbmhCtor(Class, String)","24","20"
"BoundMethodHandle.java:818 java.lang.invoke.MethodHandles$Lookup.findStatic(Class, String, MethodType)","24","21"
"MethodHandles.java:781 java.lang.invoke.MethodHandles$Lookup.getDirectMethod(byte, Class, MemberName, Class)","24","22"
"MethodHandles.java:1605 java.lang.invoke.MethodHandles$Lookup.getDirectMethodCommon(byte, Class, MemberName, boolean, boolean, Class)","24","23"
"MethodHandles.java:1660 java.lang.invoke.DirectMethodHandle.make(byte, Class, MemberName)","24","24"
"DirectMethodHandle.java:89 java.lang.invoke.DirectMethodHandle.preparedLambdaForm(MemberName)","24","25"
"DirectMethodHandle.java:183 java.lang.invoke.DirectMethodHandle.preparedLambdaForm(MethodType, int)","24","26"
"DirectMethodHandle.java:194 java.lang.invoke.DirectMethodHandle.makePreparedLambdaForm(MethodType, int)","24","27"
"DirectMethodHandle.java:240 java.lang.invoke.DirectMethodHandle$Lazy.<clinit>()","16","28"
"DirectMethodHandle.java:727 java.lang.invoke.LambdaForm$NamedFunction.resolve()","16","29"
"LambdaForm.java:1078 java.lang.invoke.DirectMethodHandle.make(MemberName)","16","30"
"DirectMethodHandle.java:115 java.lang.invoke.DirectMethodHandle.make(Class, MemberName)","16","31"
"DirectMethodHandle.java:110 java.lang.invoke.DirectMethodHandle.make(byte, Class, MemberName)","16","32"
"DirectMethodHandle.java:89 java.lang.invoke.DirectMethodHandle.preparedLambdaForm(MemberName)","16","33"
"DirectMethodHandle.java:183 java.lang.invoke.DirectMethodHandle.preparedLambdaForm(MethodType, int)","16","34"
"DirectMethodHandle.java:194 java.lang.invoke.DirectMethodHandle.makePreparedLambdaForm(MethodType, int)","16","35"
"DirectMethodHandle.java:260 java.lang.invoke.LambdaForm.compileToBytecode()","12","36"
"LambdaForm.java:654","8","37"
"LambdaForm.java:654 java.lang.invoke.InvokerBytecodeGenerator.generateCustomizedCode(LambdaForm, MethodType)","4","37"
"InvokerBytecodeGenerator.java:618 java.lang.invoke.InvokerBytecodeGenerator.generateCustomizedCodeBytes()","4","38"
"InvokerBytecodeGenerator.java:634 java.lang.invoke.InvokerBytecodeGenerator.classFilePrologue()","4","39"
"InvokerBytecodeGenerator.java:312 jdk.internal.org.objectweb.asm.ClassWriter.visitMethod(int, String, String, String, String[])","4","40"
"ClassWriter.java:822","4","41"
"DirectMethodHandle.java:240 java.lang.invoke.LambdaForm$Name.<init>(LambdaForm$NamedFunction, Object[])","4","36"
"LambdaForm.java:1407","4","37"
"DirectMethodHandle.java:260 java.lang.invoke.LambdaForm.compileToBytecode()","4","28"
"LambdaForm.java:654 java.lang.invoke.InvokerBytecodeGenerator.generateCustomizedCode(LambdaForm, MethodType)","4","29"
"InvokerBytecodeGenerator.java:618 java.lang.invoke.InvokerBytecodeGenerator.loadMethod(byte[])","4","30"
"InvokerBytecodeGenerator.java:276 java.lang.invoke.InvokerBytecodeGenerator.loadAndInitializeInvokerClass(byte[], Object[])","4","31"
"InvokerBytecodeGenerator.java:284 sun.misc.Unsafe.defineAnonymousClass(Class, byte[], Object[])","4","32"
"DirectMethodHandle.java:240","4","28"
"LambdaForm.java:1728 java.lang.invoke.MethodType.methodType(Class)","8","16"
"MethodType.java:259 java.lang.invoke.MethodType.makeImpl(Class, Class[], boolean)","8","17"
"MethodType.java:310 java.lang.invoke.MethodType$ConcurrentWeakInternSet.add(Object)","8","18"
"MethodType.java:1256 java.util.concurrent.ConcurrentHashMap.putIfAbsent(Object, Object)","8","19"
"ConcurrentHashMap.java:1535 java.util.concurrent.ConcurrentHashMap.putVal(Object, Object, boolean)","8","20"
"ConcurrentHashMap.java:1070 java.util.concurrent.ConcurrentHashMap.addCount(long, int)","8","21"
"ConcurrentHashMap.java:2288 java.util.concurrent.ConcurrentHashMap.transfer(ConcurrentHashMap$Node[], ConcurrentHashMap$Node[])","8","22"
"ConcurrentHashMap.java:2422 java.util.concurrent.ConcurrentHashMap.casTabAt(ConcurrentHashMap$Node[], int, ConcurrentHashMap$Node, ConcurrentHashMap$Node)","8","23"
"ConcurrentHashMap.java:760 sun.misc.Unsafe.compareAndSwapObject(Object, long, Object, Object)","8","24"
"LambdaForm.java:1783 java.lang.invoke.SimpleMethodHandle.make(MethodType, LambdaForm)","4","16"
"SimpleMethodHandle.java:41 java.lang.invoke.SimpleMethodHandle.<init>(MethodType, LambdaForm)","4","17"
"SimpleMethodHandle.java:37 java.lang.invoke.BoundMethodHandle.<init>(MethodType, LambdaForm)","4","18"
"BoundMethodHandle.java:58 java.lang.invoke.MethodHandle.<init>(MethodType, LambdaForm)","4","19"
"MethodHandle.java:461 java.lang.invoke.LambdaForm.prepare()","4","20"
"LambdaForm.java:635 java.lang.invoke.LambdaForm.compileToBytecode()","4","21"
"LambdaForm.java:654 java.lang.invoke.InvokerBytecodeGenerator.generateCustomizedCode(LambdaForm, MethodType)","4","22"
"InvokerBytecodeGenerator.java:618 java.lang.invoke.InvokerBytecodeGenerator.generateCustomizedCodeBytes()","4","23"
"InvokerBytecodeGenerator.java:717 java.lang.invoke.InvokerBytecodeGenerator.emitInvoke(LambdaForm$Name)","4","24"
"InvokerBytecodeGenerator.java:768 java.lang.invoke.InvokerBytecodeGenerator.emitPushArguments(LambdaForm$Name)","4","25"
"InvokerBytecodeGenerator.java:1139 java.lang.invoke.InvokerBytecodeGenerator.emitPushArguments(LambdaForm$Name, int)","4","26"
"InvokerBytecodeGenerator.java:1144 java.lang.invoke.InvokerBytecodeGenerator.emitPushArgument(LambdaForm$Name, int)","4","27"
"InvokerBytecodeGenerator.java:1151 java.lang.invoke.InvokerBytecodeGenerator.emitPushArgument(Class, Object)","4","28"
"InvokerBytecodeGenerator.java:1164 java.lang.invoke.InvokerBytecodeGenerator.emitConst(Object)","4","29"
"InvokerBytecodeGenerator.java:335","4","30"
"LambdaForm.java:1835 java.lang.invoke.LambdaForm.computeInitialPreparedForms()","4","15"
"LambdaForm.java:668 java.lang.invoke.MemberName.getMethodType()","4","16"
"MemberName.java:144 java.lang.invoke.MethodType.fromMethodDescriptorString(String, ClassLoader)","4","17"
"MethodType.java:1071 java.lang.invoke.MethodType.makeImpl(Class, Class[], boolean)","4","18"
"MethodType.java:310 java.lang.invoke.MethodType$ConcurrentWeakInternSet.add(Object)","4","19"
"MethodType.java:1256 java.util.concurrent.ConcurrentHashMap.putIfAbsent(Object, Object)","4","20"
"ConcurrentHashMap.java:1535 java.util.concurrent.ConcurrentHashMap.putVal(Object, Object, boolean)","4","21"
"ConcurrentHashMap.java:1070 java.util.concurrent.ConcurrentHashMap.addCount(long, int)","4","22"
"ConcurrentHashMap.java:2288 java.util.concurrent.ConcurrentHashMap.transfer(ConcurrentHashMap$Node[], ConcurrentHashMap$Node[])","4","23"
"ConcurrentHashMap.java:2454 java.util.concurrent.ConcurrentHashMap.setTabAt(ConcurrentHashMap$Node[], int, ConcurrentHashMap$Node)","4","24"
"ConcurrentHashMap.java:764 sun.misc.Unsafe.putObjectVolatile(Object, long, Object)","4","25"
"DirectMethodHandle.java:260 java.lang.invoke.LambdaForm.compileToBytecode()","4","14"
"LambdaForm.java:654 java.lang.invoke.InvokerBytecodeGenerator.generateCustomizedCode(LambdaForm, MethodType)","4","15"
"InvokerBytecodeGenerator.java:618 java.lang.invoke.InvokerBytecodeGenerator.generateCustomizedCodeBytes()","4","16"
"InvokerBytecodeGenerator.java:634 java.lang.invoke.InvokerBytecodeGenerator.classFilePrologue()","4","17"
"InvokerBytecodeGenerator.java:311 java.lang.invoke.MethodType.toMethodDescriptorString()","4","18"
"MethodType.java:1090 sun.invoke.util.BytecodeDescriptor.unparse(MethodType)","4","19"
"BytecodeDescriptor.java:104 sun.invoke.util.BytecodeDescriptor.unparseMethod(Class, List)","4","20"
"BytecodeDescriptor.java:119 sun.invoke.util.BytecodeDescriptor.unparseSig(Class, StringBuilder)","4","21"
"BytecodeDescriptor.java:126 sun.invoke.util.Wrapper.forBasicType(Class)","4","22"
"Wrapper.java:296 java.lang.Class.isPrimitive()","4","23"
"MethodHandles.java:1750 java.lang.invoke.MethodHandles$Lookup.resolveOrFail(byte, MemberName)","4","7"
"MethodHandles.java:1391 java.lang.invoke.MethodHandles$Lookup.checkSymbolicClass(Class)","4","8"
"MethodHandles.java:1399 java.lang.Object.getClass()","4","9"
"BinaryLinkClient.java:78 java.lang.reflect.Proxy.newProxyInstance(ClassLoader, Class[], InvocationHandler)","28","4"
"Proxy.java:739 java.lang.reflect.Constructor.newInstance(Object[])","16","5"
"Constructor.java:423 sun.reflect.DelegatingConstructorAccessorImpl.newInstance(Object[])","16","6"
"DelegatingConstructorAccessorImpl.java:45 sun.reflect.NativeConstructorAccessorImpl.newInstance(Object[])","16","7"
"NativeConstructorAccessorImpl.java:62 sun.reflect.NativeConstructorAccessorImpl.newInstance0(Constructor, Object[])","16","8"
"NativeConstructorAccessorImpl.java (native) com.sun.proxy.$Proxy5.<clinit>()","16","9"
"java.lang.Class.forName(String)","12","10"
"Class.java:264 java.lang.Class.forName0(String, boolean, ClassLoader, Class)","12","11"
"Class.java (native) org.openjdk.jmh.infra.BenchmarkParams.<clinit>()","4","12"
"BenchmarkParams.java:59 org.openjdk.jmh.util.Utils.check(Class, String[])","4","13"
"Utils.java:339 org.openjdk.jmh.util.Utils.check(Class, String)","4","14"
"Utils.java:345 org.openjdk.jmh.util.Utils.getOffset(Class, String)","4","15"
"Utils.java:356 java.lang.Class.getDeclaredField(String)","4","16"
"Class.java:2068 java.lang.Class.privateGetDeclaredFields(boolean)","4","17"
"Class.java:2583 java.lang.Class.getDeclaredFields0(boolean)","4","18"
"Class.java (native) java.lang.ClassLoader.loadClass(String)","4","19"
"ClassLoader.java:357 sun.misc.Launcher$AppClassLoader.loadClass(String, boolean)","4","20"
"Launcher.java:349 java.lang.ClassLoader.loadClass(String, boolean)","4","21"
"ClassLoader.java:411 java.lang.ClassLoader.loadClass(String, boolean)","4","22"
"ClassLoader.java:436","4","23"
"java.lang.Class.getMethod(String, Class[])","4","10"
"Class.java:1783 sun.reflect.Reflection.getCallerClass()","4","11"
"Proxy.java:719 java.lang.reflect.Proxy.getProxyClass0(ClassLoader, Class[])","12","5"
"Proxy.java:419 java.lang.reflect.WeakCache.get(Object, Object)","12","6"
"WeakCache.java:127 java.lang.reflect.WeakCache$Factory.get()","12","7"
"WeakCache.java:230 java.lang.reflect.Proxy$ProxyClassFactory.apply(Object, Object)","12","8"
"Proxy.java:557 java.lang.reflect.Proxy$ProxyClassFactory.apply(ClassLoader, Class[])","12","9"
"Proxy.java:639 sun.misc.ProxyGenerator.generateProxyClass(String, Class[], int)","12","10"
"ProxyGenerator.java:339 sun.misc.ProxyGenerator.generateClassFile()","12","11"
"ProxyGenerator.java:451 java.lang.Class.getMethods()","12","12"
"Class.java:1615 java.lang.Class.privateGetPublicMethods()","12","13"
"Class.java:2902 java.lang.Class.privateGetDeclaredMethods(boolean)","12","14"
"Class.java:2701 java.lang.Class.getDeclaredMethods0(boolean)","12","15"
"Class.java (native) java.lang.ClassLoader.loadClass(String)","12","16"
"ClassLoader.java:357 sun.misc.Launcher$AppClassLoader.loadClass(String, boolean)","12","17"
"Launcher.java:349 java.lang.ClassLoader.loadClass(String, boolean)","12","18"
"ClassLoader.java:415","8","19"
"ClassLoader.java:424 java.net.URLClassLoader.findClass(String)","4","19"
"URLClassLoader.java:362 java.security.AccessController.doPrivileged(PrivilegedExceptionAction, AccessControlContext)","4","20"
"AccessController.java (native) java.net.URLClassLoader$1.run()","4","21"
"URLClassLoader.java:363 java.net.URLClassLoader$1.run()","4","22"
"URLClassLoader.java:369 java.net.URLClassLoader.access$100(URLClassLoader, String, Resource)","4","23"
"URLClassLoader.java:74 java.net.URLClassLoader.defineClass(String, Resource)","4","24"
"URLClassLoader.java:468 java.security.SecureClassLoader.defineClass(String, byte[], int, int, CodeSource)","4","25"
"SecureClassLoader.java:142 java.lang.ClassLoader.defineClass(String, byte[], int, int, ProtectionDomain)","4","26"
"ClassLoader.java:763 java.lang.ClassLoader.defineClass1(String, byte[], int, int, ProtectionDomain, String)","4","27"
"ClassLoader.java (native) java.lang.ClassLoader.loadClass(String)","4","28"
"ClassLoader.java:357 sun.misc.Launcher$AppClassLoader.loadClass(String, boolean)","4","29"
"Launcher.java:349 java.lang.ClassLoader.loadClass(String, boolean)","4","30"
"ClassLoader.java:424 java.net.URLClassLoader.findClass(String)","4","31"
"URLClassLoader.java:362 java.security.AccessController.doPrivileged(PrivilegedExceptionAction, AccessControlContext)","4","32"
"AccessController.java (native) java.net.URLClassLoader$1.run()","4","33"
"URLClassLoader.java:363 java.net.URLClassLoader$1.run()","4","34"
"URLClassLoader.java:369 java.net.URLClassLoader.access$100(URLClassLoader, String, Resource)","4","35"
"URLClassLoader.java:74 java.net.URLClassLoader.defineClass(String, Resource)","4","36"
"URLClassLoader.java:468 java.security.SecureClassLoader.defineClass(String, byte[], int, int, CodeSource)","4","37"
"SecureClassLoader.java:142 java.lang.ClassLoader.defineClass(String, byte[], int, int, ProtectionDomain)","4","38"
"ClassLoader.java:763 java.lang.ClassLoader.defineClass1(String, byte[], int, int, ProtectionDomain, String)","4","39"
"ClassLoader.java (native) java.lang.ClassLoader.loadClass(String)","4","40"
"ClassLoader.java:357 sun.misc.Launcher$AppClassLoader.loadClass(String, boolean)","4","41"
"Launcher.java:349 java.lang.ClassLoader.loadClass(String, boolean)","4","42"
"ClassLoader.java:424 java.net.URLClassLoader.findClass(String)","4","43"
"URLClassLoader.java:362 java.security.AccessController.doPrivileged(PrivilegedExceptionAction, AccessControlContext)","4","44"
"AccessController.java (native) java.net.URLClassLoader$1.run()","4","45"
"URLClassLoader.java:363 java.net.URLClassLoader$1.run()","4","46"
"URLClassLoader.java:369 java.net.URLClassLoader.access$100(URLClassLoader, String, Resource)","4","47"
"URLClassLoader.java:74 java.net.URLClassLoader.defineClass(String, Resource)","4","48"
"URLClassLoader.java:468 java.security.SecureClassLoader.defineClass(String, byte[], int, int, CodeSource)","4","49"
"SecureClassLoader.java:142 java.lang.ClassLoader.defineClass(String, byte[], int, int, ProtectionDomain)","4","50"
"ClassLoader.java:763 java.lang.ClassLoader.defineClass1(String, byte[], int, int, ProtectionDomain, String)","4","51"
"ClassLoader.java (native) java.lang.ClassLoader.loadClass(String)","4","52"
"ClassLoader.java:357 sun.misc.Launcher$AppClassLoader.loadClass(String, boolean)","4","53"
"Launcher.java:349 java.lang.ClassLoader.loadClass(String, boolean)","4","54"
"ClassLoader.java:424 java.net.URLClassLoader.findClass(String)","4","55"
"URLClassLoader.java:362 java.security.AccessController.doPrivileged(PrivilegedExceptionAction, AccessControlContext)","4","56"
"AccessController.java (native) java.net.URLClassLoader$1.run()","4","57"
"URLClassLoader.java:363 java.net.URLClassLoader$1.run()","4","58"
"URLClassLoader.java:369 java.net.URLClassLoader.access$100(URLClassLoader, String, Resource)","4","59"
"URLClassLoader.java:74 java.net.URLClassLoader.defineClass(String, Resource)","4","60"
"URLClassLoader.java:468 java.security.SecureClassLoader.defineClass(String, byte[], int, int, CodeSource)","4","61"
"SecureClassLoader.java:142 java.security.SecureClassLoader.getProtectionDomain(CodeSource)","4","62"
"SecureClassLoader.java:204 java.util.HashMap.get(Object)","4","63"
"HashMap.java:557 java.util.HashMap.getNode(int, Object)","4","64"
"HashMap.java:572 java.security.CodeSource.equals(Object)","4","65"
"CodeSource.java:154 java.net.URL.equals(Object)","4","66"
"URL.java:870 java.net.URLStreamHandler.equals(URL, URL)","4","67"
"URLStreamHandler.java:339 java.net.URLStreamHandler.sameFile(URL, URL)","4","68"
"URLStreamHandler.java:418 sun.net.www.protocol.file.Handler.hostsEqual(URL, URL)","4","69"
"Handler.java:134 java.net.URLStreamHandler.hostsEqual(URL, URL)","4","70"
"URLStreamHandler.java:461","4","71"
"BinaryLinkClient.java:74 java.io.ObjectInputStream.<init>(InputStream)","12","4"
"ObjectInputStream.java:355","8","5"
"ObjectInputStream.java:356 sun.misc.ObjectInputFilter$Config.<clinit>()","4","5"
"ObjectInputFilter.java:249 java.security.AccessController.doPrivileged(PrivilegedAction)","4","6"
"AccessController.java (native) sun.misc.ObjectInputFilter$Config$$Lambda$2.run()","4","7"
"sun.misc.ObjectInputFilter$Config.lambda$static$0()","4","8"
"ObjectInputFilter.java:252 java.security.Security.<clinit>()","4","9"
"Security.java:69 java.security.AccessController.doPrivileged(PrivilegedAction)","4","10"
"AccessController.java (native) java.security.Security$1.run()","4","11"
"Security.java:69 java.security.Security$1.run()","4","12"
"Security.java:71 java.security.Security.access$000()","4","13"
"Security.java:49 java.security.Security.initialize()","4","14"
"Security.java:90 java.util.Properties.load(InputStream)","4","15"
"Properties.java:341 java.util.Properties.load0(Properties$LineReader)","4","16"
"Properties.java:353 java.util.Properties$LineReader.readLine()","4","17"
"Properties.java:454","4","18"
"ForkedMain.java:84 org.openjdk.jmh.runner.ForkedRunner.run()","140","3"
"ForkedRunner.java:72 org.openjdk.jmh.runner.BaseRunner.runBenchmarksForked(ActionPlan, IterationResultAcceptor)","100","4"
"BaseRunner.java:76 org.openjdk.jmh.runner.BaseRunner.doSingle(BenchmarkParams, ActionMode, IterationResultAcceptor)","100","5"
"BaseRunner.java:139 org.openjdk.jmh.runner.BaseRunner.runBenchmark(BenchmarkParams, IterationResultAcceptor)","100","6"
"BaseRunner.java:233 org.openjdk.jmh.runner.BenchmarkHandler.<init>(OutputFormat, Options, BenchmarkParams)","60","7"
"BenchmarkHandler.java:71 org.openjdk.jmh.profile.ProfilerFactory.<clinit>()","16","8"
"ProfilerFactory.java:175 java.lang.ClassLoader.loadClass(String)","8","9"
"ClassLoader.java:357 sun.misc.Launcher$AppClassLoader.loadClass(String, boolean)","8","10"
"Launcher.java:349 java.lang.ClassLoader.loadClass(String, boolean)","8","11"
"ClassLoader.java:424 java.net.URLClassLoader.findClass(String)","8","12"
"URLClassLoader.java:362 java.security.AccessController.doPrivileged(PrivilegedExceptionAction, AccessControlContext)","8","13"
"AccessController.java (native) java.net.URLClassLoader$1.run()","8","14"
"URLClassLoader.java:363 java.net.URLClassLoader$1.run()","8","15"
"URLClassLoader.java:369 java.net.URLClassLoader.access$100(URLClassLoader, String, Resource)","8","16"
"URLClassLoader.java:74 java.net.URLClassLoader.defineClass(String, Resource)","8","17"
"URLClassLoader.java:468 java.security.SecureClassLoader.defineClass(String, byte[], int, int, CodeSource)","8","18"
"SecureClassLoader.java:142 java.lang.ClassLoader.defineClass(String, byte[], int, int, ProtectionDomain)","8","19"
"ClassLoader.java:763 java.lang.ClassLoader.defineClass1(String, byte[], int, int, ProtectionDomain, String)","8","20"
"ProfilerFactory.java:167 java.lang.ClassLoader.loadClass(String)","4","9"
"ClassLoader.java:357 sun.misc.Launcher$AppClassLoader.loadClass(String, boolean)","4","10"
"Launcher.java:349 java.lang.ClassLoader.loadClass(String, boolean)","4","11"
"ClassLoader.java:424 java.net.URLClassLoader.findClass(String)","4","12"
"URLClassLoader.java:362 java.security.AccessController.doPrivileged(PrivilegedExceptionAction, AccessControlContext)","4","13"
"AccessController.java (native) java.net.URLClassLoader$1.run()","4","14"
"URLClassLoader.java:363 java.net.URLClassLoader$1.run()","4","15"
"URLClassLoader.java:369 java.net.URLClassLoader.access$100(URLClassLoader, String, Resource)","4","16"
"URLClassLoader.java:74 java.net.URLClassLoader.defineClass(String, Resource)","4","17"
"URLClassLoader.java:468 java.security.SecureClassLoader.defineClass(String, byte[], int, int, CodeSource)","4","18"
"SecureClassLoader.java:142 java.lang.ClassLoader.defineClass(String, byte[], int, int, ProtectionDomain)","4","19"
"ClassLoader.java:763 java.lang.ClassLoader.defineClass1(String, byte[], int, int, ProtectionDomain, String)","4","20"
"ProfilerFactory.java:178 java.lang.ClassLoader.loadClass(String)","4","9"
"ClassLoader.java:357 sun.misc.Launcher$AppClassLoader.loadClass(String, boolean)","4","10"
"Launcher.java:349 java.lang.ClassLoader.loadClass(String, boolean)","4","11"
"ClassLoader.java:424 java.net.URLClassLoader.findClass(String)","4","12"
"URLClassLoader.java:362 java.security.AccessController.doPrivileged(PrivilegedExceptionAction, AccessControlContext)","4","13"
"AccessController.java (native) java.net.URLClassLoader$1.run()","4","14"
"URLClassLoader.java:363 java.net.URLClassLoader$1.run()","4","15"
"URLClassLoader.java:369 java.net.URLClassLoader.access$100(URLClassLoader, String, Resource)","4","16"
"URLClassLoader.java:74 java.net.URLClassLoader.defineClass(String, Resource)","4","17"
"URLClassLoader.java:468 java.security.SecureClassLoader.defineClass(String, byte[], int, int, CodeSource)","4","18"
"SecureClassLoader.java:142 java.lang.ClassLoader.defineClass(String, byte[], int, int, ProtectionDomain)","4","19"
"ClassLoader.java:763 java.lang.ClassLoader.defineClass1(String, byte[], int, int, ProtectionDomain, String)","4","20"
"ClassLoader.java (native) java.lang.ClassLoader.loadClass(String)","4","21"
"ClassLoader.java:357 sun.misc.Launcher$AppClassLoader.loadClass(String, boolean)","4","22"
"Launcher.java:349 java.lang.ClassLoader.loadClass(String, boolean)","4","23"
"ClassLoader.java:424 java.net.URLClassLoader.findClass(String)","4","24"
"URLClassLoader.java:362 java.security.AccessController.doPrivileged(PrivilegedExceptionAction, AccessControlContext)","4","25"
"AccessController.java (native) java.net.URLClassLoader$1.run()","4","26"
"URLClassLoader.java:363 java.net.URLClassLoader$1.run()","4","27"
"URLClassLoader.java:369 java.net.URLClassLoader.access$100(URLClassLoader, String, Resource)","4","28"
"URLClassLoader.java:74 java.net.URLClassLoader.defineClass(String, Resource)","4","29"
"URLClassLoader.java:468 java.security.SecureClassLoader.defineClass(String, byte[], int, int, CodeSource)","4","30"
"SecureClassLoader.java:142 java.lang.ClassLoader.defineClass(String, byte[], int, int, ProtectionDomain)","4","31"
"ClassLoader.java:763 java.lang.ClassLoader.defineClass1(String, byte[], int, int, ProtectionDomain, String)","4","32"
"BenchmarkHandler.java:71 org.openjdk.jmh.profile.ProfilerFactory.getSupportedInternal(Collection)","12","8"
"ProfilerFactory.java:110 org.openjdk.jmh.profile.ProfilerFactory.getProfilerOrNull(ProfilerConfig)","12","9"
"ProfilerFactory.java:52 org.openjdk.jmh.profile.ProfilerFactory.getProfiler(ProfilerConfig)","12","10"
"ProfilerFactory.java:68 org.openjdk.jmh.profile.ProfilerFactory.getDiscoveredProfilers()","8","11"
"ProfilerFactory.java:187 java.util.ServiceLoader$1.hasNext()","8","12"
"ServiceLoader.java:474 java.util.ServiceLoader$LazyIterator.hasNext()","8","13"
"ServiceLoader.java:393 java.util.ServiceLoader$LazyIterator.hasNextService()","8","14"
"ServiceLoader.java:348 java.lang.ClassLoader.getResources(String)","8","15"
"ClassLoader.java:1138 java.lang.ClassLoader.getResources(String)","8","16"
"ClassLoader.java:1142 java.net.URLClassLoader.findResources(String)","8","17"
"URLClassLoader.java:593","8","18"
"ProfilerFactory.java:76 java.lang.Class.forName(String)","4","11"
"Class.java:264 java.lang.Class.forName0(String, boolean, ClassLoader, Class)","4","12"
"Class.java (native) java.lang.ClassLoader.loadClass(String)","4","13"
"ClassLoader.java:357 sun.misc.Launcher$AppClassLoader.loadClass(String, boolean)","4","14"
"Launcher.java:349 java.lang.ClassLoader.loadClass(String, boolean)","4","15"
"ClassLoader.java:411 java.lang.ClassLoader.loadClass(String, boolean)","4","16"
"ClassLoader.java:413 java.lang.ClassLoader.findBootstrapClassOrNull(String)","4","17"
"ClassLoader.java:1015 java.lang.ClassLoader.findBootstrapClass(String)","4","18"
"BenchmarkHandler.java:68 org.openjdk.jmh.util.ClassUtils.loadClass(String)","12","8"
"ClassUtils.java:72 java.lang.Class.forName(String)","12","9"
"Class.java:264 java.lang.Class.forName0(String, boolean, ClassLoader, Class)","12","10"
"Class.java (native) java.lang.ClassLoader.loadClass(String)","4","11"
"ClassLoader.java:357 sun.misc.Launcher$AppClassLoader.loadClass(String, boolean)","4","12"
"Launcher.java:349 java.lang.ClassLoader.loadClass(String, boolean)","4","13"
"ClassLoader.java:424 java.net.URLClassLoader.findClass(String)","4","14"
"URLClassLoader.java:362 java.security.AccessController.doPrivileged(PrivilegedExceptionAction, AccessControlContext)","4","15"
"AccessController.java (native) java.net.URLClassLoader$1.run()","4","16"
"URLClassLoader.java:363 java.net.URLClassLoader$1.run()","4","17"
"URLClassLoader.java:369 java.net.URLClassLoader.access$100(URLClassLoader, String, Resource)","4","18"
"URLClassLoader.java:74 java.net.URLClassLoader.defineClass(String, Resource)","4","19"
"URLClassLoader.java:468 java.security.SecureClassLoader.defineClass(String, byte[], int, int, CodeSource)","4","20"
"SecureClassLoader.java:142 java.lang.ClassLoader.defineClass(String, byte[], int, int, ProtectionDomain)","4","21"
"ClassLoader.java:763 java.lang.ClassLoader.defineClass1(String, byte[], int, int, ProtectionDomain, String)","4","22"
"BenchmarkHandler.java:70 org.openjdk.jmh.runner.BenchmarkHandler.findBenchmarkMethod(Class, String)","8","8"
"BenchmarkHandler.java:140 org.openjdk.jmh.util.ClassUtils.enumerateMethods(Class)","8","9"
"ClassUtils.java:63 java.lang.Class.getDeclaredMethods()","8","10"
"Class.java:1975 java.lang.Class.privateGetDeclaredMethods(boolean)","8","11"
"Class.java:2701 java.lang.Class.getDeclaredMethods0(boolean)","8","12"
"Class.java (native) java.lang.ClassLoader.loadClass(String)","8","13"
"ClassLoader.java:357 sun.misc.Launcher$AppClassLoader.loadClass(String, boolean)","8","14"
"Launcher.java:349 java.lang.ClassLoader.loadClass(String, boolean)","8","15"
"ClassLoader.java:424 java.net.URLClassLoader.findClass(String)","8","16"
"URLClassLoader.java:362 java.security.AccessController.doPrivileged(PrivilegedExceptionAction, AccessControlContext)","8","17"
"AccessController.java (native) java.net.URLClassLoader$1.run()","8","18"
"URLClassLoader.java:363 java.net.URLClassLoader$1.run()","8","19"
"URLClassLoader.java:369 java.net.URLClassLoader.access$100(URLClassLoader, String, Resource)","8","20"
"URLClassLoader.java:74 java.net.URLClassLoader.defineClass(String, Resource)","8","21"
"URLClassLoader.java:468 java.security.SecureClassLoader.defineClass(String, byte[], int, int, CodeSource)","4","22"
"SecureClassLoader.java:142 java.lang.ClassLoader.defineClass(String, byte[], int, int, ProtectionDomain)","4","23"
"ClassLoader.java:763 java.lang.ClassLoader.defineClass1(String, byte[], int, int, ProtectionDomain, String)","4","24"
"ClassLoader.java (native) java.lang.ClassLoader.loadClass(String)","4","25"
"ClassLoader.java:357 sun.misc.Launcher$AppClassLoader.loadClass(String, boolean)","4","26"
"Launcher.java:349 java.lang.ClassLoader.loadClass(String, boolean)","4","27"
"ClassLoader.java:424 java.net.URLClassLoader.findClass(String)","4","28"
"URLClassLoader.java:362 java.security.AccessController.doPrivileged(PrivilegedExceptionAction, AccessControlContext)","4","29"
"AccessController.java (native) java.net.URLClassLoader$1.run()","4","30"
"URLClassLoader.java:363 java.net.URLClassLoader$1.run()","4","31"
"URLClassLoader.java:369 java.net.URLClassLoader.access$100(URLClassLoader, String, Resource)","4","32"
"URLClassLoader.java:74 java.net.URLClassLoader.defineClass(String, Resource)","4","33"
"URLClassLoader.java:468 java.security.SecureClassLoader.defineClass(String, byte[], int, int, CodeSource)","4","34"
"SecureClassLoader.java:142 java.lang.ClassLoader.defineClass(String, byte[], int, int, ProtectionDomain)","4","35"
"ClassLoader.java:763 java.lang.ClassLoader.defineClass1(String, byte[], int, int, ProtectionDomain, String)","4","36"
"ClassLoader.java (native) java.lang.ClassLoader.loadClass(String)","4","37"
"ClassLoader.java:357 sun.misc.Launcher$AppClassLoader.loadClass(String, boolean)","4","38"
"Launcher.java:349 java.lang.ClassLoader.loadClass(String, boolean)","4","39"
"ClassLoader.java:424 java.net.URLClassLoader.findClass(String)","4","40"
"URLClassLoader.java:362 java.security.AccessController.doPrivileged(PrivilegedExceptionAction, AccessControlContext)","4","41"
"AccessController.java (native) java.net.URLClassLoader$1.run()","4","42"
"URLClassLoader.java:363 java.net.URLClassLoader$1.run()","4","43"
"URLClassLoader.java:369 java.net.URLClassLoader.access$100(URLClassLoader, String, Resource)","4","44"
"URLClassLoader.java:74 java.net.URLClassLoader.defineClass(String, Resource)","4","45"
"URLClassLoader.java:468 java.security.SecureClassLoader.defineClass(String, byte[], int, int, CodeSource)","4","46"
"SecureClassLoader.java:142 java.lang.ClassLoader.defineClass(String, byte[], int, int, ProtectionDomain)","4","47"
"ClassLoader.java:763 java.lang.ClassLoader.defineClass1(String, byte[], int, int, ProtectionDomain, String)","4","48"
"ClassLoader.java (native) java.lang.ClassLoader.loadClass(String)","4","49"
"ClassLoader.java:357 sun.misc.Launcher$AppClassLoader.loadClass(String, boolean)","4","50"
"Launcher.java:349 java.lang.ClassLoader.loadClass(String, boolean)","4","51"
"ClassLoader.java:424 java.net.URLClassLoader.findClass(String)","4","52"
"URLClassLoader.java:362 java.security.AccessController.doPrivileged(PrivilegedExceptionAction, AccessControlContext)","4","53"
"AccessController.java (native) java.net.URLClassLoader$1.run()","4","54"
"URLClassLoader.java:363 java.net.URLClassLoader$1.run()","4","55"
"URLClassLoader.java:369 java.net.URLClassLoader.access$100(URLClassLoader, String, Resource)","4","56"
"URLClassLoader.java:74 java.net.URLClassLoader.defineClass(String, Resource)","4","57"
"URLClassLoader.java:468 java.security.SecureClassLoader.defineClass(String, byte[], int, int, CodeSource)","4","58"
"SecureClassLoader.java:142 java.lang.ClassLoader.defineClass(String, byte[], int, int, ProtectionDomain)","4","59"
"ClassLoader.java:763 java.lang.ClassLoader.defineClass1(String, byte[], int, int, ProtectionDomain, String)","4","60"
"ClassLoader.java (native) java.lang.ClassLoader.loadClass(String)","4","61"
"ClassLoader.java:357 sun.misc.Launcher$AppClassLoader.loadClass(String, boolean)","4","62"
"Launcher.java:349 java.lang.ClassLoader.loadClass(String, boolean)","4","63"
"ClassLoader.java:424 java.net.URLClassLoader.findClass(String)","4","64"
"URLClassLoader.java:362 java.security.AccessController.doPrivileged(PrivilegedExceptionAction, AccessControlContext)","4","65"
"AccessController.java (native) java.net.URLClassLoader$1.run()","4","66"
"URLClassLoader.java:363 java.net.URLClassLoader$1.run()","4","67"
"URLClassLoader.java:366 sun.misc.URLClassPath.getResource(String, boolean)","4","68"
"URLClassPath.java:249 sun.misc.URLClassPath$JarLoader.getResource(String, boolean)","4","69"
"URLClassPath.java:1054 java.util.jar.JarFile.getJarEntry(String)","4","70"
"JarFile.java:223 java.util.jar.JarFile.getEntry(String)","4","71"
"JarFile.java:240 java.util.zip.ZipFile.getEntry(String)","4","72"
"ZipFile.java:326 java.util.zip.ZipFile.getZipEntry(String, long)","4","73"
"ZipFile.java:586 java.util.zip.ZipFile.getEntryTime(long)","4","74"
"URLClassLoader.java:463 sun.misc.Resource.getBytes()","4","22"
"Resource.java:124 java.util.zip.InflaterInputStream.read(byte[], int, int)","4","23"
"InflaterInputStream.java:152 java.util.zip.Inflater.inflate(byte[], int, int)","4","24"
"Inflater.java:259 java.util.zip.Inflater.inflateBytes(long, byte[], int, int)","4","25"
"BenchmarkHandler.java:96 org.openjdk.jmh.runner.BenchmarkHandler$ExecutorType$2.createExecutor(int, String)","8","8"
"BenchmarkHandler.java:205 java.util.concurrent.Executors.newFixedThreadPool(int, ThreadFactory)","8","9"
"Executors.java:151","8","10"
"BenchmarkHandler.java:76 org.openjdk.jmh.runner.BenchmarkHandler.distributeThreads(int, int[])","4","8"
"BenchmarkHandler.java:105","4","9"
"BaseRunner.java:234 org.openjdk.jmh.runner.BaseRunner.runBenchmark(BenchmarkParams, BenchmarkHandler, IterationResultAcceptor)","36","7"
"BaseRunner.java:282 org.openjdk.jmh.runner.BenchmarkHandler.runIteration(BenchmarkParams, IterationParams, boolean)","12","8"
"BenchmarkHandler.java:347 java.lang.ClassLoader.loadClass(String)","8","9"
"ClassLoader.java:357 sun.misc.Launcher$AppClassLoader.loadClass(String, boolean)","8","10"
"Launcher.java:349 java.lang.ClassLoader.loadClass(String, boolean)","8","11"
"ClassLoader.java:424 java.net.URLClassLoader.findClass(String)","8","12"
"URLClassLoader.java:362 java.security.AccessController.doPrivileged(PrivilegedExceptionAction, AccessControlContext)","8","13"
"AccessController.java (native) java.net.URLClassLoader$1.run()","8","14"
"URLClassLoader.java:363 java.net.URLClassLoader$1.run()","8","15"
"URLClassLoader.java:369 java.net.URLClassLoader.access$100(URLClassLoader, String, Resource)","8","16"
"URLClassLoader.java:74 java.net.URLClassLoader.defineClass(String, Resource)","8","17"
"URLClassLoader.java:463 sun.misc.Resource.getBytes()","8","18"
"Resource.java:124 java.util.zip.InflaterInputStream.read(byte[], int, int)","8","19"
"InflaterInputStream.java:152 java.util.zip.Inflater.inflate(byte[], int, int)","8","20"
"Inflater.java:259 java.util.zip.Inflater.inflateBytes(long, byte[], int, int)","8","21"
"BenchmarkHandler.java:320 org.openjdk.jmh.runner.InfraControl.<clinit>()","4","9"
"InfraControl.java:51 org.openjdk.jmh.util.Utils.check(Class, String[])","4","10"
"Utils.java:339 org.openjdk.jmh.util.Utils.check(Class, String)","4","11"
"Utils.java:346 org.openjdk.jmh.util.Utils.getOffset(Class, String)","4","12"
"Utils.java:356 java.lang.Class.getDeclaredField(String)","4","13"
"Class.java:2070","4","14"
"BaseRunner.java:283 com.sun.proxy.$Proxy5.iterationResult(BenchmarkParams, IterationParams, int, IterationResult)","8","8"
"org.openjdk.jmh.runner.link.BinaryLinkClient$1.invoke(Object, Method, Object[])","8","9"
"BinaryLinkClient.java:84 org.openjdk.jmh.runner.link.BinaryLinkClient.access$000(BinaryLinkClient, Serializable)","8","10"
"BinaryLinkClient.java:50 org.openjdk.jmh.runner.link.BinaryLinkClient.pushFrame(Serializable)","8","11"
"BinaryLinkClient.java:111 java.io.ObjectOutputStream.writeObject(Object)","8","12"
"ObjectOutputStream.java:348 java.io.ObjectOutputStream.writeObject0(Object, boolean)","8","13"
"ObjectOutputStream.java:1178 java.io.ObjectOutputStream.writeOrdinaryObject(Object, ObjectStreamClass, boolean)","8","14"
"ObjectOutputStream.java:1432 java.io.ObjectOutputStream.writeSerialData(Object, ObjectStreamClass)","8","15"
"ObjectOutputStream.java:1509 java.io.ObjectOutputStream.defaultWriteFields(Object, ObjectStreamClass)","8","16"
"ObjectOutputStream.java:1548 java.io.ObjectOutputStream.writeObject0(Object, boolean)","8","17"
"ObjectOutputStream.java:1174 java.io.ObjectOutputStream.writeArray(Object, ObjectStreamClass, boolean)","8","18"
"ObjectOutputStream.java:1378 java.io.ObjectOutputStream.writeObject0(Object, boolean)","8","19"
"ObjectOutputStream.java:1178 java.io.ObjectOutputStream.writeOrdinaryObject(Object, ObjectStreamClass, boolean)","8","20"
"ObjectOutputStream.java:1432 java.io.ObjectOutputStream.writeSerialData(Object, ObjectStreamClass)","8","21"
"ObjectOutputStream.java:1509 java.io.ObjectOutputStream.defaultWriteFields(Object, ObjectStreamClass)","8","22"
"ObjectOutputStream.java:1548 java.io.ObjectOutputStream.writeObject0(Object, boolean)","8","23"
"ObjectOutputStream.java:1178 java.io.ObjectOutputStream.writeOrdinaryObject(Object, ObjectStreamClass, boolean)","4","24"
"ObjectOutputStream.java:1432 java.io.ObjectOutputStream.writeSerialData(Object, ObjectStreamClass)","4","25"
"ObjectOutputStream.java:1509 java.io.ObjectOutputStream.defaultWriteFields(Object, ObjectStreamClass)","4","26"
"ObjectOutputStream.java:1548 java.io.ObjectOutputStream.writeObject0(Object, boolean)","4","27"
"ObjectOutputStream.java:1134 java.io.ObjectStreamClass.lookup(Class, boolean)","4","28"
"ObjectStreamClass.java:391 java.io.ObjectStreamClass.<init>(Class)","4","29"
"ObjectStreamClass.java:494 java.security.AccessController.doPrivileged(PrivilegedAction)","4","30"
"AccessController.java (native) java.io.ObjectStreamClass$3.run()","4","31"
"ObjectStreamClass.java:494 java.io.ObjectStreamClass$3.run()","4","32"
"ObjectStreamClass.java:533 java.io.ObjectStreamClass.access$2400(Class, String, Class[], Class)","4","33"
"ObjectStreamClass.java:79 java.io.ObjectStreamClass.getInheritableMethod(Class, String, Class[], Class)","4","34"
"ObjectStreamClass.java:1596 java.lang.Class.getDeclaredMethod(String, Class[])","4","35"
"Class.java:2130","4","36"
"ObjectOutputStream.java:1134 java.io.ObjectStreamClass.lookup(Class, boolean)","4","24"
"ObjectStreamClass.java:391 java.io.ObjectStreamClass.<init>(Class)","4","25"
"ObjectStreamClass.java:494 java.security.AccessController.doPrivileged(PrivilegedAction)","4","26"
"AccessController.java (native) java.io.ObjectStreamClass$3.run()","4","27"
"ObjectStreamClass.java:494 java.io.ObjectStreamClass$3.run()","4","28"
"ObjectStreamClass.java:519 java.io.ObjectStreamClass.access$1500(Class)","4","29"
"ObjectStreamClass.java:79 java.io.ObjectStreamClass.getSerializableConstructor(Class)","4","30"
"ObjectStreamClass.java:1574 sun.reflect.ReflectionFactory.newConstructorForSerialization(Class, Constructor)","4","31"
"ReflectionFactory.java:360 sun.reflect.ReflectionFactory.generateConstructor(Class, Constructor)","4","32"
"ReflectionFactory.java:398 sun.reflect.MethodAccessorGenerator.generateSerializationConstructor(Class, Class[], Class[], int, Class)","4","33"
"MethodAccessorGenerator.java:112 sun.reflect.MethodAccessorGenerator.generate(Class, String, Class[], Class, Class[], int, boolean, boolean, Class)","4","34"
"MethodAccessorGenerator.java:386 sun.reflect.ByteVectorImpl.trim()","4","35"
"ByteVectorImpl.java:70","4","36"
"BaseRunner.java:285","8","8"
"BaseRunner.java:279 com.sun.proxy.$Proxy5.iteration(BenchmarkParams, IterationParams, int)","4","8"
"org.openjdk.jmh.runner.link.BinaryLinkClient$1.invoke(Object, Method, Object[])","4","9"
"BinaryLinkClient.java:84 org.openjdk.jmh.runner.link.BinaryLinkClient.access$000(BinaryLinkClient, Serializable)","4","10"
"BinaryLinkClient.java:50 org.openjdk.jmh.runner.link.BinaryLinkClient.pushFrame(Serializable)","4","11"
"BinaryLinkClient.java:111 java.io.ObjectOutputStream.writeObject(Object)","4","12"
"ObjectOutputStream.java:348 java.io.ObjectOutputStream.writeObject0(Object, boolean)","4","13"
"ObjectOutputStream.java:1178 java.io.ObjectOutputStream.writeOrdinaryObject(Object, ObjectStreamClass, boolean)","4","14"
"ObjectOutputStream.java:1432 java.io.ObjectOutputStream.writeSerialData(Object, ObjectStreamClass)","4","15"
"ObjectOutputStream.java:1509 java.io.ObjectOutputStream.defaultWriteFields(Object, ObjectStreamClass)","4","16"
"ObjectOutputStream.java:1548 java.io.ObjectOutputStream.writeObject0(Object, boolean)","4","17"
"ObjectOutputStream.java:1174 java.io.ObjectOutputStream.writeArray(Object, ObjectStreamClass, boolean)","4","18"
"ObjectOutputStream.java:1378 java.io.ObjectOutputStream.writeObject0(Object, boolean)","4","19"
"ObjectOutputStream.java:1178 java.io.ObjectOutputStream.writeOrdinaryObject(Object, ObjectStreamClass, boolean)","4","20"
"ObjectOutputStream.java:1432 java.io.ObjectOutputStream.writeSerialData(Object, ObjectStreamClass)","4","21"
"ObjectOutputStream.java:1509 java.io.ObjectOutputStream.defaultWriteFields(Object, ObjectStreamClass)","4","22"
"ObjectOutputStream.java:1548 java.io.ObjectOutputStream.writeObject0(Object, boolean)","4","23"
"ObjectOutputStream.java:1178 java.io.ObjectOutputStream.writeOrdinaryObject(Object, ObjectStreamClass, boolean)","4","24"
"ObjectOutputStream.java:1427 java.io.ObjectOutputStream.writeClassDesc(ObjectStreamClass, boolean)","4","25"
"ObjectOutputStream.java:1231 java.io.ObjectOutputStream.writeNonProxyDesc(ObjectStreamClass, boolean)","4","26"
"ObjectOutputStream.java:1294 java.io.ObjectOutputStream.writeClassDesc(ObjectStreamClass, boolean)","4","27"
"ObjectOutputStream.java:1231 java.io.ObjectOutputStream.writeNonProxyDesc(ObjectStreamClass, boolean)","4","28"
"ObjectOutputStream.java:1294 java.io.ObjectOutputStream.writeClassDesc(ObjectStreamClass, boolean)","4","29"
"ObjectOutputStream.java:1231 java.io.ObjectOutputStream.writeNonProxyDesc(ObjectStreamClass, boolean)","4","30"
"ObjectOutputStream.java:1282 java.io.ObjectOutputStream.writeClassDescriptor(ObjectStreamClass)","4","31"
"ObjectOutputStream.java:668 java.io.ObjectStreamClass.writeNonProxy(ObjectOutputStream)","4","32"
"ObjectStreamClass.java:843 java.io.ObjectOutputStream.writeUTF(String)","4","33"
"ObjectOutputStream.java:869 java.io.ObjectOutputStream$BlockDataOutputStream.writeUTF(String)","4","34"
"ObjectOutputStream.java:2007 java.io.ObjectOutputStream$BlockDataOutputStream.writeUTF(String, long)","4","35"
"ObjectOutputStream.java:2168 java.io.ObjectOutputStream$BlockDataOutputStream.writeBytes(String)","4","36"
"ObjectOutputStream.java:1994","4","37"
"BaseRunner.java:299 org.openjdk.jmh.runner.ForkedRunner$1.acceptMeta(BenchmarkResultMetaData)","4","8"
"ForkedRunner.java:64 org.openjdk.jmh.runner.link.BinaryLinkClient.pushResultMetadata(BenchmarkResultMetaData)","4","9"
"BinaryLinkClient.java:180 org.openjdk.jmh.runner.link.BinaryLinkClient.pushFrame(Serializable)","4","10"
"BinaryLinkClient.java:111 java.io.ObjectOutputStream.writeObject(Object)","4","11"
"ObjectOutputStream.java:348 java.io.ObjectOutputStream.writeObject0(Object, boolean)","4","12"
"ObjectOutputStream.java:1134 java.io.ObjectStreamClass.lookup(Class, boolean)","4","13"
"ObjectStreamClass.java:391 java.io.ObjectStreamClass.<init>(Class)","4","14"
"ObjectStreamClass.java:494 java.security.AccessController.doPrivileged(PrivilegedAction)","4","15"
"AccessController.java (native) java.io.ObjectStreamClass$3.run()","4","16"
"ObjectStreamClass.java:494 java.io.ObjectStreamClass$3.run()","4","17"
"ObjectStreamClass.java:508 java.io.ObjectStreamClass.access$800(Class)","4","18"
"ObjectStreamClass.java:79 java.io.ObjectStreamClass.getSerialFields(Class)","4","19"
"ObjectStreamClass.java:1759 java.io.ObjectStreamClass.getDefaultSerialFields(Class)","4","20"
"ObjectStreamClass.java:1843 java.io.ObjectStreamField.<init>(Field, boolean, boolean)","4","21"
"ObjectStreamField.java:140 java.io.ObjectStreamField.getClassSignature(Class)","4","22"
"ObjectStreamField.java:295 java.lang.Class.isArray()","4","23"
"BaseRunner.java:233 org.openjdk.jmh.runner.BenchmarkHandler.<clinit>()","4","7"
"BenchmarkHandler.java:185 java.lang.ClassLoader.loadClass(String)","4","8"
"ClassLoader.java:357 sun.misc.Launcher$AppClassLoader.loadClass(String, boolean)","4","9"
"Launcher.java:349 java.lang.ClassLoader.loadClass(String, boolean)","4","10"
"ClassLoader.java:424 java.net.URLClassLoader.findClass(String)","4","11"
"URLClassLoader.java:362 java.security.AccessController.doPrivileged(PrivilegedExceptionAction, AccessControlContext)","4","12"
"AccessController.java (native) java.net.URLClassLoader$1.run()","4","13"
"URLClassLoader.java:363 java.net.URLClassLoader$1.run()","4","14"
"URLClassLoader.java:366 java.net.URLClassLoader.access$000(URLClassLoader)","4","15"
"URLClassLoader.java:74","4","16"
"ForkedRunner.java:47 org.openjdk.jmh.runner.link.BinaryLinkClient.requestPlan()","40","4"
"BinaryLinkClient.java:162 org.openjdk.jmh.runner.link.BinaryLinkClient.readFrame()","40","5"
"BinaryLinkClient.java:122 java.io.ObjectInputStream.readObject()","40","6"
"ObjectInputStream.java:431 java.io.ObjectInputStream.readObject0(boolean)","40","7"
"ObjectInputStream.java:1573 java.io.ObjectInputStream.readOrdinaryObject(boolean)","40","8"
"ObjectInputStream.java:2069 java.io.ObjectInputStream.readSerialData(Object, ObjectStreamClass)","32","9"
"ObjectInputStream.java:2211 java.io.ObjectInputStream.defaultReadFields(Object, ObjectStreamClass)","32","10"
"ObjectInputStream.java:2287 java.io.ObjectInputStream.readObject0(boolean)","32","11"
"ObjectInputStream.java:1573 java.io.ObjectInputStream.readOrdinaryObject(boolean)","32","12"
"ObjectInputStream.java:2069 java.io.ObjectInputStream.readSerialData(Object, ObjectStreamClass)","32","13"
"ObjectInputStream.java:2211 java.io.ObjectInputStream.defaultReadFields(Object, ObjectStreamClass)","32","14"
"ObjectInputStream.java:2287 java.io.ObjectInputStream.readObject0(boolean)","32","15"
"ObjectInputStream.java:1573 java.io.ObjectInputStream.readOrdinaryObject(boolean)","32","16"
"ObjectInputStream.java:2069 java.io.ObjectInputStream.readSerialData(Object, ObjectStreamClass)","32","17"
"ObjectInputStream.java:2178 java.io.ObjectStreamClass.invokeReadObject(Object, ObjectInputStream)","32","18"
"ObjectStreamClass.java:1170 java.lang.reflect.Method.invoke(Object, Object[])","32","19"
"Method.java:498 sun.reflect.DelegatingMethodAccessorImpl.invoke(Object, Object[])","32","20"
"DelegatingMethodAccessorImpl.java:43 sun.reflect.NativeMethodAccessorImpl.invoke(Object, Object[])","32","21"
"NativeMethodAccessorImpl.java:62 sun.reflect.NativeMethodAccessorImpl.invoke0(Method, Object, Object[])","32","22"
"NativeMethodAccessorImpl.java (native) java.util.ArrayList.readObject(ObjectInputStream)","32","23"
"ArrayList.java:797 java.io.ObjectInputStream.readObject()","32","24"
"ObjectInputStream.java:431 java.io.ObjectInputStream.readObject0(boolean)","32","25"
"ObjectInputStream.java:1573 java.io.ObjectInputStream.readOrdinaryObject(boolean)","32","26"
"ObjectInputStream.java:2069 java.io.ObjectInputStream.readSerialData(Object, ObjectStreamClass)","32","27"
"ObjectInputStream.java:2211 java.io.ObjectInputStream.defaultReadFields(Object, ObjectStreamClass)","32","28"
"ObjectInputStream.java:2287 java.io.ObjectInputStream.readObject0(boolean)","32","29"
"ObjectInputStream.java:1573 java.io.ObjectInputStream.readOrdinaryObject(boolean)","32","30"
"ObjectInputStream.java:2069 java.io.ObjectInputStream.readSerialData(Object, ObjectStreamClass)","24","31"
"ObjectInputStream.java:2211 java.io.ObjectInputStream.defaultReadFields(Object, ObjectStreamClass)","24","32"
"ObjectInputStream.java:2287 java.io.ObjectInputStream.readObject0(boolean)","24","33"
"ObjectInputStream.java:1573 java.io.ObjectInputStream.readOrdinaryObject(boolean)","24","34"
"ObjectInputStream.java:2042 java.io.ObjectInputStream.readClassDesc(boolean)","12","35"
"ObjectInputStream.java:1751 java.io.ObjectInputStream.readNonProxyDesc(boolean)","12","36"
"ObjectInputStream.java:1885 java.io.ObjectInputStream.readClassDesc(boolean)","12","37"
"ObjectInputStream.java:1751 java.io.ObjectInputStream.readNonProxyDesc(boolean)","12","38"
"ObjectInputStream.java:1885 java.io.ObjectInputStream.readClassDesc(boolean)","8","39"
"ObjectInputStream.java:1751 java.io.ObjectInputStream.readNonProxyDesc(boolean)","8","40"
"ObjectInputStream.java:1885 java.io.ObjectInputStream.readClassDesc(boolean)","8","41"
"ObjectInputStream.java:1751 java.io.ObjectInputStream.readNonProxyDesc(boolean)","8","42"
"ObjectInputStream.java:1885 java.io.ObjectStreamClass.initNonProxy(ObjectStreamClass, Class, ClassNotFoundException, ObjectStreamClass)","8","43"
"ObjectStreamClass.java:681 java.io.ObjectStreamClass.lookup(Class, boolean)","8","44"
"ObjectStreamClass.java:391 java.io.ObjectStreamClass.<init>(Class)","8","45"
"ObjectStreamClass.java:494 java.security.AccessController.doPrivileged(PrivilegedAction)","8","46"
"AccessController.java (native) java.io.ObjectStreamClass$3.run()","8","47"
"ObjectStreamClass.java:494 java.io.ObjectStreamClass$3.run()","8","48"
"ObjectStreamClass.java:531 java.io.ObjectStreamClass.access$2400(Class, String, Class[], Class)","8","49"
"ObjectStreamClass.java:79 java.io.ObjectStreamClass.getInheritableMethod(Class, String, Class[], Class)","8","50"
"ObjectStreamClass.java:1596 java.lang.Class.getDeclaredMethod(String, Class[])","8","51"
"Class.java:2130 java.lang.NoSuchMethodException.<init>(String)","8","52"
"NoSuchMethodException.java:51 java.lang.ReflectiveOperationException.<init>(String)","8","53"
"ReflectiveOperationException.java:56 java.lang.Exception.<init>(String)","8","54"
"Exception.java:66 java.lang.Throwable.<init>(String)","8","55"
"Throwable.java:265 java.lang.Throwable.fillInStackTrace()","8","56"
"Throwable.java:783 java.lang.Throwable.fillInStackTrace(int)","8","57"
"ObjectInputStream.java:1885 java.io.ObjectStreamClass.initNonProxy(ObjectStreamClass, Class, ClassNotFoundException, ObjectStreamClass)","4","39"
"ObjectStreamClass.java:681 java.io.ObjectStreamClass.lookup(Class, boolean)","4","40"
"ObjectStreamClass.java:391 java.io.ObjectStreamClass.<init>(Class)","4","41"
"ObjectStreamClass.java:494 java.security.AccessController.doPrivileged(PrivilegedAction)","4","42"
"AccessController.java (native) java.io.ObjectStreamClass$3.run()","4","43"
"ObjectStreamClass.java:494 java.io.ObjectStreamClass$3.run()","4","44"
"ObjectStreamClass.java:519 java.io.ObjectStreamClass.access$1500(Class)","4","45"
"ObjectStreamClass.java:79 java.io.ObjectStreamClass.getSerializableConstructor(Class)","4","46"
"ObjectStreamClass.java:1558","4","47"
"ObjectInputStream.java:2069 java.io.ObjectInputStream.readSerialData(Object, ObjectStreamClass)","12","35"
"ObjectInputStream.java:2211 java.io.ObjectInputStream.defaultReadFields(Object, ObjectStreamClass)","12","36"
"ObjectInputStream.java:2293 java.io.ObjectStreamClass.setObjFieldValues(Object, Object[])","8","37"
"ObjectStreamClass.java:1417 java.io.ObjectStreamClass$FieldReflector.setObjFieldValues(Object, Object[])","8","38"
"ObjectStreamClass.java:2278 java.lang.Class.isInstance(Object)","8","39"
"ObjectInputStream.java:2287 java.io.ObjectInputStream.readObject0(boolean)","4","37"
"ObjectInputStream.java:1573 java.io.ObjectInputStream.readOrdinaryObject(boolean)","4","38"
"ObjectInputStream.java:2046","4","39"
"ObjectInputStream.java:2042 java.io.ObjectInputStream.readClassDesc(boolean)","8","31"
"ObjectInputStream.java:1751 java.io.ObjectInputStream.readNonProxyDesc(boolean)","8","32"
"ObjectInputStream.java:1885 java.io.ObjectInputStream.readClassDesc(boolean)","8","33"
"ObjectInputStream.java:1751 java.io.ObjectInputStream.readNonProxyDesc(boolean)","8","34"
"ObjectInputStream.java:1885 java.io.ObjectInputStream.readClassDesc(boolean)","8","35"
"ObjectInputStream.java:1751 java.io.ObjectInputStream.readNonProxyDesc(boolean)","8","36"
"ObjectInputStream.java:1885 java.io.ObjectInputStream.readClassDesc(boolean)","4","37"
"ObjectInputStream.java:1751 java.io.ObjectInputStream.readNonProxyDesc(boolean)","4","38"
"ObjectInputStream.java:1885 java.io.ObjectStreamClass.initNonProxy(ObjectStreamClass, Class, ClassNotFoundException, ObjectStreamClass)","4","39"
"ObjectStreamClass.java:681 java.io.ObjectStreamClass.lookup(Class, boolean)","4","40"
"ObjectStreamClass.java:391 java.io.ObjectStreamClass.<init>(Class)","4","41"
"ObjectStreamClass.java:494 java.security.AccessController.doPrivileged(PrivilegedAction)","4","42"
"AccessController.java (native) java.io.ObjectStreamClass$3.run()","4","43"
"ObjectStreamClass.java:494 java.io.ObjectStreamClass$3.run()","4","44"
"ObjectStreamClass.java:519 java.io.ObjectStreamClass.access$1500(Class)","4","45"
"ObjectStreamClass.java:79 java.io.ObjectStreamClass.getSerializableConstructor(Class)","4","46"
"ObjectStreamClass.java:1574 sun.reflect.ReflectionFactory.newConstructorForSerialization(Class, Constructor)","4","47"
"ReflectionFactory.java:360 sun.reflect.ReflectionFactory.generateConstructor(Class, Constructor)","4","48"
"ReflectionFactory.java:398 sun.reflect.MethodAccessorGenerator.generateSerializationConstructor(Class, Class[], Class[], int, Class)","4","49"
"MethodAccessorGenerator.java:112 sun.reflect.MethodAccessorGenerator.generate(Class, String, Class[], Class, Class[], int, boolean, boolean, Class)","4","50"
"MethodAccessorGenerator.java:393 java.security.AccessController.doPrivileged(PrivilegedAction)","4","51"
"AccessController.java (native) sun.reflect.MethodAccessorGenerator$1.run()","4","52"
"MethodAccessorGenerator.java:394 sun.reflect.MethodAccessorGenerator$1.run()","4","53"
"MethodAccessorGenerator.java:399 sun.reflect.ClassDefiner.defineClass(String, byte[], int, int, ClassLoader)","4","54"
"ClassDefiner.java:57 java.security.AccessController.doPrivileged(PrivilegedAction)","4","55"
"AccessController.java (native) sun.reflect.ClassDefiner$1.run()","4","56"
"ClassDefiner.java:58 sun.reflect.ClassDefiner$1.run()","4","57"
"ClassDefiner.java:60 sun.reflect.DelegatingClassLoader.<init>(ClassLoader)","4","58"
"ClassDefiner.java:72 java.lang.ClassLoader.<init>(ClassLoader)","4","59"
"ClassLoader.java:316 java.lang.ClassLoader.<init>(Void, ClassLoader)","4","60"
"ClassLoader.java:250 java.util.Vector.<init>()","4","61"
"Vector.java:160 java.util.Vector.<init>(int)","4","62"
"Vector.java:151 java.util.Vector.<init>(int, int)","4","63"
"Vector.java:138","4","64"
"ObjectInputStream.java:1885 java.io.ObjectStreamClass.initNonProxy(ObjectStreamClass, Class, ClassNotFoundException, ObjectStreamClass)","4","37"
"ObjectStreamClass.java:681 java.io.ObjectStreamClass.lookup(Class, boolean)","4","38"
"ObjectStreamClass.java:391 java.io.ObjectStreamClass.<init>(Class)","4","39"
"ObjectStreamClass.java:544 java.io.ObjectStreamClass.getReflector(ObjectStreamField[], ObjectStreamClass)","4","40"
"ObjectStreamClass.java:2347 java.io.ObjectStreamClass.matchFields(ObjectStreamField[], ObjectStreamClass)","4","41"
"ObjectStreamClass.java:2448","4","42"
"ObjectInputStream.java:2042 java.io.ObjectInputStream.readClassDesc(boolean)","8","9"
"ObjectInputStream.java:1751 java.io.ObjectInputStream.readNonProxyDesc(boolean)","8","10"
"ObjectInputStream.java:1885 java.io.ObjectStreamClass.initNonProxy(ObjectStreamClass, Class, ClassNotFoundException, ObjectStreamClass)","8","11"
"ObjectStreamClass.java:681 java.io.ObjectStreamClass.lookup(Class, boolean)","8","12"
"ObjectStreamClass.java:391 java.io.ObjectStreamClass.<init>(Class)","8","13"
"ObjectStreamClass.java:494 java.security.AccessController.doPrivileged(PrivilegedAction)","8","14"
"AccessController.java (native) java.io.ObjectStreamClass$3.run()","8","15"
"ObjectStreamClass.java:494 java.io.ObjectStreamClass$3.run()","8","16"
"ObjectStreamClass.java:519 java.io.ObjectStreamClass.access$1500(Class)","8","17"
"ObjectStreamClass.java:79 java.io.ObjectStreamClass.getSerializableConstructor(Class)","8","18"
"ObjectStreamClass.java:1574 sun.reflect.ReflectionFactory.newConstructorForSerialization(Class, Constructor)","8","19"
"ReflectionFactory.java:360 sun.reflect.ReflectionFactory.generateConstructor(Class, Constructor)","8","20"
"ReflectionFactory.java:398 sun.reflect.MethodAccessorGenerator.generateSerializationConstructor(Class, Class[], Class[], int, Class)","8","21"
"MethodAccessorGenerator.java:112 sun.reflect.MethodAccessorGenerator.generate(Class, String, Class[], Class, Class[], int, boolean, boolean, Class)","8","22"
"MethodAccessorGenerator.java:393 java.security.AccessController.doPrivileged(PrivilegedAction)","8","23"
"AccessController.java (native) sun.reflect.MethodAccessorGenerator$1.run()","8","24"
"MethodAccessorGenerator.java:394 sun.reflect.MethodAccessorGenerator$1.run()","8","25"
"MethodAccessorGenerator.java:399 sun.reflect.ClassDefiner.defineClass(String, byte[], int, int, ClassLoader)","8","26"
"ClassDefiner.java:63 sun.misc.Unsafe.defineClass(String, byte[], int, int, ClassLoader, ProtectionDomain)","8","27"
"ForkedMain.java:75 org.openjdk.jmh.runner.link.BinaryLinkClient.handshake()","56","3"
"BinaryLinkClient.java:149 org.openjdk.jmh.runner.link.BinaryLinkClient.readFrame()","40","4"
"BinaryLinkClient.java:122 java.io.ObjectInputStream.readObject()","40","5"
"ObjectInputStream.java:431 java.io.ObjectInputStream.readObject0(boolean)","40","6"
"ObjectInputStream.java:1573 java.io.ObjectInputStream.readOrdinaryObject(boolean)","40","7"
"ObjectInputStream.java:2069 java.io.ObjectInputStream.readSerialData(Object, ObjectStreamClass)","40","8"
"ObjectInputStream.java:2211 java.io.ObjectInputStream.defaultReadFields(Object, ObjectStreamClass)","40","9"
"ObjectInputStream.java:2287 java.io.ObjectInputStream.readObject0(boolean)","40","10"
"ObjectInputStream.java:1573 java.io.ObjectInputStream.readOrdinaryObject(boolean)","40","11"
"ObjectInputStream.java:2069 java.io.ObjectInputStream.readSerialData(Object, ObjectStreamClass)","32","12"
"ObjectInputStream.java:2211 java.io.ObjectInputStream.defaultReadFields(Object, ObjectStreamClass)","32","13"
"ObjectInputStream.java:2287 java.io.ObjectInputStream.readObject0(boolean)","32","14"
"ObjectInputStream.java:1573 java.io.ObjectInputStream.readOrdinaryObject(boolean)","32","15"
"ObjectInputStream.java:2069 java.io.ObjectInputStream.readSerialData(Object, ObjectStreamClass)","24","16"
"ObjectInputStream.java:2178 java.io.ObjectStreamClass.invokeReadObject(Object, ObjectInputStream)","24","17"
"ObjectStreamClass.java:1170 java.lang.reflect.Method.invoke(Object, Object[])","24","18"
"Method.java:498 sun.reflect.DelegatingMethodAccessorImpl.invoke(Object, Object[])","24","19"
"DelegatingMethodAccessorImpl.java:43 sun.reflect.NativeMethodAccessorImpl.invoke(Object, Object[])","24","20"
"NativeMethodAccessorImpl.java:62 sun.reflect.NativeMethodAccessorImpl.invoke0(Method, Object, Object[])","24","21"
"NativeMethodAccessorImpl.java (native) java.util.ArrayList.readObject(ObjectInputStream)","24","22"
"ArrayList.java:797 java.io.ObjectInputStream.readObject()","24","23"
"ObjectInputStream.java:431 java.io.ObjectInputStream.readObject0(boolean)","24","24"
"ObjectInputStream.java:1573 java.io.ObjectInputStream.readOrdinaryObject(boolean)","24","25"
"ObjectInputStream.java:2042 java.io.ObjectInputStream.readClassDesc(boolean)","24","26"
"ObjectInputStream.java:1751 java.io.ObjectInputStream.readNonProxyDesc(boolean)","24","27"
"ObjectInputStream.java:1885 java.io.ObjectStreamClass.initNonProxy(ObjectStreamClass, Class, ClassNotFoundException, ObjectStreamClass)","24","28"
"ObjectStreamClass.java:694 java.io.ObjectStreamClass.getSerialVersionUID()","16","29"
"ObjectStreamClass.java:272 java.security.AccessController.doPrivileged(PrivilegedAction)","16","30"
"AccessController.java (native) java.io.ObjectStreamClass$2.run()","16","31"
"ObjectStreamClass.java:273 java.io.ObjectStreamClass$2.run()","16","32"
"ObjectStreamClass.java:275 java.io.ObjectStreamClass.access$100(Class)","16","33"
"ObjectStreamClass.java:79 java.io.ObjectStreamClass.computeDefaultSUID(Class)","16","34"
"ObjectStreamClass.java:2000 java.security.MessageDigest.getInstance(String)","16","35"
"MessageDigest.java:167 java.security.Security.getImpl(String, String, String)","16","36"
"Security.java:695 sun.security.jca.GetInstance.getInstance(String, Class, String)","16","37"
"GetInstance.java:157 sun.security.jca.ProviderList.getService(String, String)","12","38"
"ProviderList.java:332 java.security.Provider.getService(String, String)","8","39"
"Provider.java:1048 java.security.Provider.ensureLegacyParsed()","8","40"
"Provider.java:909 java.security.Provider.parseLegacyPut(String, String)","8","41"
"Provider.java:948 java.lang.String.toLowerCase(Locale)","8","42"
"String.java:2590","8","43"
"ProviderList.java:331 sun.security.jca.ProviderList.getProvider(int)","4","39"
"ProviderList.java:233 sun.security.jca.ProviderConfig.getProvider()","4","40"
"ProviderConfig.java:187 sun.security.jca.ProviderConfig.doLoadProvider()","4","41"
"ProviderConfig.java:206 java.security.AccessController.doPrivileged(PrivilegedAction)","4","42"
"AccessController.java (native) sun.security.jca.ProviderConfig$2.run()","4","43"
"ProviderConfig.java:206 sun.security.jca.ProviderConfig$2.run()","4","44"
"ProviderConfig.java:215 java.lang.ClassLoader.loadClass(String)","4","45"
"ClassLoader.java:357 sun.misc.Launcher$AppClassLoader.loadClass(String, boolean)","4","46"
"Launcher.java:349 java.lang.ClassLoader.loadClass(String, boolean)","4","47"
"ClassLoader.java:411 java.lang.ClassLoader.loadClass(String, boolean)","4","48"
"ClassLoader.java:406 java.lang.ClassLoader.findLoadedClass(String)","4","49"
"ClassLoader.java:1038 java.lang.ClassLoader.findLoadedClass0(String)","4","50"
"GetInstance.java:156 sun.security.jca.Providers.<clinit>()","4","38"
"Providers.java:53 sun.security.jca.ProviderList.<clinit>()","4","39"
"ProviderList.java:70 java.security.Provider.<clinit>()","4","40"
"Provider.java:1058","4","41"
"ObjectStreamClass.java:681 java.io.ObjectStreamClass.lookup(Class, boolean)","8","29"
"ObjectStreamClass.java:391 java.io.ObjectStreamClass.<init>(Class)","8","30"
"ObjectStreamClass.java:494 java.security.AccessController.doPrivileged(PrivilegedAction)","8","31"
"AccessController.java (native) java.io.ObjectStreamClass$3.run()","8","32"
"ObjectStreamClass.java:494 java.io.ObjectStreamClass$3.run()","8","33"
"ObjectStreamClass.java:533 java.io.ObjectStreamClass.access$2400(Class, String, Class[], Class)","8","34"
"ObjectStreamClass.java:79 java.io.ObjectStreamClass.getInheritableMethod(Class, String, Class[], Class)","8","35"
"ObjectStreamClass.java:1598","8","36"
"ObjectInputStream.java:2042 java.io.ObjectInputStream.readClassDesc(boolean)","8","16"
"ObjectInputStream.java:1751 java.io.ObjectInputStream.readNonProxyDesc(boolean)","8","17"
"ObjectInputStream.java:1868 java.io.ObjectInputStream.resolveClass(ObjectStreamClass)","4","18"
"ObjectInputStream.java:686 java.lang.Class.forName(String, boolean, ClassLoader)","4","19"
"Class.java:348 java.lang.Class.forName0(String, boolean, ClassLoader, Class)","4","20"
"Class.java (native) java.lang.ClassLoader.loadClass(String)","4","21"
"ClassLoader.java:357 sun.misc.Launcher$AppClassLoader.loadClass(String, boolean)","4","22"
"Launcher.java:349 java.lang.ClassLoader.loadClass(String, boolean)","4","23"
"ClassLoader.java:424 java.net.URLClassLoader.findClass(String)","4","24"
"URLClassLoader.java:362 java.security.AccessController.doPrivileged(PrivilegedExceptionAction, AccessControlContext)","4","25"
"AccessController.java (native) java.net.URLClassLoader$1.run()","4","26"
"URLClassLoader.java:363 java.net.URLClassLoader$1.run()","4","27"
"URLClassLoader.java:369 java.net.URLClassLoader.access$100(URLClassLoader, String, Resource)","4","28"
"URLClassLoader.java:74 java.net.URLClassLoader.defineClass(String, Resource)","4","29"
"URLClassLoader.java:467 sun.misc.PerfCounter.addElapsedTimeFrom(long)","4","30"
"PerfCounter.java:119 java.lang.System.nanoTime()","4","31"
"ObjectInputStream.java:1885 java.io.ObjectStreamClass.initNonProxy(ObjectStreamClass, Class, ClassNotFoundException, ObjectStreamClass)","4","18"
"ObjectStreamClass.java:681 java.io.ObjectStreamClass.lookup(Class, boolean)","4","19"
"ObjectStreamClass.java:391 java.io.ObjectStreamClass.<init>(Class)","4","20"
"ObjectStreamClass.java:494 java.security.AccessController.doPrivileged(PrivilegedAction)","4","21"
"AccessController.java (native) java.io.ObjectStreamClass$3.run()","4","22"
"ObjectStreamClass.java:494 java.io.ObjectStreamClass$3.run()","4","23"
"ObjectStreamClass.java:506 java.io.ObjectStreamClass.access$700(Class)","4","24"
"ObjectStreamClass.java:79 java.io.ObjectStreamClass.getDeclaredSUID(Class)","4","25"
"ObjectStreamClass.java:1857 java.lang.Class.getDeclaredField(String)","4","26"
"Class.java:2068 java.lang.Class.privateGetDeclaredFields(boolean)","4","27"
"Class.java:2583 java.lang.Class.getDeclaredFields0(boolean)","4","28"
"ObjectInputStream.java:2042 java.io.ObjectInputStream.readClassDesc(boolean)","8","12"
"ObjectInputStream.java:1751 java.io.ObjectInputStream.readNonProxyDesc(boolean)","8","13"
"ObjectInputStream.java:1868 java.io.ObjectInputStream.resolveClass(ObjectStreamClass)","4","14"
"ObjectInputStream.java:686 java.lang.Class.forName(String, boolean, ClassLoader)","4","15"
"Class.java:348 java.lang.Class.forName0(String, boolean, ClassLoader, Class)","4","16"
"Class.java (native) java.lang.ClassLoader.loadClass(String)","4","17"
"ClassLoader.java:357 sun.misc.Launcher$AppClassLoader.loadClass(String, boolean)","4","18"
"Launcher.java:349 java.lang.ClassLoader.loadClass(String, boolean)","4","19"
"ClassLoader.java:424 java.net.URLClassLoader.findClass(String)","4","20"
"URLClassLoader.java:362 java.security.AccessController.doPrivileged(PrivilegedExceptionAction, AccessControlContext)","4","21"
"AccessController.java (native) java.net.URLClassLoader$1.run()","4","22"
"URLClassLoader.java:363 java.net.URLClassLoader$1.run()","4","23"
"URLClassLoader.java:369 java.net.URLClassLoader.access$100(URLClassLoader, String, Resource)","4","24"
"URLClassLoader.java:74 java.net.URLClassLoader.defineClass(String, Resource)","4","25"
"URLClassLoader.java:468 java.security.SecureClassLoader.defineClass(String, byte[], int, int, CodeSource)","4","26"
"SecureClassLoader.java:142 java.lang.ClassLoader.defineClass(String, byte[], int, int, ProtectionDomain)","4","27"
"ClassLoader.java:763 java.lang.ClassLoader.defineClass1(String, byte[], int, int, ProtectionDomain, String)","4","28"
"ObjectInputStream.java:1885 java.io.ObjectStreamClass.initNonProxy(ObjectStreamClass, Class, ClassNotFoundException, ObjectStreamClass)","4","14"
"ObjectStreamClass.java:681 java.io.ObjectStreamClass.lookup(Class, boolean)","4","15"
"ObjectStreamClass.java:391 java.io.ObjectStreamClass.<init>(Class)","4","16"
"ObjectStreamClass.java:544 java.io.ObjectStreamClass.getReflector(ObjectStreamField[], ObjectStreamClass)","4","17"
"ObjectStreamClass.java:2347 java.io.ObjectStreamClass$FieldReflector.<init>(ObjectStreamField[])","4","18"
"ObjectStreamClass.java:2097 sun.misc.Unsafe.objectFieldOffset(Field)","4","19"
"BinaryLinkClient.java:147 org.openjdk.jmh.runner.link.BinaryLinkClient.pushFrame(Serializable)","12","4"
"BinaryLinkClient.java:111 java.io.ObjectOutputStream.writeObject(Object)","12","5"
"ObjectOutputStream.java:348 java.io.ObjectOutputStream.writeObject0(Object, boolean)","12","6"
"ObjectOutputStream.java:1134 java.io.ObjectStreamClass.lookup(Class, boolean)","12","7"
"ObjectStreamClass.java:391 java.io.ObjectStreamClass.<init>(Class)","12","8"
"ObjectStreamClass.java:544 java.io.ObjectStreamClass.getReflector(ObjectStreamField[], ObjectStreamClass)","8","9"
"ObjectStreamClass.java:2347","8","10"
"ObjectStreamClass.java:494 java.security.AccessController.doPrivileged(PrivilegedAction)","4","9"
"AccessController.java (native) java.io.ObjectStreamClass$3.run()","4","10"
"ObjectStreamClass.java:494 java.io.ObjectStreamClass$3.run()","4","11"
"ObjectStreamClass.java:519 java.io.ObjectStreamClass.access$1500(Class)","4","12"
"ObjectStreamClass.java:79 java.io.ObjectStreamClass.getSerializableConstructor(Class)","4","13"
"ObjectStreamClass.java:1574 sun.reflect.ReflectionFactory.newConstructorForSerialization(Class, Constructor)","4","14"
"ReflectionFactory.java:360 sun.reflect.ReflectionFactory.generateConstructor(Class, Constructor)","4","15"
"ReflectionFactory.java:397","4","16"
"BinaryLinkClient.java:147 org.openjdk.jmh.util.Utils.getPid()","4","4"
"Utils.java:402 sun.management.RuntimeImpl.getName()","4","5"
"RuntimeImpl.java:59 sun.management.VMManagementImpl.getVmId()","4","6"
"VMManagementImpl.java:140 java.net.InetAddress.getLocalHost()","4","7"
"InetAddress.java:1501 java.net.InetAddress.getAddressesFromNameService(String, InetAddress)","4","8"
"InetAddress.java:1363 java.net.InetAddress.cacheAddresses(String, InetAddress[], boolean)","4","9"
"InetAddress.java:884 java.net.InetAddress.cacheInitIfNeeded()","4","10"
"InetAddress.java:870 java.net.InetAddress$Cache.put(String, InetAddress[])","4","11"
"InetAddress.java:804 java.util.LinkedHashMap.keySet()","4","12"
"LinkedHashMap.java:533","4","13"
"ForkedMain.java:83 java.lang.ClassLoader.loadClass(String)","4","3"
"ClassLoader.java:357 sun.misc.Launcher$AppClassLoader.loadClass(String, boolean)","4","4"
"Launcher.java:349 java.lang.ClassLoader.loadClass(String, boolean)","4","5"
"ClassLoader.java:424 java.net.URLClassLoader.findClass(String)","4","6"
"URLClassLoader.java:362 java.security.AccessController.doPrivileged(PrivilegedExceptionAction, AccessControlContext)","4","7"
"AccessController.java (native) java.net.URLClassLoader$1.run()","4","8"
"URLClassLoader.java:363 java.net.URLClassLoader$1.run()","4","9"
"URLClassLoader.java:369 java.net.URLClassLoader.access$100(URLClassLoader, String, Resource)","4","10"
"URLClassLoader.java:74 java.net.URLClassLoader.defineClass(String, Resource)","4","11"
"URLClassLoader.java:468 java.security.SecureClassLoader.defineClass(String, byte[], int, int, CodeSource)","4","12"
"SecureClassLoader.java:142 java.lang.ClassLoader.defineClass(String, byte[], int, int, ProtectionDomain)","4","13"
"ClassLoader.java:763 java.lang.ClassLoader.defineClass1(String, byte[], int, int, ProtectionDomain, String)","4","14"
"ClassLoader.java (native) java.lang.ClassLoader.loadClass(String)","4","15"
"ClassLoader.java:357 sun.misc.Launcher$AppClassLoader.loadClass(String, boolean)","4","16"
"Launcher.java:349 java.lang.ClassLoader.loadClass(String, boolean)","4","17"
"ClassLoader.java:424 java.net.URLClassLoader.findClass(String)","4","18"
"URLClassLoader.java:362 java.security.AccessController.doPrivileged(PrivilegedExceptionAction, AccessControlContext)","4","19"
"AccessController.java (native) java.net.URLClassLoader$1.run()","4","20"
"URLClassLoader.java:363 java.net.URLClassLoader$1.run()","4","21"
"URLClassLoader.java:369 java.net.URLClassLoader.access$100(URLClassLoader, String, Resource)","4","22"
"URLClassLoader.java:74 java.net.URLClassLoader.defineClass(String, Resource)","4","23"
"URLClassLoader.java:468 java.security.SecureClassLoader.defineClass(String, byte[], int, int, CodeSource)","4","24"
"SecureClassLoader.java:142 java.lang.ClassLoader.defineClass(String, byte[], int, int, ProtectionDomain)","4","25"
"ClassLoader.java:763 java.lang.ClassLoader.defineClass1(String, byte[], int, int, ProtectionDomain, String)","4","26"
