"Call Tree","Time (ms)","Level"
"eu.prismacloud.primitives.grs.bench.ProvingBenchmark.ProvingVerifyingBenchmark.compute-jmh-worker-1 Group: 'main' Native ID: 19665","3748","1"
"java.lang.Thread.run()","3748","2"
"Thread.java:748 java.util.concurrent.ThreadPoolExecutor$Worker.run()","3748","3"
"ThreadPoolExecutor.java:624 java.util.concurrent.ThreadPoolExecutor.runWorker(ThreadPoolExecutor$Worker)","3748","4"
"ThreadPoolExecutor.java:1149 java.util.concurrent.FutureTask.run()","3748","5"
"FutureTask.java:266 java.util.concurrent.Executors$RunnableAdapter.call()","3748","6"
"Executors.java:511 java.util.concurrent.FutureTask.run()","3748","7"
"FutureTask.java:266 org.openjdk.jmh.runner.BenchmarkHandler$BenchmarkTask.call()","3748","8"
"BenchmarkHandler.java:437 org.openjdk.jmh.runner.BenchmarkHandler$BenchmarkTask.call()","3748","9"
"BenchmarkHandler.java:453 java.lang.reflect.Method.invoke(Object, Object[])","3748","10"
"Method.java:498 sun.reflect.DelegatingMethodAccessorImpl.invoke(Object, Object[])","3748","11"
"DelegatingMethodAccessorImpl.java:43 sun.reflect.NativeMethodAccessorImpl.invoke(Object, Object[])","3748","12"
"NativeMethodAccessorImpl.java:62 sun.reflect.NativeMethodAccessorImpl.invoke0(Method, Object, Object[])","3748","13"
"NativeMethodAccessorImpl.java (native) eu.prismacloud.primitives.grs.bench.generated.ProvingBenchmark_ProvingVerifyingBenchmark_compute_jmhTest.compute_SingleShotTime(InfraControl, ThreadParams)","3748","14"
"ProvingBenchmark_ProvingVerifyingBenchmark_compute_jmhTest.java:653 eu.prismacloud.primitives.grs.bench.generated.ProvingBenchmark_ProvingVerifyingBenchmark_compute_jmhTest.compute_ss_jmhStub(InfraControl, RawResults, BenchmarkParams, IterationParams, ThreadParams, Blackhole, Control, int, int, ProvingBenchmark_ProvingVerifyingBenchmark_jmhType)","3724","15"
"ProvingBenchmark_ProvingVerifyingBenchmark_compute_jmhTest.java:696 eu.prismacloud.primitives.grs.bench.ProvingBenchmark$ProvingVerifyingBenchmark.compute(ProvingBenchmark$ProvingVerifyingBenchmark)","2500","16"
"ProvingBenchmark.java:219 eu.prismacloud.primitives.zkpgs.orchestrator.ProverOrchestrator.executePreChallengePhase()","828","17"
"ProverOrchestrator.java:227 eu.prismacloud.primitives.zkpgs.orchestrator.ProverOrchestrator.computeTildeZ()","496","18"
"ProverOrchestrator.java:464 eu.prismacloud.primitives.zkpgs.prover.PossessionProver.executeCompoundPreChallengePhase()","488","19"
"PossessionProver.java:104 eu.prismacloud.primitives.zkpgs.prover.PossessionProver.executePreChallengePhase()","488","20"
"PossessionProver.java:116 eu.prismacloud.primitives.zkpgs.prover.PossessionProver.computetildeZ()","356","21"
"PossessionProver.java:203 eu.prismacloud.primitives.zkpgs.util.crypto.QRElement.modPow(BigInteger)","156","22"
"QRElement.java:15 eu.prismacloud.primitives.zkpgs.util.crypto.QRElement.modPow(BigInteger)","156","23"
"QRElement.java:108 java.math.BigInteger.modPow(BigInteger, BigInteger)","156","24"
"BigInteger.java:2603 java.math.BigInteger.oddModPow(BigInteger, BigInteger)","156","25"
"BigInteger.java:2941","132","26"
"BigInteger.java:2938","24","26"
"PossessionProver.java:187 eu.prismacloud.primitives.zkpgs.util.crypto.QRElement.modPow(BigInteger)","104","22"
"QRElement.java:15 eu.prismacloud.primitives.zkpgs.util.crypto.QRElement.modPow(BigInteger)","104","23"
"QRElement.java:108 java.math.BigInteger.modPow(BigInteger, BigInteger)","104","24"
"BigInteger.java:2603 java.math.BigInteger.oddModPow(BigInteger, BigInteger)","104","25"
"BigInteger.java:2941","88","26"
"BigInteger.java:2938","16","26"
"PossessionProver.java:194 eu.prismacloud.primitives.zkpgs.store.ProofStore.retrieve(String)","16","22"
"ProofStore.java:94 eu.prismacloud.primitives.zkpgs.store.URN.createURN(String, String)","16","23"
"URN.java:161 eu.prismacloud.primitives.zkpgs.store.URN.<init>(NamespaceComponent, NamespaceComponent, boolean)","16","24"
"URN.java:39 eu.prismacloud.primitives.zkpgs.store.URNType.parseURNType(String)","16","25"
"URNType.java:708 eu.prismacloud.primitives.zkpgs.store.URNType.parseURNSuffix(String)","16","26"
"URNType.java:723 java.lang.String.matches(String)","16","27"
"String.java:2121 java.util.regex.Pattern.matches(String, CharSequence)","16","28"
"Pattern.java:1135 java.util.regex.Matcher.matches()","8","29"
"Matcher.java:604 java.util.regex.Matcher.match(int, int)","8","30"
"Matcher.java:1270 java.util.regex.Pattern$Slice.match(Matcher, int, CharSequence)","8","31"
"Pattern.java:3971","8","32"
"Pattern.java:1133 java.util.regex.Pattern.compile(String)","8","29"
"Pattern.java:1028 java.util.regex.Pattern.<init>(String, int)","8","30"
"Pattern.java:1351 java.util.regex.Pattern.compile()","8","31"
"Pattern.java:1698 java.util.regex.Pattern.expr(Pattern$Node)","8","32"
"Pattern.java:1998 java.util.regex.Pattern.sequence(Pattern$Node)","8","33"
"Pattern.java:2132 java.util.regex.Pattern.atom()","4","34"
"Pattern.java:2228","4","35"
"Pattern.java:2144","4","34"
"PossessionProver.java:194","16","22"
"PossessionProver.java:179 eu.prismacloud.primitives.zkpgs.store.URNType.buildURNComponent(URNType, Class, int)","12","22"
"URNType.java:640 java.lang.Class.getDeclaredField(String)","8","23"
"Class.java:2068 java.lang.Class.privateGetDeclaredFields(boolean)","8","24"
"Class.java:2583 java.lang.Class.getDeclaredFields0(boolean)","8","25"
"URNType.java:634 eu.prismacloud.primitives.zkpgs.store.URNType.isURNGoverner(Class)","4","23"
"URNType.java:650 java.lang.Class.getInterfaces()","4","24"
"Class.java:856 java.lang.Object.clone()","4","25"
"PossessionProver.java:196 java.lang.Object.getClass()","12","22"
"PossessionProver.java:203","12","22"
"PossessionProver.java:178 eu.prismacloud.primitives.zkpgs.store.ProofStore.retrieve(String)","8","22"
"ProofStore.java:94 eu.prismacloud.primitives.zkpgs.store.URN.createURN(String, String)","8","23"
"URN.java:161 eu.prismacloud.primitives.zkpgs.store.URN.<init>(NamespaceComponent, NamespaceComponent, boolean)","8","24"
"URN.java:39 eu.prismacloud.primitives.zkpgs.store.URNType.parseURNType(String)","8","25"
"URNType.java:708 eu.prismacloud.primitives.zkpgs.store.URNType.parseURNSuffix(String)","8","26"
"URNType.java:723 java.lang.String.matches(String)","4","27"
"String.java:2121 java.util.regex.Pattern.matches(String, CharSequence)","4","28"
"Pattern.java:1135 java.util.regex.Matcher.matches()","4","29"
"Matcher.java:604","4","30"
"URNType.java:723","4","27"
"PossessionProver.java:203 eu.prismacloud.primitives.zkpgs.util.crypto.QRElement.multiply(GroupElement)","8","22"
"QRElement.java:15 eu.prismacloud.primitives.zkpgs.util.crypto.QRElement.multiply(GroupElement)","8","23"
"QRElement.java:70 java.math.BigInteger.multiply(BigInteger)","8","24"
"BigInteger.java:1493 java.math.BigInteger.multiply(BigInteger, boolean)","8","25"
"BigInteger.java:1527","8","26"
"PossessionProver.java:180 java.lang.Object.getClass()","8","22"
"PossessionProver.java:187","4","22"
"PossessionProver.java:115 eu.prismacloud.primitives.zkpgs.prover.PossessionProver.createWitnessRandomness()","132","21"
"PossessionProver.java:153 eu.prismacloud.primitives.zkpgs.store.ProofStore.store(String, Object)","76","22"
"ProofStore.java:71 eu.prismacloud.primitives.zkpgs.store.URN.createURN(String, String)","76","23"
"URN.java:161 eu.prismacloud.primitives.zkpgs.store.URN.<init>(NamespaceComponent, NamespaceComponent, boolean)","76","24"
"URN.java:39 eu.prismacloud.primitives.zkpgs.store.URNType.parseURNType(String)","76","25"
"URNType.java:708 eu.prismacloud.primitives.zkpgs.store.URNType.parseURNSuffix(String)","76","26"
"URNType.java:723 java.lang.String.matches(String)","52","27"
"String.java:2121 java.util.regex.Pattern.matches(String, CharSequence)","52","28"
"Pattern.java:1133 java.util.regex.Pattern.compile(String)","32","29"
"Pattern.java:1028 java.util.regex.Pattern.<init>(String, int)","32","30"
"Pattern.java:1351 java.util.regex.Pattern.compile()","32","31"
"Pattern.java:1674","16","32"
"Pattern.java:1698 java.util.regex.Pattern.expr(Pattern$Node)","8","32"
"Pattern.java:1998 java.util.regex.Pattern.sequence(Pattern$Node)","4","33"
"Pattern.java:2132 java.util.regex.Pattern.atom()","4","34"
"Pattern.java:2228","4","35"
"Pattern.java:1992","4","33"
"Pattern.java:1718 java.util.regex.Pattern$Start.<init>(Pattern$Node)","8","32"
"Pattern.java:3453 java.util.regex.Pattern$CharProperty.study(Pattern$TreeInfo)","8","33"
"Pattern.java:3788 java.util.regex.Pattern$Curly.study(Pattern$TreeInfo)","8","34"
"Pattern.java:4323 java.util.regex.Pattern$CharProperty.study(Pattern$TreeInfo)","4","35"
"Pattern.java:3788","4","36"
"Pattern.java:4345 java.util.regex.Pattern$Node.study(Pattern$TreeInfo)","4","35"
"Pattern.java:3419 java.util.regex.Pattern$Node.study(Pattern$TreeInfo)","4","36"
"Pattern.java:3419 java.util.regex.Pattern$Node.study(Pattern$TreeInfo)","4","37"
"Pattern.java:3418","4","38"
"Pattern.java:1134 java.util.regex.Pattern.matcher(CharSequence)","16","29"
"Pattern.java:1093 java.util.regex.Matcher.<init>(Pattern, CharSequence)","16","30"
"Matcher.java:229 java.util.regex.Matcher.reset()","16","31"
"Matcher.java:309 java.util.regex.Matcher.getTextLength()","16","32"
"Matcher.java:1283","16","33"
"Pattern.java:1135 java.util.regex.Matcher.matches()","4","29"
"Matcher.java:604 java.util.regex.Matcher.match(int, int)","4","30"
"Matcher.java:1270 java.util.regex.Pattern$Slice.match(Matcher, int, CharSequence)","4","31"
"Pattern.java:3974 java.util.regex.Pattern$Curly.match(Matcher, int, CharSequence)","4","32"
"Pattern.java:4236 java.util.regex.Pattern$Curly.match0(Matcher, int, int, CharSequence)","4","33"
"Pattern.java:4274 java.util.regex.Pattern$End.match(Matcher, int, CharSequence)","4","34"
"Pattern.java:3548","4","35"
"URNType.java:720 eu.prismacloud.primitives.zkpgs.store.URNType.values()","12","27"
"URNType.java:15 java.lang.Object.clone()","12","28"
"URNType.java:723","8","27"
"URNType.java:723 java.lang.StringBuilder.toString()","4","27"
"StringBuilder.java:407 java.lang.String.<init>(char[], int, int)","4","28"
"String.java:207 java.util.Arrays.copyOfRange(char[], int, int)","4","29"
"Arrays.java:3664","4","30"
"PossessionProver.java:146 eu.prismacloud.primitives.zkpgs.store.ProofStore.store(String, Object)","44","22"
"ProofStore.java:71 eu.prismacloud.primitives.zkpgs.store.URN.createURN(String, String)","44","23"
"URN.java:161 eu.prismacloud.primitives.zkpgs.store.URN.<init>(NamespaceComponent, NamespaceComponent, boolean)","40","24"
"URN.java:39 eu.prismacloud.primitives.zkpgs.store.URNType.parseURNType(String)","40","25"
"URNType.java:708 eu.prismacloud.primitives.zkpgs.store.URNType.parseURNSuffix(String)","40","26"
"URNType.java:723 java.lang.String.matches(String)","24","27"
"String.java:2121 java.util.regex.Pattern.matches(String, CharSequence)","24","28"
"Pattern.java:1133 java.util.regex.Pattern.compile(String)","24","29"
"Pattern.java:1028 java.util.regex.Pattern.<init>(String, int)","24","30"
"Pattern.java:1351 java.util.regex.Pattern.compile()","24","31"
"Pattern.java:1698 java.util.regex.Pattern.expr(Pattern$Node)","12","32"
"Pattern.java:1998 java.util.regex.Pattern.sequence(Pattern$Node)","12","33"
"Pattern.java:2081 java.util.regex.Pattern.atom()","8","34"
"Pattern.java:2200","8","35"
"Pattern.java:2136","4","34"
"Pattern.java:1711 java.util.regex.Pattern$BnM.optimize(Pattern$Node)","4","32"
"Pattern.java:5415","4","33"
"Pattern.java:1675","4","32"
"Pattern.java:1674","4","32"
"URNType.java:723","12","27"
"URNType.java:720 eu.prismacloud.primitives.zkpgs.store.URNType.values()","4","27"
"URNType.java:15 java.lang.Object.clone()","4","28"
"URN.java:159 eu.prismacloud.primitives.zkpgs.util.NamespaceComponent.fromString(String, NamespaceComponent$Type)","4","24"
"NamespaceComponent.java:48 eu.prismacloud.primitives.zkpgs.util.NamespaceComponent.validate(String, NamespaceComponent$Type)","4","25"
"NamespaceComponent.java:62 eu.prismacloud.primitives.zkpgs.util.NamespaceComponent.validateNSS(String)","4","26"
"NamespaceComponent.java:75 java.util.regex.Matcher.matches()","4","27"
"Matcher.java:604 java.util.regex.Matcher.match(int, int)","4","28"
"Matcher.java:1270 java.util.regex.Pattern$Begin.match(Matcher, int, CharSequence)","4","29"
"Pattern.java:3527 java.util.regex.Pattern$Prolog.match(Matcher, int, CharSequence)","4","30"
"Pattern.java:4743 java.util.regex.Pattern$Loop.matchInit(Matcher, int, CharSequence)","4","31"
"Pattern.java:4803 java.util.regex.Pattern$GroupHead.match(Matcher, int, CharSequence)","4","32"
"Pattern.java:4660 java.util.regex.Pattern$Branch.match(Matcher, int, CharSequence)","4","33"
"Pattern.java:4606 java.util.regex.Pattern$CharProperty.match(Matcher, int, CharSequence)","4","34"
"Pattern.java:3779 java.util.regex.Pattern$BranchConn.match(Matcher, int, CharSequence)","4","35"
"Pattern.java:4570 java.util.regex.Pattern$GroupTail.match(Matcher, int, CharSequence)","4","36"
"Pattern.java:4719 java.util.regex.Pattern$Loop.match(Matcher, int, CharSequence)","4","37"
"Pattern.java:4787 java.util.regex.Pattern$GroupHead.match(Matcher, int, CharSequence)","4","38"
"Pattern.java:4660 java.util.regex.Pattern$Branch.match(Matcher, int, CharSequence)","4","39"
"Pattern.java:4606 java.util.regex.Pattern$CharProperty.match(Matcher, int, CharSequence)","4","40"
"Pattern.java:3779 java.util.regex.Pattern$BranchConn.match(Matcher, int, CharSequence)","4","41"
"Pattern.java:4570 java.util.regex.Pattern$GroupTail.match(Matcher, int, CharSequence)","4","42"
"Pattern.java:4719 java.util.regex.Pattern$Loop.match(Matcher, int, CharSequence)","4","43"
"Pattern.java:4787 java.util.regex.Pattern$GroupHead.match(Matcher, int, CharSequence)","4","44"
"Pattern.java:4660 java.util.regex.Pattern$Branch.match(Matcher, int, CharSequence)","4","45"
"Pattern.java:4606 java.util.regex.Pattern$CharProperty.match(Matcher, int, CharSequence)","4","46"
"Pattern.java:3779 java.util.regex.Pattern$BranchConn.match(Matcher, int, CharSequence)","4","47"
"Pattern.java:4570 java.util.regex.Pattern$GroupTail.match(Matcher, int, CharSequence)","4","48"
"Pattern.java:4719 java.util.regex.Pattern$Loop.match(Matcher, int, CharSequence)","4","49"
"Pattern.java:4787 java.util.regex.Pattern$GroupHead.match(Matcher, int, CharSequence)","4","50"
"Pattern.java:4660 java.util.regex.Pattern$Branch.match(Matcher, int, CharSequence)","4","51"
"Pattern.java:4606 java.util.regex.Pattern$CharProperty.match(Matcher, int, CharSequence)","4","52"
"Pattern.java:3779 java.util.regex.Pattern$BranchConn.match(Matcher, int, CharSequence)","4","53"
"Pattern.java:4570 java.util.regex.Pattern$GroupTail.match(Matcher, int, CharSequence)","4","54"
"Pattern.java:4719 java.util.regex.Pattern$Loop.match(Matcher, int, CharSequence)","4","55"
"Pattern.java:4787 java.util.regex.Pattern$GroupHead.match(Matcher, int, CharSequence)","4","56"
"Pattern.java:4660 java.util.regex.Pattern$Branch.match(Matcher, int, CharSequence)","4","57"
"Pattern.java:4606 java.util.regex.Pattern$CharProperty.match(Matcher, int, CharSequence)","4","58"
"Pattern.java:3779 java.util.regex.Pattern$BranchConn.match(Matcher, int, CharSequence)","4","59"
"Pattern.java:4570 java.util.regex.Pattern$GroupTail.match(Matcher, int, CharSequence)","4","60"
"Pattern.java:4719 java.util.regex.Pattern$Loop.match(Matcher, int, CharSequence)","4","61"
"Pattern.java:4787 java.util.regex.Pattern$GroupHead.match(Matcher, int, CharSequence)","4","62"
"Pattern.java:4660 java.util.regex.Pattern$Branch.match(Matcher, int, CharSequence)","4","63"
"Pattern.java:4606 java.util.regex.Pattern$CharProperty.match(Matcher, int, CharSequence)","4","64"
"Pattern.java:3779 java.util.regex.Pattern$BranchConn.match(Matcher, int, CharSequence)","4","65"
"Pattern.java:4570 java.util.regex.Pattern$GroupTail.match(Matcher, int, CharSequence)","4","66"
"Pattern.java:4719 java.util.regex.Pattern$Loop.match(Matcher, int, CharSequence)","4","67"
"Pattern.java:4787 java.util.regex.Pattern$GroupHead.match(Matcher, int, CharSequence)","4","68"
"Pattern.java:4660 java.util.regex.Pattern$Branch.match(Matcher, int, CharSequence)","4","69"
"Pattern.java:4606 java.util.regex.Pattern$CharProperty.match(Matcher, int, CharSequence)","4","70"
"Pattern.java:3779 java.util.regex.Pattern$BranchConn.match(Matcher, int, CharSequence)","4","71"
"Pattern.java:4570 java.util.regex.Pattern$GroupTail.match(Matcher, int, CharSequence)","4","72"
"Pattern.java:4719 java.util.regex.Pattern$Loop.match(Matcher, int, CharSequence)","4","73"
"Pattern.java:4787 java.util.regex.Pattern$GroupHead.match(Matcher, int, CharSequence)","4","74"
"Pattern.java:4660 java.util.regex.Pattern$Branch.match(Matcher, int, CharSequence)","4","75"
"Pattern.java:4606 java.util.regex.Pattern$CharProperty.match(Matcher, int, CharSequence)","4","76"
"Pattern.java:3779 java.util.regex.Pattern$BranchConn.match(Matcher, int, CharSequence)","4","77"
"Pattern.java:4570 java.util.regex.Pattern$GroupTail.match(Matcher, int, CharSequence)","4","78"
"Pattern.java:4719 java.util.regex.Pattern$Loop.match(Matcher, int, CharSequence)","4","79"
"Pattern.java:4787 java.util.regex.Pattern$GroupHead.match(Matcher, int, CharSequence)","4","80"
"Pattern.java:4660 java.util.regex.Pattern$Branch.match(Matcher, int, CharSequence)","4","81"
"Pattern.java:4606 java.util.regex.Pattern$CharProperty.match(Matcher, int, CharSequence)","4","82"
"Pattern.java:3779 java.util.regex.Pattern$BranchConn.match(Matcher, int, CharSequence)","4","83"
"Pattern.java:4570 java.util.regex.Pattern$GroupTail.match(Matcher, int, CharSequence)","4","84"
"Pattern.java:4719 java.util.regex.Pattern$Loop.match(Matcher, int, CharSequence)","4","85"
"Pattern.java:4787 java.util.regex.Pattern$GroupHead.match(Matcher, int, CharSequence)","4","86"
"Pattern.java:4660 java.util.regex.Pattern$Branch.match(Matcher, int, CharSequence)","4","87"
"Pattern.java:4606 java.util.regex.Pattern$CharProperty.match(Matcher, int, CharSequence)","4","88"
"Pattern.java:3779 java.util.regex.Pattern$BranchConn.match(Matcher, int, CharSequence)","4","89"
"Pattern.java:4570 java.util.regex.Pattern$GroupTail.match(Matcher, int, CharSequence)","4","90"
"Pattern.java:4719 java.util.regex.Pattern$Loop.match(Matcher, int, CharSequence)","4","91"
"Pattern.java:4787 java.util.regex.Pattern$GroupHead.match(Matcher, int, CharSequence)","4","92"
"Pattern.java:4660 java.util.regex.Pattern$Branch.match(Matcher, int, CharSequence)","4","93"
"Pattern.java:4606 java.util.regex.Pattern$CharProperty.match(Matcher, int, CharSequence)","4","94"
"Pattern.java:3779 java.util.regex.Pattern$BranchConn.match(Matcher, int, CharSequence)","4","95"
"Pattern.java:4570 java.util.regex.Pattern$GroupTail.match(Matcher, int, CharSequence)","4","96"
"Pattern.java:4719 java.util.regex.Pattern$Loop.match(Matcher, int, CharSequence)","4","97"
"Pattern.java:4787 java.util.regex.Pattern$GroupHead.match(Matcher, int, CharSequence)","4","98"
"Pattern.java:4660 java.util.regex.Pattern$Branch.match(Matcher, int, CharSequence)","4","99"
"Pattern.java:4606 java.util.regex.Pattern$CharProperty.match(Matcher, int, CharSequence)","4","100"
"Pattern.java:3779 java.util.regex.Pattern$BranchConn.match(Matcher, int, CharSequence)","4","101"
"Pattern.java:4570 java.util.regex.Pattern$GroupTail.match(Matcher, int, CharSequence)","4","102"
"Pattern.java:4719 java.util.regex.Pattern$Loop.match(Matcher, int, CharSequence)","4","103"
"Pattern.java:4787 java.util.regex.Pattern$GroupHead.match(Matcher, int, CharSequence)","4","104"
"Pattern.java:4660 java.util.regex.Pattern$Branch.match(Matcher, int, CharSequence)","4","105"
"Pattern.java:4606 java.util.regex.Pattern$CharProperty.match(Matcher, int, CharSequence)","4","106"
"Pattern.java:3779 java.util.regex.Pattern$BranchConn.match(Matcher, int, CharSequence)","4","107"
"Pattern.java:4570 java.util.regex.Pattern$GroupTail.match(Matcher, int, CharSequence)","4","108"
"Pattern.java:4719 java.util.regex.Pattern$Loop.match(Matcher, int, CharSequence)","4","109"
"Pattern.java:4787 java.util.regex.Pattern$GroupHead.match(Matcher, int, CharSequence)","4","110"
"Pattern.java:4660 java.util.regex.Pattern$Branch.match(Matcher, int, CharSequence)","4","111"
"Pattern.java:4606 java.util.regex.Pattern$CharProperty.match(Matcher, int, CharSequence)","4","112"
"Pattern.java:3779 java.util.regex.Pattern$BranchConn.match(Matcher, int, CharSequence)","4","113"
"Pattern.java:4570 java.util.regex.Pattern$GroupTail.match(Matcher, int, CharSequence)","4","114"
"Pattern.java:4719 java.util.regex.Pattern$Loop.match(Matcher, int, CharSequence)","4","115"
"Pattern.java:4787 java.util.regex.Pattern$GroupHead.match(Matcher, int, CharSequence)","4","116"
"Pattern.java:4660 java.util.regex.Pattern$Branch.match(Matcher, int, CharSequence)","4","117"
"Pattern.java:4606 java.util.regex.Pattern$CharProperty.match(Matcher, int, CharSequence)","4","118"
"Pattern.java:3779 java.util.regex.Pattern$BranchConn.match(Matcher, int, CharSequence)","4","119"
"Pattern.java:4570 java.util.regex.Pattern$GroupTail.match(Matcher, int, CharSequence)","4","120"
"Pattern.java:4719 java.util.regex.Pattern$Loop.match(Matcher, int, CharSequence)","4","121"
"Pattern.java:4787 java.util.regex.Pattern$GroupHead.match(Matcher, int, CharSequence)","4","122"
"Pattern.java:4660 java.util.regex.Pattern$Branch.match(Matcher, int, CharSequence)","4","123"
"Pattern.java:4606 java.util.regex.Pattern$CharProperty.match(Matcher, int, CharSequence)","4","124"
"Pattern.java:3779 java.util.regex.Pattern$BranchConn.match(Matcher, int, CharSequence)","4","125"
"Pattern.java:4570 java.util.regex.Pattern$GroupTail.match(Matcher, int, CharSequence)","4","126"
"Pattern.java:4719 java.util.regex.Pattern$Loop.match(Matcher, int, CharSequence)","4","127"
"Pattern.java:4787 java.util.regex.Pattern$GroupHead.match(Matcher, int, CharSequence)","4","128"
"Pattern.java:4660 java.util.regex.Pattern$Branch.match(Matcher, int, CharSequence)","4","129"
"Pattern.java:4606 java.util.regex.Pattern$CharProperty.match(Matcher, int, CharSequence)","4","130"
"Pattern.java:3779 java.util.regex.Pattern$BranchConn.match(Matcher, int, CharSequence)","4","131"
"Pattern.java:4570 java.util.regex.Pattern$GroupTail.match(Matcher, int, CharSequence)","4","132"
"Pattern.java:4719 java.util.regex.Pattern$Loop.match(Matcher, int, CharSequence)","4","133"
"Pattern.java:4787 java.util.regex.Pattern$GroupHead.match(Matcher, int, CharSequence)","4","134"
"Pattern.java:4660 java.util.regex.Pattern$Branch.match(Matcher, int, CharSequence)","4","135"
"Pattern.java:4606 java.util.regex.Pattern$CharProperty.match(Matcher, int, CharSequence)","4","136"
"Pattern.java:3779 java.util.regex.Pattern$BranchConn.match(Matcher, int, CharSequence)","4","137"
"Pattern.java:4570 java.util.regex.Pattern$GroupTail.match(Matcher, int, CharSequence)","4","138"
"Pattern.java:4719 java.util.regex.Pattern$Loop.match(Matcher, int, CharSequence)","4","139"
"Pattern.java:4787 java.util.regex.Pattern$GroupHead.match(Matcher, int, CharSequence)","4","140"
"Pattern.java:4660 java.util.regex.Pattern$Branch.match(Matcher, int, CharSequence)","4","141"
"Pattern.java:4606 java.util.regex.Pattern$CharProperty.match(Matcher, int, CharSequence)","4","142"
"Pattern.java:3779 java.util.regex.Pattern$BranchConn.match(Matcher, int, CharSequence)","4","143"
"Pattern.java:4570 java.util.regex.Pattern$GroupTail.match(Matcher, int, CharSequence)","4","144"
"Pattern.java:4719 java.util.regex.Pattern$Loop.match(Matcher, int, CharSequence)","4","145"
"Pattern.java:4787 java.util.regex.Pattern$GroupHead.match(Matcher, int, CharSequence)","4","146"
"Pattern.java:4660 java.util.regex.Pattern$Branch.match(Matcher, int, CharSequence)","4","147"
"Pattern.java:4606 java.util.regex.Pattern$CharProperty.match(Matcher, int, CharSequence)","4","148"
"Pattern.java:3779 java.util.regex.Pattern$BranchConn.match(Matcher, int, CharSequence)","4","149"
"Pattern.java:4570 java.util.regex.Pattern$GroupTail.match(Matcher, int, CharSequence)","4","150"
"Pattern.java:4719 java.util.regex.Pattern$Loop.match(Matcher, int, CharSequence)","4","151"
"Pattern.java:4787 java.util.regex.Pattern$GroupHead.match(Matcher, int, CharSequence)","4","152"
"Pattern.java:4660 java.util.regex.Pattern$Branch.match(Matcher, int, CharSequence)","4","153"
"Pattern.java:4606 java.util.regex.Pattern$CharProperty.match(Matcher, int, CharSequence)","4","154"
"Pattern.java:3779 java.util.regex.Pattern$BranchConn.match(Matcher, int, CharSequence)","4","155"
"Pattern.java:4570 java.util.regex.Pattern$GroupTail.match(Matcher, int, CharSequence)","4","156"
"Pattern.java:4719 java.util.regex.Pattern$Loop.match(Matcher, int, CharSequence)","4","157"
"Pattern.java:4787 java.util.regex.Pattern$GroupHead.match(Matcher, int, CharSequence)","4","158"
"Pattern.java:4660 java.util.regex.Pattern$Branch.match(Matcher, int, CharSequence)","4","159"
"Pattern.java:4606 java.util.regex.Pattern$CharProperty.match(Matcher, int, CharSequence)","4","160"
"Pattern.java:3779 java.util.regex.Pattern$BranchConn.match(Matcher, int, CharSequence)","4","161"
"Pattern.java:4570 java.util.regex.Pattern$GroupTail.match(Matcher, int, CharSequence)","4","162"
"Pattern.java:4719 java.util.regex.Pattern$Loop.match(Matcher, int, CharSequence)","4","163"
"Pattern.java:4787 java.util.regex.Pattern$GroupHead.match(Matcher, int, CharSequence)","4","164"
"Pattern.java:4660 java.util.regex.Pattern$Branch.match(Matcher, int, CharSequence)","4","165"
"Pattern.java:4606 java.util.regex.Pattern$CharProperty.match(Matcher, int, CharSequence)","4","166"
"Pattern.java:3779 java.util.regex.Pattern$BranchConn.match(Matcher, int, CharSequence)","4","167"
"Pattern.java:4570 java.util.regex.Pattern$GroupTail.match(Matcher, int, CharSequence)","4","168"
"Pattern.java:4719 java.util.regex.Pattern$Loop.match(Matcher, int, CharSequence)","4","169"
"Pattern.java:4787 java.util.regex.Pattern$GroupHead.match(Matcher, int, CharSequence)","4","170"
"Pattern.java:4660 java.util.regex.Pattern$Branch.match(Matcher, int, CharSequence)","4","171"
"Pattern.java:4606 java.util.regex.Pattern$CharProperty.match(Matcher, int, CharSequence)","4","172"
"Pattern.java:3779 java.util.regex.Pattern$BranchConn.match(Matcher, int, CharSequence)","4","173"
"Pattern.java:4570 java.util.regex.Pattern$GroupTail.match(Matcher, int, CharSequence)","4","174"
"Pattern.java:4719 java.util.regex.Pattern$Loop.match(Matcher, int, CharSequence)","4","175"
"Pattern.java:4787 java.util.regex.Pattern$GroupHead.match(Matcher, int, CharSequence)","4","176"
"Pattern.java:4660 java.util.regex.Pattern$Branch.match(Matcher, int, CharSequence)","4","177"
"Pattern.java:4606 java.util.regex.Pattern$CharProperty.match(Matcher, int, CharSequence)","4","178"
"Pattern.java:3779 java.util.regex.Pattern$BranchConn.match(Matcher, int, CharSequence)","4","179"
"Pattern.java:4570 java.util.regex.Pattern$GroupTail.match(Matcher, int, CharSequence)","4","180"
"Pattern.java:4719 java.util.regex.Pattern$Loop.match(Matcher, int, CharSequence)","4","181"
"Pattern.java:4787 java.util.regex.Pattern$GroupHead.match(Matcher, int, CharSequence)","4","182"
"Pattern.java:4660 java.util.regex.Pattern$Branch.match(Matcher, int, CharSequence)","4","183"
"Pattern.java:4606 java.util.regex.Pattern$CharProperty.match(Matcher, int, CharSequence)","4","184"
"Pattern.java:3779 java.util.regex.Pattern$BranchConn.match(Matcher, int, CharSequence)","4","185"
"Pattern.java:4570 java.util.regex.Pattern$GroupTail.match(Matcher, int, CharSequence)","4","186"
"Pattern.java:4719 java.util.regex.Pattern$Loop.match(Matcher, int, CharSequence)","4","187"
"Pattern.java:4787 java.util.regex.Pattern$GroupHead.match(Matcher, int, CharSequence)","4","188"
"Pattern.java:4660 java.util.regex.Pattern$Branch.match(Matcher, int, CharSequence)","4","189"
"Pattern.java:4606 java.util.regex.Pattern$CharProperty.match(Matcher, int, CharSequence)","4","190"
"Pattern.java:3779 java.util.regex.Pattern$BranchConn.match(Matcher, int, CharSequence)","4","191"
"Pattern.java:4570 java.util.regex.Pattern$GroupTail.match(Matcher, int, CharSequence)","4","192"
"Pattern.java:4719 java.util.regex.Pattern$Loop.match(Matcher, int, CharSequence)","4","193"
"Pattern.java:4787 java.util.regex.Pattern$GroupHead.match(Matcher, int, CharSequence)","4","194"
"Pattern.java:4660 java.util.regex.Pattern$Branch.match(Matcher, int, CharSequence)","4","195"
"Pattern.java:4606 java.util.regex.Pattern$CharProperty.match(Matcher, int, CharSequence)","4","196"
"Pattern.java:3779 java.util.regex.Pattern$BranchConn.match(Matcher, int, CharSequence)","4","197"
"Pattern.java:4570 java.util.regex.Pattern$GroupTail.match(Matcher, int, CharSequence)","4","198"
"Pattern.java:4719 java.util.regex.Pattern$Loop.match(Matcher, int, CharSequence)","4","199"
"Pattern.java:4787 java.util.regex.Pattern$GroupHead.match(Matcher, int, CharSequence)","4","200"
"Pattern.java:4660 java.util.regex.Pattern$Branch.match(Matcher, int, CharSequence)","4","201"
"Pattern.java:4606 java.util.regex.Pattern$CharProperty.match(Matcher, int, CharSequence)","4","202"
"Pattern.java:3779 java.util.regex.Pattern$BranchConn.match(Matcher, int, CharSequence)","4","203"
"Pattern.java:4570 java.util.regex.Pattern$GroupTail.match(Matcher, int, CharSequence)","4","204"
"Pattern.java:4719 java.util.regex.Pattern$Loop.match(Matcher, int, CharSequence)","4","205"
"Pattern.java:4787 java.util.regex.Pattern$GroupHead.match(Matcher, int, CharSequence)","4","206"
"Pattern.java:4660 java.util.regex.Pattern$Branch.match(Matcher, int, CharSequence)","4","207"
"Pattern.java:4606 java.util.regex.Pattern$CharProperty.match(Matcher, int, CharSequence)","4","208"
"Pattern.java:3779 java.util.regex.Pattern$BranchConn.match(Matcher, int, CharSequence)","4","209"
"Pattern.java:4570 java.util.regex.Pattern$GroupTail.match(Matcher, int, CharSequence)","4","210"
"Pattern.java:4719 java.util.regex.Pattern$Loop.match(Matcher, int, CharSequence)","4","211"
"Pattern.java:4787 java.util.regex.Pattern$GroupHead.match(Matcher, int, CharSequence)","4","212"
"Pattern.java:4660 java.util.regex.Pattern$Branch.match(Matcher, int, CharSequence)","4","213"
"Pattern.java:4606 java.util.regex.Pattern$CharProperty.match(Matcher, int, CharSequence)","4","214"
"Pattern.java:3779 java.util.regex.Pattern$BranchConn.match(Matcher, int, CharSequence)","4","215"
"Pattern.java:4570 java.util.regex.Pattern$GroupTail.match(Matcher, int, CharSequence)","4","216"
"Pattern.java:4719 java.util.regex.Pattern$Loop.match(Matcher, int, CharSequence)","4","217"
"Pattern.java:4787 java.util.regex.Pattern$GroupHead.match(Matcher, int, CharSequence)","4","218"
"Pattern.java:4660 java.util.regex.Pattern$Branch.match(Matcher, int, CharSequence)","4","219"
"Pattern.java:4606 java.util.regex.Pattern$CharProperty.match(Matcher, int, CharSequence)","4","220"
"Pattern.java:3779 java.util.regex.Pattern$BranchConn.match(Matcher, int, CharSequence)","4","221"
"Pattern.java:4570 java.util.regex.Pattern$GroupTail.match(Matcher, int, CharSequence)","4","222"
"Pattern.java:4719 java.util.regex.Pattern$Loop.match(Matcher, int, CharSequence)","4","223"
"Pattern.java:4787 java.util.regex.Pattern$GroupHead.match(Matcher, int, CharSequence)","4","224"
"Pattern.java:4660 java.util.regex.Pattern$Branch.match(Matcher, int, CharSequence)","4","225"
"Pattern.java:4606 java.util.regex.Pattern$CharProperty.match(Matcher, int, CharSequence)","4","226"
"Pattern.java:3779 java.util.regex.Pattern$BranchConn.match(Matcher, int, CharSequence)","4","227"
"Pattern.java:4570 java.util.regex.Pattern$GroupTail.match(Matcher, int, CharSequence)","4","228"
"Pattern.java:4719 java.util.regex.Pattern$Loop.match(Matcher, int, CharSequence)","4","229"
"Pattern.java:4787 java.util.regex.Pattern$GroupHead.match(Matcher, int, CharSequence)","4","230"
"Pattern.java:4658","4","231"
"PossessionProver.java:145","8","22"
"PossessionProver.java:152 eu.prismacloud.primitives.zkpgs.util.CryptoUtilsFacade.computeRandomNumber(int)","4","22"
"CryptoUtilsFacade.java:71 eu.prismacloud.primitives.zkpgs.util.GSUtils.createRandomNumber(int)","4","23"
"GSUtils.java:275 java.math.BigInteger.<init>(int, Random)","4","24"
"BigInteger.java:623 java.math.BigInteger.randomBits(int, Random)","4","25"
"BigInteger.java:634 java.security.SecureRandom.nextBytes(byte[])","4","26"
"SecureRandom.java:468 sun.security.provider.NativePRNG.engineNextBytes(byte[])","4","27"
"NativePRNG.java:220 sun.security.provider.NativePRNG$RandomIO.access$400(NativePRNG$RandomIO, byte[])","4","28"
"NativePRNG.java:331 sun.security.provider.NativePRNG$RandomIO.implNextBytes(byte[])","4","29"
"NativePRNG.java:544 sun.security.provider.NativePRNG$RandomIO.ensureBufferValid()","4","30"
"NativePRNG.java:525 sun.security.provider.NativePRNG$RandomIO.readFully(InputStream, byte[])","4","31"
"NativePRNG.java:424 java.io.FileInputStream.read(byte[], int, int)","4","32"
"FileInputStream.java:255 java.io.FileInputStream.readBytes(byte[], int, int)","4","33"
"ProverOrchestrator.java:462 java.lang.ClassLoader.loadClass(String)","8","19"
"ClassLoader.java:357 sun.misc.Launcher$AppClassLoader.loadClass(String, boolean)","8","20"
"Launcher.java:349 java.lang.ClassLoader.loadClass(String, boolean)","8","21"
"ClassLoader.java:424 java.net.URLClassLoader.findClass(String)","8","22"
"URLClassLoader.java:362 java.security.AccessController.doPrivileged(PrivilegedExceptionAction, AccessControlContext)","8","23"
"AccessController.java (native) java.net.URLClassLoader$1.run()","8","24"
"URLClassLoader.java:363 java.net.URLClassLoader$1.run()","8","25"
"URLClassLoader.java:369 java.net.URLClassLoader.access$100(URLClassLoader, String, Resource)","8","26"
"URLClassLoader.java:74 java.net.URLClassLoader.defineClass(String, Resource)","8","27"
"URLClassLoader.java:468 java.security.SecureClassLoader.defineClass(String, byte[], int, int, CodeSource)","8","28"
"SecureClassLoader.java:142 java.lang.ClassLoader.defineClass(String, byte[], int, int, ProtectionDomain)","8","29"
"ClassLoader.java:763 java.lang.ClassLoader.defineClass1(String, byte[], int, int, ProtectionDomain, String)","8","30"
"ProverOrchestrator.java:234 eu.prismacloud.primitives.zkpgs.orchestrator.ProverOrchestrator.computeCommitmentProvers()","332","18"
"ProverOrchestrator.java:447 eu.prismacloud.primitives.zkpgs.prover.AbstractCommitmentProver.executePreChallengePhase()","304","19"
"AbstractCommitmentProver.java:70 eu.prismacloud.primitives.zkpgs.prover.AbstractCommitmentProver.computeWitness()","264","20"
"AbstractCommitmentProver.java:137 eu.prismacloud.primitives.zkpgs.util.crypto.QRElement.modPow(BigInteger)","112","21"
"QRElement.java:15 eu.prismacloud.primitives.zkpgs.util.crypto.QRElement.modPow(BigInteger)","112","22"
"QRElement.java:108 java.math.BigInteger.modPow(BigInteger, BigInteger)","108","23"
"BigInteger.java:2603 java.math.BigInteger.oddModPow(BigInteger, BigInteger)","80","24"
"BigInteger.java:2941","48","25"
"BigInteger.java:2938","24","25"
"BigInteger.java:2838 java.math.MutableBigInteger.divide(MutableBigInteger, MutableBigInteger)","8","25"
"MutableBigInteger.java:1147 java.math.MutableBigInteger.divide(MutableBigInteger, MutableBigInteger, boolean)","8","26"
"MutableBigInteger.java:1153 java.math.MutableBigInteger.divideKnuth(MutableBigInteger, MutableBigInteger, boolean)","8","27"
"MutableBigInteger.java:1227","8","28"
"BigInteger.java:2645 java.math.BigInteger.modInverse(BigInteger)","28","24"
"BigInteger.java:3154 java.math.MutableBigInteger.mutableModInverse(MutableBigInteger)","28","25"
"MutableBigInteger.java:1982 java.math.MutableBigInteger.modInverse(MutableBigInteger)","28","26"
"MutableBigInteger.java:2136 java.math.SignedMutableBigInteger.signedAdd(SignedMutableBigInteger)","16","27"
"SignedMutableBigInteger.java:89","16","28"
"MutableBigInteger.java:2141","8","27"
"MutableBigInteger.java:2135","4","27"
"QRElement.java:108","4","23"
"AbstractCommitmentProver.java:146 eu.prismacloud.primitives.zkpgs.util.crypto.QRElement.modPow(BigInteger)","88","21"
"QRElement.java:15 eu.prismacloud.primitives.zkpgs.util.crypto.QRElement.modPow(BigInteger)","88","22"
"QRElement.java:108 java.math.BigInteger.modPow(BigInteger, BigInteger)","88","23"
"BigInteger.java:2603 java.math.BigInteger.oddModPow(BigInteger, BigInteger)","88","24"
"BigInteger.java:2941","76","25"
"BigInteger.java:2938","12","25"
"AbstractCommitmentProver.java:145 eu.prismacloud.primitives.zkpgs.prover.CommitmentProver.getURNbyBaseType(BaseRepresentation, URNClass)","28","21"
"CommitmentProver.java:130 eu.prismacloud.primitives.zkpgs.prover.CommitmentProver.getTildeMURN()","28","22"
"CommitmentProver.java:98 eu.prismacloud.primitives.zkpgs.store.URNType.buildURN(URNType, Class, int)","24","23"
"URNType.java:617 eu.prismacloud.primitives.zkpgs.store.URN.createZkpgsURN(String)","16","24"
"URN.java:181 eu.prismacloud.primitives.zkpgs.store.URN.<init>(NamespaceComponent, NamespaceComponent, boolean)","16","25"
"URN.java:39 eu.prismacloud.primitives.zkpgs.store.URNType.parseURNType(String)","16","26"
"URNType.java:708 eu.prismacloud.primitives.zkpgs.store.URNType.parseURNSuffix(String)","16","27"
"URNType.java:723 java.lang.String.matches(String)","16","28"
"String.java:2121 java.util.regex.Pattern.matches(String, CharSequence)","16","29"
"Pattern.java:1133 java.util.regex.Pattern.compile(String)","16","30"
"Pattern.java:1028 java.util.regex.Pattern.<init>(String, int)","16","31"
"Pattern.java:1351 java.util.regex.Pattern.compile()","8","32"
"Pattern.java:1698 java.util.regex.Pattern.expr(Pattern$Node)","8","33"
"Pattern.java:1998 java.util.regex.Pattern.sequence(Pattern$Node)","8","34"
"Pattern.java:2081 java.util.regex.Pattern.atom()","8","35"
"Pattern.java:2200","8","36"
"Pattern.java:1351","8","32"
"URNType.java:617 eu.prismacloud.primitives.zkpgs.store.URNType.buildURNComponent(URNType, Class, int)","8","24"
"URNType.java:640 java.lang.Class.getDeclaredField(String)","8","25"
"Class.java:2067 sun.reflect.Reflection.getCallerClass()","8","26"
"CommitmentProver.java:98","4","23"
"AbstractCommitmentProver.java:136 eu.prismacloud.primitives.zkpgs.prover.CommitmentProver.getTildeRandomnessURN()","24","21"
"CommitmentProver.java:73 eu.prismacloud.primitives.zkpgs.store.URNType.buildURN(URNType, Class, int)","24","22"
"URNType.java:617 eu.prismacloud.primitives.zkpgs.store.URN.createZkpgsURN(String)","24","23"
"URN.java:181 eu.prismacloud.primitives.zkpgs.store.URN.<init>(NamespaceComponent, NamespaceComponent, boolean)","24","24"
"URN.java:39 eu.prismacloud.primitives.zkpgs.store.URNType.parseURNType(String)","24","25"
"URNType.java:708 eu.prismacloud.primitives.zkpgs.store.URNType.parseURNSuffix(String)","24","26"
"URNType.java:723 java.lang.String.matches(String)","24","27"
"String.java:2121 java.util.regex.Pattern.matches(String, CharSequence)","24","28"
"Pattern.java:1133 java.util.regex.Pattern.compile(String)","20","29"
"Pattern.java:1028 java.util.regex.Pattern.<init>(String, int)","20","30"
"Pattern.java:1351 java.util.regex.Pattern.compile()","16","31"
"Pattern.java:1698 java.util.regex.Pattern.expr(Pattern$Node)","12","32"
"Pattern.java:1998 java.util.regex.Pattern.sequence(Pattern$Node)","12","33"
"Pattern.java:2132 java.util.regex.Pattern.atom()","12","34"
"Pattern.java:2228","12","35"
"Pattern.java:1688","4","32"
"Pattern.java:1351","4","31"
"Pattern.java:1135 java.util.regex.Matcher.matches()","4","29"
"Matcher.java:604 java.util.regex.Matcher.match(int, int)","4","30"
"Matcher.java:1270","4","31"
"AbstractCommitmentProver.java:146","8","21"
"AbstractCommitmentProver.java:145 eu.prismacloud.primitives.zkpgs.store.ProofStore.get(URN)","4","21"
"ProofStore.java:115","4","22"
"AbstractCommitmentProver.java:68 eu.prismacloud.primitives.zkpgs.prover.AbstractCommitmentProver.computeWitnessRandomness()","40","20"
"AbstractCommitmentProver.java:103 eu.prismacloud.primitives.zkpgs.prover.CommitmentProver.getTildeRandomnessURN()","28","21"
"CommitmentProver.java:73 eu.prismacloud.primitives.zkpgs.store.URNType.buildURN(URNType, Class, int)","28","22"
"URNType.java:617 eu.prismacloud.primitives.zkpgs.store.URN.createZkpgsURN(String)","28","23"
"URN.java:181 eu.prismacloud.primitives.zkpgs.store.URN.<init>(NamespaceComponent, NamespaceComponent, boolean)","28","24"
"URN.java:39 eu.prismacloud.primitives.zkpgs.store.URNType.parseURNType(String)","28","25"
"URNType.java:708 eu.prismacloud.primitives.zkpgs.store.URNType.parseURNSuffix(String)","28","26"
"URNType.java:723 java.lang.String.matches(String)","28","27"
"String.java:2121 java.util.regex.Pattern.matches(String, CharSequence)","28","28"
"Pattern.java:1133 java.util.regex.Pattern.compile(String)","20","29"
"Pattern.java:1028 java.util.regex.Pattern.<init>(String, int)","20","30"
"Pattern.java:1351 java.util.regex.Pattern.compile()","16","31"
"Pattern.java:1698 java.util.regex.Pattern.expr(Pattern$Node)","16","32"
"Pattern.java:1998 java.util.regex.Pattern.sequence(Pattern$Node)","16","33"
"Pattern.java:2132 java.util.regex.Pattern.atom()","16","34"
"Pattern.java:2235","8","35"
"Pattern.java:2228","8","35"
"Pattern.java:1351","4","31"
"Pattern.java:1134 java.util.regex.Pattern.matcher(CharSequence)","8","29"
"Pattern.java:1093 java.util.regex.Matcher.<init>(Pattern, CharSequence)","8","30"
"Matcher.java:229 java.util.regex.Matcher.reset()","8","31"
"Matcher.java:309 java.util.regex.Matcher.getTextLength()","8","32"
"Matcher.java:1283","8","33"
"AbstractCommitmentProver.java:102","8","21"
"AbstractCommitmentProver.java:102 eu.prismacloud.primitives.zkpgs.util.CryptoUtilsFacade.computeRandomNumberMinusPlus(int)","4","21"
"CryptoUtilsFacade.java:35 eu.prismacloud.primitives.zkpgs.util.GSUtils.randomMinusPlusNumber(int)","4","22"
"GSUtils.java:68 java.math.BigInteger.<init>(int, Random)","4","23"
"BigInteger.java:623 java.math.BigInteger.randomBits(int, Random)","4","24"
"BigInteger.java:634 java.security.SecureRandom.nextBytes(byte[])","4","25"
"SecureRandom.java:468 sun.security.provider.NativePRNG.engineNextBytes(byte[])","4","26"
"NativePRNG.java:220 sun.security.provider.NativePRNG$RandomIO.access$400(NativePRNG$RandomIO, byte[])","4","27"
"NativePRNG.java:331 sun.security.provider.NativePRNG$RandomIO.implNextBytes(byte[])","4","28"
"NativePRNG.java:544 sun.security.provider.NativePRNG$RandomIO.ensureBufferValid()","4","29"
"NativePRNG.java:525 sun.security.provider.NativePRNG$RandomIO.readFully(InputStream, byte[])","4","30"
"NativePRNG.java:424 java.io.FileInputStream.read(byte[], int, int)","4","31"
"FileInputStream.java:255 java.io.FileInputStream.readBytes(byte[], int, int)","4","32"
"ProverOrchestrator.java:454 eu.prismacloud.primitives.zkpgs.store.ProofStore.store(String, Object)","20","19"
"ProofStore.java:71 eu.prismacloud.primitives.zkpgs.store.URN.createURN(String, String)","12","20"
"URN.java:161 eu.prismacloud.primitives.zkpgs.store.URN.<init>(NamespaceComponent, NamespaceComponent, boolean)","12","21"
"URN.java:39 eu.prismacloud.primitives.zkpgs.store.URNType.parseURNType(String)","12","22"
"URNType.java:708 eu.prismacloud.primitives.zkpgs.store.URNType.parseURNSuffix(String)","12","23"
"URNType.java:723 java.lang.String.matches(String)","12","24"
"String.java:2121 java.util.regex.Pattern.matches(String, CharSequence)","12","25"
"Pattern.java:1133 java.util.regex.Pattern.compile(String)","12","26"
"Pattern.java:1028 java.util.regex.Pattern.<init>(String, int)","12","27"
"Pattern.java:1351 java.util.regex.Pattern.compile()","12","28"
"Pattern.java:1698 java.util.regex.Pattern.expr(Pattern$Node)","4","29"
"Pattern.java:1998 java.util.regex.Pattern.sequence(Pattern$Node)","4","30"
"Pattern.java:2132 java.util.regex.Pattern.atom()","4","31"
"Pattern.java:2228","4","32"
"Pattern.java:1685 java.util.regex.Pattern.RemoveQEQuoting()","4","29"
"Pattern.java:1592","4","30"
"Pattern.java:1713 java.util.regex.Pattern$Start.<init>(Pattern$Node)","4","29"
"Pattern.java:3453 java.util.regex.Pattern$SliceNode.study(Pattern$TreeInfo)","4","30"
"Pattern.java:3951 java.util.regex.Pattern$Curly.study(Pattern$TreeInfo)","4","31"
"Pattern.java:4345 java.util.regex.Pattern$Node.study(Pattern$TreeInfo)","4","32"
"Pattern.java:3419 java.util.regex.Pattern$Node.study(Pattern$TreeInfo)","4","33"
"Pattern.java:3419","4","34"
"ProofStore.java:71 eu.prismacloud.primitives.zkpgs.store.ProofStore.save(URN, Object)","8","20"
"ProofStore.java:59 eu.prismacloud.primitives.zkpgs.store.ProofStore.add(URN, Object)","4","21"
"ProofStore.java:138 java.util.HashMap.put(Object, Object)","4","22"
"HashMap.java:612 java.util.HashMap.hash(Object)","4","23"
"HashMap.java:339","4","24"
"ProofStore.java:53 java.util.HashMap.containsKey(Object)","4","21"
"HashMap.java:596","4","22"
"ProverOrchestrator.java:451","8","19"
"ProvingBenchmark.java:224 eu.prismacloud.primitives.zkpgs.orchestrator.VerifierOrchestrator.executeVerification()","700","17"
"VerifierOrchestrator.java:395 eu.prismacloud.primitives.zkpgs.orchestrator.VerifierOrchestrator.executeVerification(BigInteger)","700","18"
"VerifierOrchestrator.java:422 eu.prismacloud.primitives.zkpgs.orchestrator.VerifierOrchestrator.computeCommitmentVerifiers()","364","19"
"VerifierOrchestrator.java:359 eu.prismacloud.primitives.zkpgs.verifier.AbstractCommitmentVerifier.executeVerification(BigInteger)","308","20"
"AbstractCommitmentVerifier.java:74 eu.prismacloud.primitives.zkpgs.verifier.AbstractCommitmentVerifier.computeVerifierWitness(BigInteger)","300","21"
"AbstractCommitmentVerifier.java:85 eu.prismacloud.primitives.zkpgs.util.crypto.QRElement.modPow(BigInteger)","108","22"
"QRElement.java:15 eu.prismacloud.primitives.zkpgs.util.crypto.QRElement.modPow(BigInteger)","108","23"
"QRElement.java:108 java.math.BigInteger.modPow(BigInteger, BigInteger)","108","24"
"BigInteger.java:2603 java.math.BigInteger.oddModPow(BigInteger, BigInteger)","108","25"
"BigInteger.java:2941","84","26"
"BigInteger.java:2938","20","26"
"BigInteger.java:2885","4","26"
"AbstractCommitmentVerifier.java:80 eu.prismacloud.primitives.zkpgs.util.crypto.QRElement.modPow(BigInteger)","76","22"
"QRElement.java:15 eu.prismacloud.primitives.zkpgs.util.crypto.QRElement.modPow(BigInteger)","76","23"
"QRElement.java:108 java.math.BigInteger.modPow(BigInteger, BigInteger)","76","24"
"BigInteger.java:2603 java.math.BigInteger.oddModPow(BigInteger, BigInteger)","40","25"
"BigInteger.java:2941","24","26"
"BigInteger.java:2938","16","26"
"BigInteger.java:2645 java.math.BigInteger.modInverse(BigInteger)","36","25"
"BigInteger.java:3154 java.math.MutableBigInteger.mutableModInverse(MutableBigInteger)","36","26"
"MutableBigInteger.java:1982 java.math.MutableBigInteger.modInverse(MutableBigInteger)","36","27"
"MutableBigInteger.java:2149 java.math.MutableBigInteger.fixup(MutableBigInteger, MutableBigInteger, int)","12","28"
"MutableBigInteger.java:2168","8","29"
"MutableBigInteger.java:2179","4","29"
"MutableBigInteger.java:2135","12","28"
"MutableBigInteger.java:2133 java.math.SignedMutableBigInteger.signedSubtract(SignedMutableBigInteger)","4","28"
"SignedMutableBigInteger.java:111","4","29"
"MutableBigInteger.java:2142","4","28"
"MutableBigInteger.java:2132","4","28"
"AbstractCommitmentVerifier.java:94 eu.prismacloud.primitives.zkpgs.util.crypto.QRElement.modPow(BigInteger)","68","22"
"QRElement.java:15 eu.prismacloud.primitives.zkpgs.util.crypto.QRElement.modPow(BigInteger)","68","23"
"QRElement.java:108 java.math.BigInteger.modPow(BigInteger, BigInteger)","68","24"
"BigInteger.java:2603 java.math.BigInteger.oddModPow(BigInteger, BigInteger)","68","25"
"BigInteger.java:2941","40","26"
"BigInteger.java:2938","20","26"
"BigInteger.java:2885","8","26"
"AbstractCommitmentVerifier.java:83 eu.prismacloud.primitives.zkpgs.verifier.CommitmentVerifier.getHatRandomnessURN()","32","22"
"CommitmentVerifier.java:85 eu.prismacloud.primitives.zkpgs.store.URNType.buildURN(URNType, Class, int)","32","23"
"URNType.java:617 eu.prismacloud.primitives.zkpgs.store.URN.createZkpgsURN(String)","16","24"
"URN.java:181 eu.prismacloud.primitives.zkpgs.store.URN.<init>(NamespaceComponent, NamespaceComponent, boolean)","16","25"
"URN.java:39 eu.prismacloud.primitives.zkpgs.store.URNType.parseURNType(String)","16","26"
"URNType.java:708 eu.prismacloud.primitives.zkpgs.store.URNType.parseURNSuffix(String)","16","27"
"URNType.java:723 java.lang.String.matches(String)","16","28"
"String.java:2121 java.util.regex.Pattern.matches(String, CharSequence)","16","29"
"Pattern.java:1133 java.util.regex.Pattern.compile(String)","16","30"
"Pattern.java:1028 java.util.regex.Pattern.<init>(String, int)","16","31"
"Pattern.java:1351 java.util.regex.Pattern.compile()","12","32"
"Pattern.java:1685 java.util.regex.Pattern.RemoveQEQuoting()","12","33"
"Pattern.java:1592","12","34"
"Pattern.java:1351","4","32"
"URNType.java:617 eu.prismacloud.primitives.zkpgs.store.URNType.buildURNComponent(URNType, Class, int)","16","24"
"URNType.java:640 java.lang.Class.getDeclaredField(String)","16","25"
"Class.java:2067 sun.reflect.Reflection.getCallerClass()","16","26"
"AbstractCommitmentVerifier.java:92 eu.prismacloud.primitives.zkpgs.verifier.CommitmentVerifier.getURNbyBaseType(BaseRepresentation, URNClass)","8","22"
"CommitmentVerifier.java:58 eu.prismacloud.primitives.zkpgs.verifier.CommitmentVerifier.getHatMURN()","8","23"
"CommitmentVerifier.java:105 eu.prismacloud.primitives.zkpgs.store.URNType.buildURN(URNType, Class, int)","8","24"
"URNType.java:617 eu.prismacloud.primitives.zkpgs.store.URN.createZkpgsURN(String)","4","25"
"URN.java:181 eu.prismacloud.primitives.zkpgs.store.URN.<init>(NamespaceComponent, NamespaceComponent, boolean)","4","26"
"URN.java:39 eu.prismacloud.primitives.zkpgs.store.URNType.parseURNType(String)","4","27"
"URNType.java:708 eu.prismacloud.primitives.zkpgs.store.URNType.parseURNSuffix(String)","4","28"
"URNType.java:723 java.lang.String.matches(String)","4","29"
"String.java:2121 java.util.regex.Pattern.matches(String, CharSequence)","4","30"
"Pattern.java:1133 java.util.regex.Pattern.compile(String)","4","31"
"Pattern.java:1028 java.util.regex.Pattern.<init>(String, int)","4","32"
"Pattern.java:1351 java.util.regex.Pattern.compile()","4","33"
"Pattern.java:1698 java.util.regex.Pattern.expr(Pattern$Node)","4","34"
"Pattern.java:1998 java.util.regex.Pattern.sequence(Pattern$Node)","4","35"
"Pattern.java:2132 java.util.regex.Pattern.atom()","4","36"
"Pattern.java:2233","4","37"
"URNType.java:617 eu.prismacloud.primitives.zkpgs.store.URNType.buildURNComponent(URNType, Class, int)","4","25"
"URNType.java:640 java.lang.Class.getDeclaredField(String)","4","26"
"Class.java:2067 sun.reflect.Reflection.getCallerClass()","4","27"
"AbstractCommitmentVerifier.java:80","8","22"
"AbstractCommitmentVerifier.java:66 eu.prismacloud.primitives.zkpgs.verifier.AbstractCommitmentVerifier.checkLengths()","4","21"
"AbstractCommitmentVerifier.java:103 eu.prismacloud.primitives.zkpgs.verifier.CommitmentVerifier.getHatRandomnessURN()","4","22"
"CommitmentVerifier.java:85 eu.prismacloud.primitives.zkpgs.store.URNType.buildURN(URNType, Class, int)","4","23"
"URNType.java:617 eu.prismacloud.primitives.zkpgs.store.URN.createZkpgsURN(String)","4","24"
"URN.java:181 eu.prismacloud.primitives.zkpgs.store.URN.<init>(NamespaceComponent, NamespaceComponent, boolean)","4","25"
"URN.java:39 eu.prismacloud.primitives.zkpgs.store.URNType.parseURNType(String)","4","26"
"URNType.java:708 eu.prismacloud.primitives.zkpgs.store.URNType.parseURNSuffix(String)","4","27"
"URNType.java:723 java.lang.String.matches(String)","4","28"
"String.java:2121 java.util.regex.Pattern.matches(String, CharSequence)","4","29"
"Pattern.java:1133 java.util.regex.Pattern.compile(String)","4","30"
"Pattern.java:1028 java.util.regex.Pattern.<init>(String, int)","4","31"
"Pattern.java:1351","4","32"
"AbstractCommitmentVerifier.java:65","4","21"
"VerifierOrchestrator.java:347 eu.prismacloud.primitives.zkpgs.store.ProofStore.retrieve(String)","32","20"
"ProofStore.java:94 eu.prismacloud.primitives.zkpgs.store.URN.createURN(String, String)","32","21"
"URN.java:161 eu.prismacloud.primitives.zkpgs.store.URN.<init>(NamespaceComponent, NamespaceComponent, boolean)","32","22"
"URN.java:39 eu.prismacloud.primitives.zkpgs.store.URNType.parseURNType(String)","32","23"
"URNType.java:708 eu.prismacloud.primitives.zkpgs.store.URNType.parseURNSuffix(String)","32","24"
"URNType.java:723 java.lang.String.matches(String)","20","25"
"String.java:2121 java.util.regex.Pattern.matches(String, CharSequence)","20","26"
"Pattern.java:1133 java.util.regex.Pattern.compile(String)","20","27"
"Pattern.java:1028 java.util.regex.Pattern.<init>(String, int)","20","28"
"Pattern.java:1351 java.util.regex.Pattern.compile()","12","29"
"Pattern.java:1698 java.util.regex.Pattern.expr(Pattern$Node)","12","30"
"Pattern.java:1998 java.util.regex.Pattern.sequence(Pattern$Node)","12","31"
"Pattern.java:2132 java.util.regex.Pattern.atom()","12","32"
"Pattern.java:2233","8","33"
"Pattern.java:2235","4","33"
"Pattern.java:1351","8","29"
"URNType.java:723","12","25"
"VerifierOrchestrator.java:365 eu.prismacloud.primitives.zkpgs.store.ProofStore.store(String, Object)","12","20"
"ProofStore.java:71 eu.prismacloud.primitives.zkpgs.store.URN.createURN(String, String)","12","21"
"URN.java:161 eu.prismacloud.primitives.zkpgs.store.URN.<init>(NamespaceComponent, NamespaceComponent, boolean)","12","22"
"URN.java:39 eu.prismacloud.primitives.zkpgs.store.URNType.parseURNType(String)","12","23"
"URNType.java:708 eu.prismacloud.primitives.zkpgs.store.URNType.parseURNSuffix(String)","12","24"
"URNType.java:723 java.lang.String.matches(String)","12","25"
"String.java:2121 java.util.regex.Pattern.matches(String, CharSequence)","12","26"
"Pattern.java:1133 java.util.regex.Pattern.compile(String)","12","27"
"Pattern.java:1028 java.util.regex.Pattern.<init>(String, int)","12","28"
"Pattern.java:1351 java.util.regex.Pattern.compile()","12","29"
"Pattern.java:1698 java.util.regex.Pattern.expr(Pattern$Node)","12","30"
"Pattern.java:1998 java.util.regex.Pattern.sequence(Pattern$Node)","12","31"
"Pattern.java:2132 java.util.regex.Pattern.atom()","12","32"
"Pattern.java:2228","12","33"
"VerifierOrchestrator.java:347","8","20"
"VerifierOrchestrator.java:357","4","20"
"VerifierOrchestrator.java:410 eu.prismacloud.primitives.zkpgs.verifier.PossessionVerifier.executeCompoundVerification(BigInteger)","332","19"
"PossessionVerifier.java:149 eu.prismacloud.primitives.zkpgs.verifier.PossessionVerifier.executeVerification(BigInteger)","332","20"
"PossessionVerifier.java:128 eu.prismacloud.primitives.zkpgs.util.crypto.QRElement.modPow(BigInteger)","148","21"
"QRElement.java:15 eu.prismacloud.primitives.zkpgs.util.crypto.QRElement.modPow(BigInteger)","148","22"
"QRElement.java:108 java.math.BigInteger.modPow(BigInteger, BigInteger)","148","23"
"BigInteger.java:2603 java.math.BigInteger.oddModPow(BigInteger, BigInteger)","148","24"
"BigInteger.java:2941","144","25"
"BigInteger.java:2949 java.math.BigInteger.montReduce(int[], int[], int, int)","4","25"
"BigInteger.java:2967 java.math.BigInteger.mulAdd(int[], int[], int, int, int)","4","26"
"BigInteger.java:3017","4","27"
"PossessionVerifier.java:105 eu.prismacloud.primitives.zkpgs.verifier.PossessionVerifier.checkLengths()","72","21"
"PossessionVerifier.java:82 eu.prismacloud.primitives.zkpgs.store.ProofStore.retrieve(String)","32","22"
"ProofStore.java:94 eu.prismacloud.primitives.zkpgs.store.URN.createURN(String, String)","28","23"
"URN.java:161 eu.prismacloud.primitives.zkpgs.store.URN.<init>(NamespaceComponent, NamespaceComponent, boolean)","28","24"
"URN.java:39 eu.prismacloud.primitives.zkpgs.store.URNType.parseURNType(String)","28","25"
"URNType.java:708 eu.prismacloud.primitives.zkpgs.store.URNType.parseURNSuffix(String)","28","26"
"URNType.java:723 java.lang.String.matches(String)","24","27"
"String.java:2121 java.util.regex.Pattern.matches(String, CharSequence)","24","28"
"Pattern.java:1133 java.util.regex.Pattern.compile(String)","20","29"
"Pattern.java:1028 java.util.regex.Pattern.<init>(String, int)","20","30"
"Pattern.java:1351","12","31"
"Pattern.java:1351 java.util.regex.Pattern.compile()","8","31"
"Pattern.java:1698 java.util.regex.Pattern.expr(Pattern$Node)","4","32"
"Pattern.java:1998","4","33"
"Pattern.java:1685 java.util.regex.Pattern.RemoveQEQuoting()","4","32"
"Pattern.java:1592","4","33"
"Pattern.java:1135 java.util.regex.Matcher.matches()","4","29"
"Matcher.java:604 java.util.regex.Matcher.match(int, int)","4","30"
"Matcher.java:1270","4","31"
"URNType.java:723","4","27"
"ProofStore.java:94","4","23"
"PossessionVerifier.java:72 eu.prismacloud.primitives.zkpgs.store.ProofStore.retrieve(String)","20","22"
"ProofStore.java:94 eu.prismacloud.primitives.zkpgs.store.URN.createURN(String, String)","20","23"
"URN.java:161 eu.prismacloud.primitives.zkpgs.store.URN.<init>(NamespaceComponent, NamespaceComponent, boolean)","20","24"
"URN.java:39 eu.prismacloud.primitives.zkpgs.store.URNType.parseURNType(String)","20","25"
"URNType.java:708 eu.prismacloud.primitives.zkpgs.store.URNType.parseURNSuffix(String)","20","26"
"URNType.java:723 java.lang.String.matches(String)","20","27"
"String.java:2121 java.util.regex.Pattern.matches(String, CharSequence)","20","28"
"Pattern.java:1135 java.util.regex.Matcher.matches()","16","29"
"Matcher.java:604 java.util.regex.Matcher.match(int, int)","16","30"
"Matcher.java:1270 java.util.regex.Pattern$Slice.match(Matcher, int, CharSequence)","16","31"
"Pattern.java:3964","8","32"
"Pattern.java:3966","8","32"
"Pattern.java:1133 java.util.regex.Pattern.compile(String)","4","29"
"Pattern.java:1028 java.util.regex.Pattern.<init>(String, int)","4","30"
"Pattern.java:1351 java.util.regex.Pattern.compile()","4","31"
"Pattern.java:1698 java.util.regex.Pattern.expr(Pattern$Node)","4","32"
"Pattern.java:1998 java.util.regex.Pattern.sequence(Pattern$Node)","4","33"
"Pattern.java:2132 java.util.regex.Pattern.atom()","4","34"
"Pattern.java:2235","4","35"
"PossessionVerifier.java:74 eu.prismacloud.primitives.zkpgs.util.CryptoUtilsFacade.isInPMRange(BigInteger, int)","8","22"
"CryptoUtilsFacade.java:142 eu.prismacloud.primitives.zkpgs.util.CryptoUtilsFactory.getInstance(String)","8","23"
"CryptoUtilsFactory.java:20","8","24"
"PossessionVerifier.java:73 eu.prismacloud.primitives.zkpgs.store.URNType.buildURNComponent(URNType, Class, int)","4","22"
"URNType.java:640 java.lang.reflect.Field.get(Object)","4","23"
"Field.java:388 sun.reflect.Reflection.quickCheckMemberAccess(Class, int)","4","24"
"Reflection.java:84 sun.reflect.Reflection.getClassAccessFlags(Class)","4","25"
"PossessionVerifier.java:83 eu.prismacloud.primitives.zkpgs.store.URNType.buildURNComponent(URNType, Class, int)","4","22"
"URNType.java:640 java.lang.Class.getDeclaredField(String)","4","23"
"Class.java:2067 sun.reflect.Reflection.getCallerClass()","4","24"
"PossessionVerifier.java:82","4","22"
"PossessionVerifier.java:117 eu.prismacloud.primitives.zkpgs.util.crypto.QRElement.modPow(BigInteger)","68","21"
"QRElement.java:15 eu.prismacloud.primitives.zkpgs.util.crypto.QRElement.modPow(BigInteger)","68","22"
"QRElement.java:108 java.math.BigInteger.modPow(BigInteger, BigInteger)","68","23"
"BigInteger.java:2603 java.math.BigInteger.oddModPow(BigInteger, BigInteger)","68","24"
"BigInteger.java:2941","64","25"
"BigInteger.java:2938","4","25"
"PossessionVerifier.java:122 eu.prismacloud.primitives.zkpgs.store.ProofStore.retrieve(String)","20","21"
"ProofStore.java:94 eu.prismacloud.primitives.zkpgs.store.URN.createURN(String, String)","16","22"
"URN.java:161 eu.prismacloud.primitives.zkpgs.store.URN.<init>(NamespaceComponent, NamespaceComponent, boolean)","16","23"
"URN.java:39 eu.prismacloud.primitives.zkpgs.store.URNType.parseURNType(String)","16","24"
"URNType.java:708 eu.prismacloud.primitives.zkpgs.store.URNType.parseURNSuffix(String)","16","25"
"URNType.java:723 java.lang.String.matches(String)","16","26"
"String.java:2121 java.util.regex.Pattern.matches(String, CharSequence)","16","27"
"Pattern.java:1135 java.util.regex.Matcher.matches()","8","28"
"Matcher.java:604 java.util.regex.Matcher.match(int, int)","8","29"
"Matcher.java:1270","8","30"
"Pattern.java:1133 java.util.regex.Pattern.compile(String)","4","28"
"Pattern.java:1028 java.util.regex.Pattern.<init>(String, int)","4","29"
"Pattern.java:1351 java.util.regex.Pattern.compile()","4","30"
"Pattern.java:1685 java.util.regex.Pattern.RemoveQEQuoting()","4","31"
"Pattern.java:1592","4","32"
"Pattern.java:1134 java.util.regex.Pattern.matcher(CharSequence)","4","28"
"Pattern.java:1093 java.util.regex.Matcher.<init>(Pattern, CharSequence)","4","29"
"Matcher.java:229 java.util.regex.Matcher.reset()","4","30"
"Matcher.java:309 java.util.regex.Matcher.getTextLength()","4","31"
"Matcher.java:1283","4","32"
"ProofStore.java:94","4","22"
"PossessionVerifier.java:111 eu.prismacloud.primitives.zkpgs.store.ProofStore.retrieve(String)","16","21"
"ProofStore.java:94 eu.prismacloud.primitives.zkpgs.store.URN.createURN(String, String)","16","22"
"URN.java:161 eu.prismacloud.primitives.zkpgs.store.URN.<init>(NamespaceComponent, NamespaceComponent, boolean)","16","23"
"URN.java:39 eu.prismacloud.primitives.zkpgs.store.URNType.parseURNType(String)","16","24"
"URNType.java:708 eu.prismacloud.primitives.zkpgs.store.URNType.parseURNSuffix(String)","16","25"
"URNType.java:723 java.lang.String.matches(String)","12","26"
"String.java:2121 java.util.regex.Pattern.matches(String, CharSequence)","12","27"
"Pattern.java:1133 java.util.regex.Pattern.compile(String)","12","28"
"Pattern.java:1028 java.util.regex.Pattern.<init>(String, int)","12","29"
"Pattern.java:1351 java.util.regex.Pattern.compile()","12","30"
"Pattern.java:1685 java.util.regex.Pattern.RemoveQEQuoting()","8","31"
"Pattern.java:1592","8","32"
"Pattern.java:1698 java.util.regex.Pattern.expr(Pattern$Node)","4","31"
"Pattern.java:1998 java.util.regex.Pattern.sequence(Pattern$Node)","4","32"
"Pattern.java:2081 java.util.regex.Pattern.atom()","4","33"
"Pattern.java:2200","4","34"
"URNType.java:723","4","26"
"PossessionVerifier.java:116","4","21"
"PossessionVerifier.java:127","4","21"
"VerifierOrchestrator.java:429 eu.prismacloud.primitives.zkpgs.orchestrator.VerifierOrchestrator.computePairWiseVerifiers()","4","19"
"VerifierOrchestrator.java:263 java.lang.ClassLoader.loadClass(String)","4","20"
"ClassLoader.java:357 sun.misc.Launcher$AppClassLoader.loadClass(String, boolean)","4","21"
"Launcher.java:349 java.lang.ClassLoader.loadClass(String, boolean)","4","22"
"ClassLoader.java:411 java.lang.ClassLoader.loadClass(String, boolean)","4","23"
"ClassLoader.java:424","4","24"
"ProvingBenchmark.java:221 eu.prismacloud.primitives.zkpgs.orchestrator.ProverOrchestrator.executePostChallengePhase(BigInteger)","428","17"
"ProverOrchestrator.java:347 eu.prismacloud.primitives.zkpgs.prover.PossessionProver.executePostChallengePhase(BigInteger)","196","18"
"PossessionProver.java:276 eu.prismacloud.primitives.zkpgs.store.URN.createZkpgsURN(String)","48","19"
"URN.java:181 eu.prismacloud.primitives.zkpgs.store.URN.<init>(NamespaceComponent, NamespaceComponent, boolean)","48","20"
"URN.java:39 eu.prismacloud.primitives.zkpgs.store.URNType.parseURNType(String)","48","21"
"URNType.java:708 eu.prismacloud.primitives.zkpgs.store.URNType.parseURNSuffix(String)","48","22"
"URNType.java:723 java.lang.String.matches(String)","48","23"
"String.java:2121 java.util.regex.Pattern.matches(String, CharSequence)","48","24"
"Pattern.java:1133 java.util.regex.Pattern.compile(String)","48","25"
"Pattern.java:1028 java.util.regex.Pattern.<init>(String, int)","48","26"
"Pattern.java:1351 java.util.regex.Pattern.compile()","32","27"
"Pattern.java:1698 java.util.regex.Pattern.expr(Pattern$Node)","24","28"
"Pattern.java:1998 java.util.regex.Pattern.sequence(Pattern$Node)","24","29"
"Pattern.java:2132 java.util.regex.Pattern.atom()","20","30"
"Pattern.java:2228","20","31"
"Pattern.java:2081 java.util.regex.Pattern.atom()","4","30"
"Pattern.java:2200","4","31"
"Pattern.java:1685 java.util.regex.Pattern.RemoveQEQuoting()","8","28"
"Pattern.java:1592","8","29"
"Pattern.java:1351","16","27"
"PossessionProver.java:278 eu.prismacloud.primitives.zkpgs.store.ProofStore.store(String, Object)","44","19"
"ProofStore.java:71 eu.prismacloud.primitives.zkpgs.store.URN.createURN(String, String)","44","20"
"URN.java:161 eu.prismacloud.primitives.zkpgs.store.URN.<init>(NamespaceComponent, NamespaceComponent, boolean)","44","21"
"URN.java:39 eu.prismacloud.primitives.zkpgs.store.URNType.parseURNType(String)","44","22"
"URNType.java:708 eu.prismacloud.primitives.zkpgs.store.URNType.parseURNSuffix(String)","44","23"
"URNType.java:723 java.lang.String.matches(String)","44","24"
"String.java:2121 java.util.regex.Pattern.matches(String, CharSequence)","44","25"
"Pattern.java:1133 java.util.regex.Pattern.compile(String)","36","26"
"Pattern.java:1028 java.util.regex.Pattern.<init>(String, int)","36","27"
"Pattern.java:1351 java.util.regex.Pattern.compile()","20","28"
"Pattern.java:1698 java.util.regex.Pattern.expr(Pattern$Node)","12","29"
"Pattern.java:1998 java.util.regex.Pattern.sequence(Pattern$Node)","12","30"
"Pattern.java:2081 java.util.regex.Pattern.atom()","8","31"
"Pattern.java:2200","8","32"
"Pattern.java:2132 java.util.regex.Pattern.atom()","4","31"
"Pattern.java:2228","4","32"
"Pattern.java:1685 java.util.regex.Pattern.RemoveQEQuoting()","8","29"
"Pattern.java:1592","8","30"
"Pattern.java:1351","16","28"
"Pattern.java:1134 java.util.regex.Pattern.matcher(CharSequence)","8","26"
"Pattern.java:1093 java.util.regex.Matcher.<init>(Pattern, CharSequence)","8","27"
"Matcher.java:229 java.util.regex.Matcher.reset()","8","28"
"Matcher.java:309 java.util.regex.Matcher.getTextLength()","8","29"
"Matcher.java:1283","8","30"
"PossessionProver.java:258 eu.prismacloud.primitives.zkpgs.store.ProofStore.store(String, Object)","36","19"
"ProofStore.java:71 eu.prismacloud.primitives.zkpgs.store.URN.createURN(String, String)","32","20"
"URN.java:161 eu.prismacloud.primitives.zkpgs.store.URN.<init>(NamespaceComponent, NamespaceComponent, boolean)","32","21"
"URN.java:39 eu.prismacloud.primitives.zkpgs.store.URNType.parseURNType(String)","32","22"
"URNType.java:708 eu.prismacloud.primitives.zkpgs.store.URNType.parseURNSuffix(String)","32","23"
"URNType.java:723 java.lang.String.matches(String)","32","24"
"String.java:2121 java.util.regex.Pattern.matches(String, CharSequence)","32","25"
"Pattern.java:1133 java.util.regex.Pattern.compile(String)","24","26"
"Pattern.java:1028 java.util.regex.Pattern.<init>(String, int)","24","27"
"Pattern.java:1351 java.util.regex.Pattern.compile()","20","28"
"Pattern.java:1698 java.util.regex.Pattern.expr(Pattern$Node)","12","29"
"Pattern.java:1998 java.util.regex.Pattern.sequence(Pattern$Node)","12","30"
"Pattern.java:2081 java.util.regex.Pattern.atom()","4","31"
"Pattern.java:2200","4","32"
"Pattern.java:2132 java.util.regex.Pattern.atom()","4","31"
"Pattern.java:2200","4","32"
"Pattern.java:2136","4","31"
"Pattern.java:1718 java.util.regex.Pattern$Start.<init>(Pattern$Node)","8","29"
"Pattern.java:3453 java.util.regex.Pattern$CharProperty.study(Pattern$TreeInfo)","8","30"
"Pattern.java:3788 java.util.regex.Pattern$Curly.study(Pattern$TreeInfo)","8","31"
"Pattern.java:4345 java.util.regex.Pattern$Node.study(Pattern$TreeInfo)","8","32"
"Pattern.java:3419 java.util.regex.Pattern$Node.study(Pattern$TreeInfo)","8","33"
"Pattern.java:3419","8","34"
"Pattern.java:1351","4","28"
"Pattern.java:1134 java.util.regex.Pattern.matcher(CharSequence)","8","26"
"Pattern.java:1093 java.util.regex.Matcher.<init>(Pattern, CharSequence)","8","27"
"Matcher.java:229 java.util.regex.Matcher.reset()","8","28"
"Matcher.java:309 java.util.regex.Matcher.getTextLength()","8","29"
"Matcher.java:1283","8","30"
"ProofStore.java:71 eu.prismacloud.primitives.zkpgs.store.ProofStore.save(URN, Object)","4","20"
"ProofStore.java:59 eu.prismacloud.primitives.zkpgs.store.ProofStore.add(URN, Object)","4","21"
"ProofStore.java:138 java.util.HashMap.put(Object, Object)","4","22"
"HashMap.java:612 java.util.HashMap.putVal(int, Object, Object, boolean, boolean)","4","23"
"HashMap.java:663 java.util.HashMap.resize()","4","24"
"HashMap.java:735","4","25"
"PossessionProver.java:266 eu.prismacloud.primitives.zkpgs.store.ProofStore.retrieve(String)","28","19"
"ProofStore.java:94 eu.prismacloud.primitives.zkpgs.store.URN.createURN(String, String)","28","20"
"URN.java:161 eu.prismacloud.primitives.zkpgs.store.URN.<init>(NamespaceComponent, NamespaceComponent, boolean)","28","21"
"URN.java:39 eu.prismacloud.primitives.zkpgs.store.URNType.parseURNType(String)","28","22"
"URNType.java:708 eu.prismacloud.primitives.zkpgs.store.URNType.parseURNSuffix(String)","28","23"
"URNType.java:723 java.lang.String.matches(String)","24","24"
"String.java:2121 java.util.regex.Pattern.matches(String, CharSequence)","24","25"
"Pattern.java:1133 java.util.regex.Pattern.compile(String)","24","26"
"Pattern.java:1028 java.util.regex.Pattern.<init>(String, int)","24","27"
"Pattern.java:1351 java.util.regex.Pattern.compile()","20","28"
"Pattern.java:1698 java.util.regex.Pattern.expr(Pattern$Node)","20","29"
"Pattern.java:1998 java.util.regex.Pattern.sequence(Pattern$Node)","20","30"
"Pattern.java:2132 java.util.regex.Pattern.atom()","20","31"
"Pattern.java:2235","20","32"
"Pattern.java:1351","4","28"
"URNType.java:723","4","24"
"PossessionProver.java:250 eu.prismacloud.primitives.zkpgs.BaseRepresentation.clone()","8","19"
"BaseRepresentation.java:84 java.lang.Object.clone()","8","20"
"PossessionProver.java:256","8","19"
"PossessionProver.java:265","8","19"
"PossessionProver.java:266","8","19"
"PossessionProver.java:270 eu.prismacloud.primitives.zkpgs.BaseRepresentation.clone()","4","19"
"BaseRepresentation.java:84 java.lang.Object.clone()","4","20"
"PossessionProver.java:246","4","19"
"ProverOrchestrator.java:377 eu.prismacloud.primitives.zkpgs.orchestrator.ProverOrchestrator.createProofSignature()","168","18"
"ProverOrchestrator.java:303 eu.prismacloud.primitives.zkpgs.store.URN.createZkpgsURN(String)","56","19"
"URN.java:181 eu.prismacloud.primitives.zkpgs.store.URN.<init>(NamespaceComponent, NamespaceComponent, boolean)","56","20"
"URN.java:39 eu.prismacloud.primitives.zkpgs.store.URNType.parseURNType(String)","56","21"
"URNType.java:708 eu.prismacloud.primitives.zkpgs.store.URNType.parseURNSuffix(String)","56","22"
"URNType.java:723 java.lang.String.matches(String)","56","23"
"String.java:2121 java.util.regex.Pattern.matches(String, CharSequence)","56","24"
"Pattern.java:1133 java.util.regex.Pattern.compile(String)","48","25"
"Pattern.java:1028 java.util.regex.Pattern.<init>(String, int)","48","26"
"Pattern.java:1351 java.util.regex.Pattern.compile()","32","27"
"Pattern.java:1698 java.util.regex.Pattern.expr(Pattern$Node)","20","28"
"Pattern.java:1998 java.util.regex.Pattern.sequence(Pattern$Node)","20","29"
"Pattern.java:2132 java.util.regex.Pattern.atom()","20","30"
"Pattern.java:2228","12","31"
"Pattern.java:2200","8","31"
"Pattern.java:1685 java.util.regex.Pattern.RemoveQEQuoting()","12","28"
"Pattern.java:1592","12","29"
"Pattern.java:1351","16","27"
"Pattern.java:1134 java.util.regex.Pattern.matcher(CharSequence)","8","25"
"Pattern.java:1093 java.util.regex.Matcher.<init>(Pattern, CharSequence)","8","26"
"Matcher.java:229 java.util.regex.Matcher.reset()","8","27"
"Matcher.java:309 java.util.regex.Matcher.getTextLength()","8","28"
"Matcher.java:1283","8","29"
"ProverOrchestrator.java:286 eu.prismacloud.primitives.zkpgs.store.URN.createZkpgsURN(String)","28","19"
"URN.java:181 eu.prismacloud.primitives.zkpgs.store.URN.<init>(NamespaceComponent, NamespaceComponent, boolean)","28","20"
"URN.java:39 eu.prismacloud.primitives.zkpgs.store.URNType.parseURNType(String)","28","21"
"URNType.java:708 eu.prismacloud.primitives.zkpgs.store.URNType.parseURNSuffix(String)","28","22"
"URNType.java:723 java.lang.String.matches(String)","24","23"
"String.java:2121 java.util.regex.Pattern.matches(String, CharSequence)","24","24"
"Pattern.java:1133 java.util.regex.Pattern.compile(String)","24","25"
"Pattern.java:1028 java.util.regex.Pattern.<init>(String, int)","24","26"
"Pattern.java:1351 java.util.regex.Pattern.compile()","20","27"
"Pattern.java:1698 java.util.regex.Pattern.expr(Pattern$Node)","20","28"
"Pattern.java:1998 java.util.regex.Pattern.sequence(Pattern$Node)","20","29"
"Pattern.java:2132 java.util.regex.Pattern.atom()","20","30"
"Pattern.java:2235","20","31"
"Pattern.java:1351","4","27"
"URNType.java:723","4","23"
"ProverOrchestrator.java:287 eu.prismacloud.primitives.zkpgs.store.ProofStore.retrieve(String)","16","19"
"ProofStore.java:94 eu.prismacloud.primitives.zkpgs.store.URN.createURN(String, String)","16","20"
"URN.java:161 eu.prismacloud.primitives.zkpgs.store.URN.<init>(NamespaceComponent, NamespaceComponent, boolean)","16","21"
"URN.java:39 eu.prismacloud.primitives.zkpgs.store.URNType.parseURNType(String)","16","22"
"URNType.java:708 eu.prismacloud.primitives.zkpgs.store.URNType.parseURNSuffix(String)","16","23"
"URNType.java:723 java.lang.String.matches(String)","16","24"
"String.java:2121 java.util.regex.Pattern.matches(String, CharSequence)","16","25"
"Pattern.java:1133 java.util.regex.Pattern.compile(String)","16","26"
"Pattern.java:1028 java.util.regex.Pattern.<init>(String, int)","16","27"
"Pattern.java:1351 java.util.regex.Pattern.compile()","16","28"
"Pattern.java:1698 java.util.regex.Pattern.expr(Pattern$Node)","8","29"
"Pattern.java:1998 java.util.regex.Pattern.sequence(Pattern$Node)","8","30"
"Pattern.java:2132 java.util.regex.Pattern.atom()","8","31"
"Pattern.java:2228","8","32"
"Pattern.java:1685 java.util.regex.Pattern.RemoveQEQuoting()","8","29"
"Pattern.java:1592","8","30"
"ProverOrchestrator.java:304 eu.prismacloud.primitives.zkpgs.store.ProofStore.retrieve(String)","16","19"
"ProofStore.java:94 eu.prismacloud.primitives.zkpgs.store.ProofStore.get(URN)","8","20"
"ProofStore.java:116 java.util.HashMap.get(Object)","8","21"
"HashMap.java:557 java.util.HashMap.hash(Object)","8","22"
"HashMap.java:339","8","23"
"ProofStore.java:94 eu.prismacloud.primitives.zkpgs.store.URN.createURN(String, String)","8","20"
"URN.java:161 eu.prismacloud.primitives.zkpgs.store.URN.<init>(NamespaceComponent, NamespaceComponent, boolean)","8","21"
"URN.java:39 eu.prismacloud.primitives.zkpgs.store.URNType.parseURNType(String)","8","22"
"URNType.java:708 eu.prismacloud.primitives.zkpgs.store.URNType.parseURNSuffix(String)","8","23"
"URNType.java:723 java.lang.String.matches(String)","8","24"
"String.java:2121 java.util.regex.Pattern.matches(String, CharSequence)","8","25"
"Pattern.java:1134 java.util.regex.Pattern.matcher(CharSequence)","8","26"
"Pattern.java:1093 java.util.regex.Matcher.<init>(Pattern, CharSequence)","8","27"
"Matcher.java:229 java.util.regex.Matcher.reset()","8","28"
"Matcher.java:309 java.util.regex.Matcher.getTextLength()","8","29"
"Matcher.java:1283","8","30"
"ProverOrchestrator.java:291 eu.prismacloud.primitives.zkpgs.store.ProofStore.retrieve(String)","8","19"
"ProofStore.java:94 eu.prismacloud.primitives.zkpgs.store.URN.createURN(String, String)","8","20"
"URN.java:161 eu.prismacloud.primitives.zkpgs.store.URN.<init>(NamespaceComponent, NamespaceComponent, boolean)","8","21"
"URN.java:39 eu.prismacloud.primitives.zkpgs.store.URNType.parseURNType(String)","8","22"
"URNType.java:708 eu.prismacloud.primitives.zkpgs.store.URNType.parseURNSuffix(String)","8","23"
"URNType.java:723 java.lang.StringBuilder.<init>()","8","24"
"StringBuilder.java:89 java.lang.AbstractStringBuilder.<init>(int)","8","25"
"AbstractStringBuilder.java:68","8","26"
"ProverOrchestrator.java:290 eu.prismacloud.primitives.zkpgs.store.URN.createZkpgsURN(String)","8","19"
"URN.java:181 eu.prismacloud.primitives.zkpgs.store.URN.<init>(NamespaceComponent, NamespaceComponent, boolean)","8","20"
"URN.java:39 eu.prismacloud.primitives.zkpgs.store.URNType.parseURNType(String)","8","21"
"URNType.java:708 eu.prismacloud.primitives.zkpgs.store.URNType.parseURNSuffix(String)","8","22"
"URNType.java:723 java.lang.String.matches(String)","8","23"
"String.java:2121 java.util.regex.Pattern.matches(String, CharSequence)","8","24"
"Pattern.java:1133 java.util.regex.Pattern.compile(String)","8","25"
"Pattern.java:1028 java.util.regex.Pattern.<init>(String, int)","8","26"
"Pattern.java:1351 java.util.regex.Pattern.compile()","8","27"
"Pattern.java:1713 java.util.regex.Pattern$Start.<init>(Pattern$Node)","4","28"
"Pattern.java:3453 java.util.regex.Pattern$SliceNode.study(Pattern$TreeInfo)","4","29"
"Pattern.java:3951 java.util.regex.Pattern$Curly.study(Pattern$TreeInfo)","4","30"
"Pattern.java:4345 java.util.regex.Pattern$Node.study(Pattern$TreeInfo)","4","31"
"Pattern.java:3419 java.util.regex.Pattern$Node.study(Pattern$TreeInfo)","4","32"
"Pattern.java:3419","4","33"
"Pattern.java:1685","4","28"
"ProverOrchestrator.java:284","8","19"
"ProverOrchestrator.java:303","8","19"
"ProverOrchestrator.java:302","8","19"
"ProverOrchestrator.java:326 java.lang.ClassLoader.loadClass(String)","4","19"
"ClassLoader.java:357 sun.misc.Launcher$AppClassLoader.loadClass(String, boolean)","4","20"
"Launcher.java:349 java.lang.ClassLoader.loadClass(String, boolean)","4","21"
"ClassLoader.java:424 java.net.URLClassLoader.findClass(String)","4","22"
"URLClassLoader.java:362 java.security.AccessController.doPrivileged(PrivilegedExceptionAction, AccessControlContext)","4","23"
"AccessController.java (native) java.net.URLClassLoader$1.run()","4","24"
"URLClassLoader.java:363 java.net.URLClassLoader$1.run()","4","25"
"URLClassLoader.java:369 java.net.URLClassLoader.access$100(URLClassLoader, String, Resource)","4","26"
"URLClassLoader.java:74 java.net.URLClassLoader.defineClass(String, Resource)","4","27"
"URLClassLoader.java:468 java.security.SecureClassLoader.defineClass(String, byte[], int, int, CodeSource)","4","28"
"SecureClassLoader.java:142 java.lang.ClassLoader.defineClass(String, byte[], int, int, ProtectionDomain)","4","29"
"ClassLoader.java:763 java.lang.ClassLoader.defineClass1(String, byte[], int, int, ProtectionDomain, String)","4","30"
"ProverOrchestrator.java:283","4","19"
"ProverOrchestrator.java:289","4","19"
"ProverOrchestrator.java:356 eu.prismacloud.primitives.zkpgs.prover.AbstractCommitmentProver.executePostChallengePhase(BigInteger)","64","18"
"AbstractCommitmentProver.java:165 eu.prismacloud.primitives.zkpgs.prover.AbstractCommitmentProver.computeResponses(BigInteger)","64","19"
"AbstractCommitmentProver.java:190 eu.prismacloud.primitives.zkpgs.prover.CommitmentProver.getHatRandomnessURN()","28","20"
"CommitmentProver.java:108 eu.prismacloud.primitives.zkpgs.store.URNType.buildURN(URNType, Class, int)","28","21"
"URNType.java:617 eu.prismacloud.primitives.zkpgs.store.URN.createZkpgsURN(String)","24","22"
"URN.java:181 eu.prismacloud.primitives.zkpgs.store.URN.<init>(NamespaceComponent, NamespaceComponent, boolean)","24","23"
"URN.java:39 eu.prismacloud.primitives.zkpgs.store.URNType.parseURNType(String)","24","24"
"URNType.java:708 eu.prismacloud.primitives.zkpgs.store.URNType.parseURNSuffix(String)","24","25"
"URNType.java:723 java.lang.String.matches(String)","12","26"
"String.java:2121 java.util.regex.Pattern.matches(String, CharSequence)","12","27"
"Pattern.java:1133 java.util.regex.Pattern.compile(String)","12","28"
"Pattern.java:1028 java.util.regex.Pattern.<init>(String, int)","12","29"
"Pattern.java:1351","8","30"
"Pattern.java:1351 java.util.regex.Pattern.compile()","4","30"
"Pattern.java:1698 java.util.regex.Pattern.expr(Pattern$Node)","4","31"
"Pattern.java:1998 java.util.regex.Pattern.sequence(Pattern$Node)","4","32"
"Pattern.java:2132 java.util.regex.Pattern.atom()","4","33"
"Pattern.java:2200","4","34"
"URNType.java:723","12","26"
"URNType.java:617 eu.prismacloud.primitives.zkpgs.store.URNType.buildURNComponent(URNType, Class, int)","4","22"
"URNType.java:634 eu.prismacloud.primitives.zkpgs.store.URNType.isURNGoverner(Class)","4","23"
"URNType.java:650 java.lang.Class.getInterfaces()","4","24"
"Class.java:856 java.lang.Object.clone()","4","25"
"AbstractCommitmentProver.java:191 eu.prismacloud.primitives.zkpgs.prover.CommitmentProver.getHatRandomnessURN()","24","20"
"CommitmentProver.java:108 eu.prismacloud.primitives.zkpgs.store.URNType.buildURN(URNType, Class, int)","20","21"
"URNType.java:617 eu.prismacloud.primitives.zkpgs.store.URN.createZkpgsURN(String)","12","22"
"URN.java:181 eu.prismacloud.primitives.zkpgs.store.URN.<init>(NamespaceComponent, NamespaceComponent, boolean)","12","23"
"URN.java:39 eu.prismacloud.primitives.zkpgs.store.URNType.parseURNType(String)","12","24"
"URNType.java:708 eu.prismacloud.primitives.zkpgs.store.URNType.parseURNSuffix(String)","12","25"
"URNType.java:723 java.lang.String.matches(String)","12","26"
"String.java:2121 java.util.regex.Pattern.matches(String, CharSequence)","12","27"
"Pattern.java:1133 java.util.regex.Pattern.compile(String)","12","28"
"Pattern.java:1028 java.util.regex.Pattern.<init>(String, int)","12","29"
"Pattern.java:1351 java.util.regex.Pattern.compile()","12","30"
"Pattern.java:1685 java.util.regex.Pattern.RemoveQEQuoting()","12","31"
"Pattern.java:1592","12","32"
"URNType.java:617 eu.prismacloud.primitives.zkpgs.store.URNType.buildURNComponent(URNType, Class, int)","8","22"
"URNType.java:634 eu.prismacloud.primitives.zkpgs.store.URNType.isURNGoverner(Class)","8","23"
"URNType.java:650 java.lang.Class.getInterfaces()","8","24"
"Class.java:856 java.lang.Object.clone()","8","25"
"CommitmentProver.java:108 java.lang.Object.getClass()","4","21"
"AbstractCommitmentProver.java:191","8","20"
"AbstractCommitmentProver.java:186 eu.prismacloud.primitives.zkpgs.prover.CommitmentProver.getTildeRandomnessURN()","4","20"
"CommitmentProver.java:73 eu.prismacloud.primitives.zkpgs.store.URNType.buildURN(URNType, Class, int)","4","21"
"URNType.java:617 eu.prismacloud.primitives.zkpgs.store.URNType.buildURNComponent(URNType, Class, int)","4","22"
"URNType.java:640 java.lang.Class.getDeclaredField(String)","4","23"
"Class.java:2068 java.lang.Class.searchFields(Field[], String)","4","24"
"Class.java:2956 java.lang.String.intern()","4","25"
"ProvingBenchmark.java:223 eu.prismacloud.primitives.zkpgs.orchestrator.VerifierOrchestrator.receiveProverMessage()","324","17"
"VerifierOrchestrator.java:121 eu.prismacloud.primitives.zkpgs.orchestrator.VerifierOrchestrator.storeProofSignature(Map)","264","18"
"VerifierOrchestrator.java:195 eu.prismacloud.primitives.zkpgs.store.ProofStore.store(String, Object)","56","19"
"ProofStore.java:71 eu.prismacloud.primitives.zkpgs.store.URN.createURN(String, String)","56","20"
"URN.java:161 eu.prismacloud.primitives.zkpgs.store.URN.<init>(NamespaceComponent, NamespaceComponent, boolean)","56","21"
"URN.java:39 eu.prismacloud.primitives.zkpgs.store.URNType.parseURNType(String)","56","22"
"URNType.java:708 eu.prismacloud.primitives.zkpgs.store.URNType.parseURNSuffix(String)","56","23"
"URNType.java:723 java.lang.String.matches(String)","56","24"
"String.java:2121 java.util.regex.Pattern.matches(String, CharSequence)","56","25"
"Pattern.java:1135 java.util.regex.Matcher.matches()","56","26"
"Matcher.java:604 java.util.regex.Matcher.match(int, int)","56","27"
"Matcher.java:1270 java.util.regex.Pattern$Slice.match(Matcher, int, CharSequence)","56","28"
"Pattern.java:3964","48","29"
"Pattern.java:3966","8","29"
"VerifierOrchestrator.java:209 eu.prismacloud.primitives.zkpgs.store.URN.createZkpgsURN(String)","56","19"
"URN.java:181 eu.prismacloud.primitives.zkpgs.store.URN.<init>(NamespaceComponent, NamespaceComponent, boolean)","56","20"
"URN.java:39 eu.prismacloud.primitives.zkpgs.store.URNType.parseURNType(String)","56","21"
"URNType.java:708 eu.prismacloud.primitives.zkpgs.store.URNType.parseURNSuffix(String)","56","22"
"URNType.java:723 java.lang.String.matches(String)","56","23"
"String.java:2121 java.util.regex.Pattern.matches(String, CharSequence)","56","24"
"Pattern.java:1135 java.util.regex.Matcher.matches()","56","25"
"Matcher.java:604 java.util.regex.Matcher.match(int, int)","56","26"
"Matcher.java:1270 java.util.regex.Pattern$Slice.match(Matcher, int, CharSequence)","56","27"
"Pattern.java:3964","32","28"
"Pattern.java:3972","16","28"
"Pattern.java:3966","4","28"
"Pattern.java:3971","4","28"
"VerifierOrchestrator.java:211 eu.prismacloud.primitives.zkpgs.store.ProofStore.store(String, Object)","48","19"
"ProofStore.java:71 eu.prismacloud.primitives.zkpgs.store.URN.createURN(String, String)","48","20"
"URN.java:161 eu.prismacloud.primitives.zkpgs.store.URN.<init>(NamespaceComponent, NamespaceComponent, boolean)","48","21"
"URN.java:39 eu.prismacloud.primitives.zkpgs.store.URNType.parseURNType(String)","48","22"
"URNType.java:708 eu.prismacloud.primitives.zkpgs.store.URNType.parseURNSuffix(String)","48","23"
"URNType.java:723 java.lang.String.matches(String)","48","24"
"String.java:2121 java.util.regex.Pattern.matches(String, CharSequence)","48","25"
"Pattern.java:1135 java.util.regex.Matcher.matches()","48","26"
"Matcher.java:604 java.util.regex.Matcher.match(int, int)","48","27"
"Matcher.java:1270 java.util.regex.Pattern$Slice.match(Matcher, int, CharSequence)","48","28"
"Pattern.java:3964","36","29"
"Pattern.java:3966","8","29"
"Pattern.java:3972","4","29"
"VerifierOrchestrator.java:194 eu.prismacloud.primitives.zkpgs.store.URN.createZkpgsURN(String)","36","19"
"URN.java:181 eu.prismacloud.primitives.zkpgs.store.URN.<init>(NamespaceComponent, NamespaceComponent, boolean)","36","20"
"URN.java:39 eu.prismacloud.primitives.zkpgs.store.URNType.parseURNType(String)","36","21"
"URNType.java:708 eu.prismacloud.primitives.zkpgs.store.URNType.parseURNSuffix(String)","36","22"
"URNType.java:723 java.lang.String.matches(String)","36","23"
"String.java:2121 java.util.regex.Pattern.matches(String, CharSequence)","36","24"
"Pattern.java:1135 java.util.regex.Matcher.matches()","36","25"
"Matcher.java:604 java.util.regex.Matcher.match(int, int)","36","26"
"Matcher.java:1270 java.util.regex.Pattern$Slice.match(Matcher, int, CharSequence)","36","27"
"Pattern.java:3964","36","28"
"VerifierOrchestrator.java:189 eu.prismacloud.primitives.zkpgs.store.ProofStore.store(String, Object)","28","19"
"ProofStore.java:71 eu.prismacloud.primitives.zkpgs.store.URN.createURN(String, String)","28","20"
"URN.java:161 eu.prismacloud.primitives.zkpgs.store.URN.<init>(NamespaceComponent, NamespaceComponent, boolean)","28","21"
"URN.java:39 eu.prismacloud.primitives.zkpgs.store.URNType.parseURNType(String)","28","22"
"URNType.java:708 eu.prismacloud.primitives.zkpgs.store.URNType.parseURNSuffix(String)","28","23"
"URNType.java:723 java.lang.String.matches(String)","28","24"
"String.java:2121 java.util.regex.Pattern.matches(String, CharSequence)","28","25"
"Pattern.java:1135 java.util.regex.Matcher.matches()","28","26"
"Matcher.java:604 java.util.regex.Matcher.match(int, int)","28","27"
"Matcher.java:1270 java.util.regex.Pattern$Slice.match(Matcher, int, CharSequence)","28","28"
"Pattern.java:3964","24","29"
"Pattern.java:3971","4","29"
"VerifierOrchestrator.java:187 eu.prismacloud.primitives.zkpgs.store.URN.createZkpgsURN(String)","28","19"
"URN.java:181 eu.prismacloud.primitives.zkpgs.store.URN.<init>(NamespaceComponent, NamespaceComponent, boolean)","28","20"
"URN.java:39 eu.prismacloud.primitives.zkpgs.store.URNType.parseURNType(String)","28","21"
"URNType.java:708 eu.prismacloud.primitives.zkpgs.store.URNType.parseURNSuffix(String)","28","22"
"URNType.java:723 java.lang.String.matches(String)","28","23"
"String.java:2121 java.util.regex.Pattern.matches(String, CharSequence)","28","24"
"Pattern.java:1135 java.util.regex.Matcher.matches()","28","25"
"Matcher.java:604 java.util.regex.Matcher.match(int, int)","28","26"
"Matcher.java:1270 java.util.regex.Pattern$Slice.match(Matcher, int, CharSequence)","28","27"
"Pattern.java:3964","24","28"
"Pattern.java:3971","4","28"
"VerifierOrchestrator.java:205","8","19"
"VerifierOrchestrator.java:162 eu.prismacloud.primitives.zkpgs.store.ProofStore.store(String, Object)","4","19"
"ProofStore.java:71 eu.prismacloud.primitives.zkpgs.store.URN.createURN(String, String)","4","20"
"URN.java:161 eu.prismacloud.primitives.zkpgs.store.URN.<init>(NamespaceComponent, NamespaceComponent, boolean)","4","21"
"URN.java:39 eu.prismacloud.primitives.zkpgs.store.URNType.parseURNType(String)","4","22"
"URNType.java:708 eu.prismacloud.primitives.zkpgs.store.URNType.parseURNSuffix(String)","4","23"
"URNType.java:723 java.lang.String.matches(String)","4","24"
"String.java:2121 java.util.regex.Pattern.matches(String, CharSequence)","4","25"
"Pattern.java:1135 java.util.regex.Matcher.matches()","4","26"
"Matcher.java:604 java.util.regex.Matcher.match(int, int)","4","27"
"Matcher.java:1270 java.util.regex.Pattern$Slice.match(Matcher, int, CharSequence)","4","28"
"Pattern.java:3964","4","29"
"VerifierOrchestrator.java:117 eu.prismacloud.primitives.zkpgs.orchestrator.VerifierOrchestrator.constructBaseCollection(Map)","60","18"
"VerifierOrchestrator.java:447 eu.prismacloud.primitives.zkpgs.store.URN.matchesPrefix(String)","28","19"
"URN.java:280 java.lang.String.matches(String)","28","20"
"String.java:2121 java.util.regex.Pattern.matches(String, CharSequence)","28","21"
"Pattern.java:1135 java.util.regex.Matcher.matches()","28","22"
"Matcher.java:604 java.util.regex.Matcher.match(int, int)","28","23"
"Matcher.java:1270 java.util.regex.Pattern$Slice.match(Matcher, int, CharSequence)","28","24"
"Pattern.java:3966","16","25"
"Pattern.java:3974","8","25"
"Pattern.java:3964","4","25"
"VerifierOrchestrator.java:467 eu.prismacloud.primitives.zkpgs.keys.ExtendedPublicKey.getEdgeBase(int)","16","19"
"ExtendedPublicKey.java:232 eu.prismacloud.primitives.zkpgs.BaseRepresentation.clone()","8","20"
"BaseRepresentation.java:84 java.lang.Object.clone()","8","21"
"ExtendedPublicKey.java:232 eu.prismacloud.primitives.zkpgs.keys.ExtendedPublicKey.getPrototypeEdgeBase(int)","8","20"
"ExtendedPublicKey.java:196 eu.prismacloud.primitives.zkpgs.store.URNType.buildURN(URNType, Class, int)","4","21"
"URNType.java:617 eu.prismacloud.primitives.zkpgs.store.URNType.buildURNComponent(URNType, Class, int)","4","22"
"URNType.java:634 eu.prismacloud.primitives.zkpgs.store.URNType.isURNGoverner(Class)","4","23"
"URNType.java:650 java.lang.Class.getInterfaces()","4","24"
"Class.java:856 java.lang.Object.clone()","4","25"
"ExtendedPublicKey.java:195","4","21"
"VerifierOrchestrator.java:461 eu.prismacloud.primitives.zkpgs.store.URN.matchesPrefix(String)","8","19"
"URN.java:280 java.lang.String.matches(String)","8","20"
"String.java:2121 java.util.regex.Pattern.matches(String, CharSequence)","8","21"
"Pattern.java:1135 java.util.regex.Matcher.matches()","8","22"
"Matcher.java:604 java.util.regex.Matcher.match(int, int)","8","23"
"Matcher.java:1270 java.util.regex.Pattern$Slice.match(Matcher, int, CharSequence)","8","24"
"Pattern.java:3974 java.util.regex.Pattern$CharProperty.match(Matcher, int, CharSequence)","8","25"
"Pattern.java:3779 java.util.regex.Pattern$Slice.match(Matcher, int, CharSequence)","8","26"
"Pattern.java:3966","8","27"
"VerifierOrchestrator.java:453 eu.prismacloud.primitives.zkpgs.keys.ExtendedPublicKey.getVertexBase(int)","4","19"
"ExtendedPublicKey.java:218 eu.prismacloud.primitives.zkpgs.keys.ExtendedPublicKey.getPrototypeVertexBase(int)","4","20"
"ExtendedPublicKey.java:171","4","21"
"VerifierOrchestrator.java:443","4","19"
"ProvingBenchmark.java:220 eu.prismacloud.primitives.zkpgs.orchestrator.ProverOrchestrator.computeChallenge()","132","17"
"ProverOrchestrator.java:331 eu.prismacloud.primitives.zkpgs.orchestrator.ProverOrchestrator.populateChallengeList()","84","18"
"ProverOrchestrator.java:391 eu.prismacloud.primitives.zkpgs.context.GSContext.computeChallengeContext()","52","19"
"GSContext.java:25 eu.prismacloud.primitives.zkpgs.context.GSContext.addToChallengeContext(List)","52","20"
"GSContext.java:31 eu.prismacloud.primitives.zkpgs.keys.ExtendedPublicKey.addToChallengeContext(List)","52","21"
"ExtendedPublicKey.java:148 eu.prismacloud.primitives.zkpgs.BaseRepresentation.addToChallengeContext(List)","32","22"
"BaseRepresentation.java:102 java.lang.String.valueOf(Object)","32","23"
"String.java:2994 java.math.BigInteger.toString()","32","24"
"BigInteger.java:3959 java.math.BigInteger.toString(int)","32","25"
"BigInteger.java:3798 java.math.BigInteger.smallToString(int)","32","26"
"BigInteger.java:3832 java.math.MutableBigInteger.divide(MutableBigInteger, MutableBigInteger)","12","27"
"MutableBigInteger.java:1147 java.math.MutableBigInteger.divide(MutableBigInteger, MutableBigInteger, boolean)","12","28"
"MutableBigInteger.java:1153 java.math.MutableBigInteger.divideKnuth(MutableBigInteger, MutableBigInteger, boolean)","12","29"
"MutableBigInteger.java:1187","8","30"
"MutableBigInteger.java:1227 java.math.MutableBigInteger.divideMagnitude(MutableBigInteger, MutableBigInteger, boolean)","4","30"
"MutableBigInteger.java:1573","4","31"
"BigInteger.java:3841 java.lang.StringBuilder.<init>(int)","8","27"
"StringBuilder.java:101","8","28"
"BigInteger.java:3833","8","27"
"BigInteger.java:3836 java.lang.Long.toString(long, int)","4","27"
"Long.java:124 java.lang.Long.toString(long)","4","28"
"Long.java:398 java.lang.Long.getChars(long, int, char[])","4","29"
"Long.java:469","4","30"
"ExtendedPublicKey.java:149","16","22"
"ExtendedPublicKey.java:147","4","22"
"ProverOrchestrator.java:406 eu.prismacloud.primitives.zkpgs.store.ProofStore.retrieve(String)","12","19"
"ProofStore.java:94 eu.prismacloud.primitives.zkpgs.store.URN.createURN(String, String)","8","20"
"URN.java:161 eu.prismacloud.primitives.zkpgs.store.URN.<init>(NamespaceComponent, NamespaceComponent, boolean)","8","21"
"URN.java:39 eu.prismacloud.primitives.zkpgs.store.URNType.parseURNType(String)","8","22"
"URNType.java:708 eu.prismacloud.primitives.zkpgs.store.URNType.parseURNSuffix(String)","8","23"
"URNType.java:723 java.lang.String.matches(String)","8","24"
"String.java:2121 java.util.regex.Pattern.matches(String, CharSequence)","8","25"
"Pattern.java:1135 java.util.regex.Matcher.matches()","8","26"
"Matcher.java:604 java.util.regex.Matcher.match(int, int)","8","27"
"Matcher.java:1270 java.util.regex.Pattern$Slice.match(Matcher, int, CharSequence)","8","28"
"Pattern.java:3974 java.util.regex.Pattern$Curly.match(Matcher, int, CharSequence)","8","29"
"Pattern.java:4228","8","30"
"ProofStore.java:94 eu.prismacloud.primitives.zkpgs.store.ProofStore.get(URN)","4","20"
"ProofStore.java:120 java.util.AbstractCollection.toArray()","4","21"
"AbstractCollection.java:141 java.util.HashMap$KeyIterator.next()","4","22"
"HashMap.java:1469","4","23"
"ProverOrchestrator.java:407","12","19"
"ProverOrchestrator.java:416 java.util.Collections.sort(List)","4","19"
"Collections.java:141 java.util.ArrayList.sort(Comparator)","4","20"
"ArrayList.java:1462 java.util.Arrays.sort(Object[], int, int, Comparator)","4","21"
"Arrays.java:1506 java.util.Arrays.sort(Object[], int, int)","4","22"
"Arrays.java:1312 java.util.ComparableTimSort.sort(Object[], int, int, Object[], int, int)","4","23"
"ComparableTimSort.java:213 java.util.ComparableTimSort.mergeCollapse()","4","24"
"ComparableTimSort.java:404 java.util.ComparableTimSort.mergeAt(int)","4","25"
"ComparableTimSort.java:483 java.util.ComparableTimSort.mergeHi(int, int, int, int)","4","26"
"ComparableTimSort.java:814","4","27"
"ProverOrchestrator.java:406","4","19"
"ProverOrchestrator.java:334 eu.prismacloud.primitives.zkpgs.util.CryptoUtilsFacade.computeHash(List, int)","48","18"
"CryptoUtilsFacade.java:76 eu.prismacloud.primitives.zkpgs.util.GSUtils.computeHash(List, int)","48","19"
"GSUtils.java:600 java.security.MessageDigest.update(byte[])","16","20"
"MessageDigest.java:335 java.security.MessageDigest$Delegate.engineUpdate(byte[], int, int)","16","21"
"MessageDigest.java:584 sun.security.provider.DigestBase.engineUpdate(byte[], int, int)","16","22"
"DigestBase.java:128","8","23"
"DigestBase.java:128 sun.security.provider.DigestBase.implCompressMultiBlock(byte[], int, int)","4","23"
"DigestBase.java:141 sun.security.provider.SHA2.implCompress(byte[], int)","4","24"
"SHA2.java:201","4","25"
"DigestBase.java:121 sun.security.provider.SHA2.implCompress(byte[], int)","4","23"
"SHA2.java:215","4","24"
"GSUtils.java:601","12","20"
"GSUtils.java:600","12","20"
"GSUtils.java:600 java.lang.String.getBytes(Charset)","4","20"
"String.java:941 java.lang.StringCoding.encode(Charset, char[], int, int)","4","21"
"StringCoding.java:348 sun.nio.cs.UTF_8.newEncoder()","4","22"
"UTF_8.java:72 sun.nio.cs.UTF_8$Encoder.<init>(Charset, UTF_8$1)","4","23"
"UTF_8.java:554 sun.nio.cs.UTF_8$Encoder.<init>(Charset)","4","24"
"UTF_8.java:558 java.nio.charset.CharsetEncoder.<init>(Charset, float, float)","4","25"
"CharsetEncoder.java:233","4","26"
"GSUtils.java:597 java.security.MessageDigest.getInstance(String)","4","20"
"MessageDigest.java:167 java.security.Security.getImpl(String, String, String)","4","21"
"Security.java:695 sun.security.jca.GetInstance.getInstance(String, Class, String)","4","22"
"GetInstance.java:164 sun.security.jca.GetInstance.getInstance(Provider$Service, Class)","4","23"
"GetInstance.java:236 java.security.Provider$Service.newInstance(Object)","4","24"
"Provider.java:1595 java.lang.reflect.Constructor.newInstance(Object[])","4","25"
"Constructor.java:411 sun.reflect.Reflection.quickCheckMemberAccess(Class, int)","4","26"
"Reflection.java:84 sun.reflect.Reflection.getClassAccessFlags(Class)","4","27"
"ProvingBenchmark.java:225 eu.prismacloud.primitives.zkpgs.orchestrator.VerifierOrchestrator.computeChallenge()","88","17"
"VerifierOrchestrator.java:284 eu.prismacloud.primitives.zkpgs.orchestrator.VerifierOrchestrator.populateChallengeList()","72","18"
"VerifierOrchestrator.java:320 eu.prismacloud.primitives.zkpgs.store.ProofStore.retrieve(String)","32","19"
"ProofStore.java:94 eu.prismacloud.primitives.zkpgs.store.URN.createURN(String, String)","32","20"
"URN.java:161 eu.prismacloud.primitives.zkpgs.store.URN.<init>(NamespaceComponent, NamespaceComponent, boolean)","32","21"
"URN.java:39 eu.prismacloud.primitives.zkpgs.store.URNType.parseURNType(String)","32","22"
"URNType.java:708 eu.prismacloud.primitives.zkpgs.store.URNType.parseURNSuffix(String)","32","23"
"URNType.java:723 java.lang.String.matches(String)","32","24"
"String.java:2121 java.util.regex.Pattern.matches(String, CharSequence)","32","25"
"Pattern.java:1133 java.util.regex.Pattern.compile(String)","32","26"
"Pattern.java:1028 java.util.regex.Pattern.<init>(String, int)","32","27"
"Pattern.java:1351","20","28"
"Pattern.java:1351 java.util.regex.Pattern.compile()","12","28"
"Pattern.java:1698 java.util.regex.Pattern.expr(Pattern$Node)","12","29"
"Pattern.java:1998 java.util.regex.Pattern.sequence(Pattern$Node)","12","30"
"Pattern.java:2132 java.util.regex.Pattern.atom()","12","31"
"Pattern.java:2200","8","32"
"Pattern.java:2235","4","32"
"VerifierOrchestrator.java:303 eu.prismacloud.primitives.zkpgs.context.GSContext.computeChallengeContext()","24","19"
"GSContext.java:25 eu.prismacloud.primitives.zkpgs.context.GSContext.addToChallengeContext(List)","24","20"
"GSContext.java:31 eu.prismacloud.primitives.zkpgs.keys.ExtendedPublicKey.addToChallengeContext(List)","24","21"
"ExtendedPublicKey.java:148 eu.prismacloud.primitives.zkpgs.BaseRepresentation.addToChallengeContext(List)","16","22"
"BaseRepresentation.java:102 java.lang.String.valueOf(Object)","16","23"
"String.java:2994 java.math.BigInteger.toString()","16","24"
"BigInteger.java:3959 java.math.BigInteger.toString(int)","16","25"
"BigInteger.java:3798 java.math.BigInteger.smallToString(int)","16","26"
"BigInteger.java:3832 java.math.MutableBigInteger.divide(MutableBigInteger, MutableBigInteger)","16","27"
"MutableBigInteger.java:1147 java.math.MutableBigInteger.divide(MutableBigInteger, MutableBigInteger, boolean)","16","28"
"MutableBigInteger.java:1153 java.math.MutableBigInteger.divideKnuth(MutableBigInteger, MutableBigInteger, boolean)","16","29"
"MutableBigInteger.java:1227","16","30"
"ExtendedPublicKey.java:149","8","22"
"VerifierOrchestrator.java:309","8","19"
"VerifierOrchestrator.java:323","4","19"
"VerifierOrchestrator.java:321","4","19"
"VerifierOrchestrator.java:286 eu.prismacloud.primitives.zkpgs.util.CryptoUtilsFacade.computeHash(List, int)","16","18"
"CryptoUtilsFacade.java:76 eu.prismacloud.primitives.zkpgs.util.GSUtils.computeHash(List, int)","16","19"
"GSUtils.java:601","12","20"
"GSUtils.java:600","4","20"
"ProvingBenchmark_ProvingVerifyingBenchmark_compute_jmhTest.java:680 eu.prismacloud.primitives.grs.bench.ProvingBenchmark$ProvingVerifyingBenchmark.setup()","1224","16"
"ProvingBenchmark.java:211 eu.prismacloud.primitives.grs.bench.GSBenchmark.setup()","1224","17"
"GSBenchmark.java:126 eu.prismacloud.primitives.zkpgs.orchestrator.ProverOrchestrator.init()","444","18"
"ProverOrchestrator.java:118 eu.prismacloud.primitives.zkpgs.prover.GSProver.computeCommitments(BaseIterator)","424","19"
"GSProver.java:69 eu.prismacloud.primitives.zkpgs.util.crypto.QRElement.modPow(BigInteger)","192","20"
"QRElement.java:15 eu.prismacloud.primitives.zkpgs.util.crypto.QRElement.modPow(BigInteger)","192","21"
"QRElement.java:108 java.math.BigInteger.modPow(BigInteger, BigInteger)","192","22"
"BigInteger.java:2603 java.math.BigInteger.oddModPow(BigInteger, BigInteger)","156","23"
"BigInteger.java:2940","64","24"
"BigInteger.java:2928","20","24"
"BigInteger.java:2790 java.lang.Object.clone()","16","24"
"BigInteger.java:2941","16","24"
"BigInteger.java:2938","12","24"
"BigInteger.java:2838 java.math.MutableBigInteger.divide(MutableBigInteger, MutableBigInteger)","8","24"
"MutableBigInteger.java:1147 java.math.MutableBigInteger.divide(MutableBigInteger, MutableBigInteger, boolean)","8","25"
"MutableBigInteger.java:1153 java.math.MutableBigInteger.divideKnuth(MutableBigInteger, MutableBigInteger, boolean)","8","26"
"MutableBigInteger.java:1227 java.math.MutableBigInteger.divideMagnitude(MutableBigInteger, MutableBigInteger, boolean)","8","27"
"MutableBigInteger.java:1487","8","28"
"BigInteger.java:2924 java.lang.Object.clone()","4","24"
"BigInteger.java:2953 java.math.BigInteger.<init>(int, int[])","4","24"
"BigInteger.java:379 java.math.BigInteger.stripLeadingZeroInts(int[])","4","25"
"BigInteger.java:4217","4","26"
"BigInteger.java:2830 java.math.BigInteger.leftShift(int[], int, int)","4","24"
"BigInteger.java:2468","4","25"
"BigInteger.java:2898","4","24"
"BigInteger.java:2929","4","24"
"BigInteger.java:2645 java.math.BigInteger.modInverse(BigInteger)","28","23"
"BigInteger.java:3154 java.math.MutableBigInteger.mutableModInverse(MutableBigInteger)","28","24"
"MutableBigInteger.java:1982 java.math.MutableBigInteger.modInverse(MutableBigInteger)","28","25"
"MutableBigInteger.java:2140 java.math.MutableBigInteger.getLowestSetBit()","8","26"
"MutableBigInteger.java:359","8","27"
"MutableBigInteger.java:2141 java.math.MutableBigInteger.rightShift(int)","4","26"
"MutableBigInteger.java:545 java.math.BigInteger.bitLengthForInt(int)","4","27"
"BigInteger.java:2450","4","28"
"MutableBigInteger.java:2147 java.math.SignedMutableBigInteger.signedAdd(MutableBigInteger)","4","26"
"SignedMutableBigInteger.java:97","4","27"
"MutableBigInteger.java:2143","4","26"
"MutableBigInteger.java:2124","4","26"
"MutableBigInteger.java:2132","4","26"
"BigInteger.java:2603","8","23"
"GSProver.java:70 eu.prismacloud.primitives.zkpgs.commitment.GSCommitment.createCommitment(BigInteger, ExtendedPublicKey)","140","20"
"GSCommitment.java:97 eu.prismacloud.primitives.zkpgs.util.crypto.QRElement.modPow(BigInteger)","124","21"
"QRElement.java:15 eu.prismacloud.primitives.zkpgs.util.crypto.QRElement.modPow(BigInteger)","124","22"
"QRElement.java:108 java.math.BigInteger.modPow(BigInteger, BigInteger)","124","23"
"BigInteger.java:2603 java.math.BigInteger.oddModPow(BigInteger, BigInteger)","104","24"
"BigInteger.java:2940","44","25"
"BigInteger.java:2928","20","25"
"BigInteger.java:2941","16","25"
"BigInteger.java:2938","12","25"
"BigInteger.java:2790 java.lang.Object.clone()","4","25"
"BigInteger.java:2953 java.math.BigInteger.<init>(int, int[])","4","25"
"BigInteger.java:378","4","26"
"BigInteger.java:2949 java.math.BigInteger.montReduce(int[], int[], int, int)","4","25"
"BigInteger.java:2967 java.math.BigInteger.mulAdd(int[], int[], int, int, int)","4","26"
"BigInteger.java:3017","4","27"
"BigInteger.java:2645 java.math.BigInteger.modInverse(BigInteger)","16","24"
"BigInteger.java:3154 java.math.MutableBigInteger.mutableModInverse(MutableBigInteger)","16","25"
"MutableBigInteger.java:1982 java.math.MutableBigInteger.modInverse(MutableBigInteger)","12","26"
"MutableBigInteger.java:2133 java.math.SignedMutableBigInteger.signedSubtract(SignedMutableBigInteger)","4","27"
"SignedMutableBigInteger.java:111","4","28"
"MutableBigInteger.java:2136","4","27"
"MutableBigInteger.java:2141","4","27"
"MutableBigInteger.java:1982","4","26"
"BigInteger.java:2592","4","24"
"GSCommitment.java:90 eu.prismacloud.primitives.zkpgs.util.CryptoUtilsFacade.computeRandomNumberMinusPlus(int)","12","21"
"CryptoUtilsFacade.java:35 eu.prismacloud.primitives.zkpgs.util.GSUtils.randomMinusPlusNumber(int)","12","22"
"GSUtils.java:68 java.math.BigInteger.<init>(int, Random)","12","23"
"BigInteger.java:623 java.math.BigInteger.randomBits(int, Random)","12","24"
"BigInteger.java:634 java.security.SecureRandom.nextBytes(byte[])","12","25"
"SecureRandom.java:468 sun.security.provider.NativePRNG.engineNextBytes(byte[])","12","26"
"NativePRNG.java:220 sun.security.provider.NativePRNG$RandomIO.access$400(NativePRNG$RandomIO, byte[])","12","27"
"NativePRNG.java:331 sun.security.provider.NativePRNG$RandomIO.implNextBytes(byte[])","12","28"
"NativePRNG.java:534 sun.security.provider.SecureRandom.engineNextBytes(byte[])","8","29"
"SecureRandom.java:244 java.security.MessageDigest.digest()","4","30"
"MessageDigest.java:365 java.security.MessageDigest$Delegate.engineDigest()","4","31"
"MessageDigest.java:592 sun.security.provider.DigestBase.engineDigest()","4","32"
"DigestBase.java:160","4","33"
"SecureRandom.java:243","4","30"
"NativePRNG.java:544 sun.security.provider.NativePRNG$RandomIO.ensureBufferValid()","4","29"
"NativePRNG.java:482 java.lang.System.currentTimeMillis()","4","30"
"GSCommitment.java:103","4","21"
"GSProver.java:75 eu.prismacloud.primitives.zkpgs.store.ProofStore.store(String, Object)","28","20"
"ProofStore.java:71 eu.prismacloud.primitives.zkpgs.store.URN.createURN(String, String)","20","21"
"URN.java:161 eu.prismacloud.primitives.zkpgs.store.URN.<init>(NamespaceComponent, NamespaceComponent, boolean)","16","22"
"URN.java:39 eu.prismacloud.primitives.zkpgs.store.URNType.parseURNType(String)","16","23"
"URNType.java:708 eu.prismacloud.primitives.zkpgs.store.URN.parseSuffix(String)","8","24"
"URN.java:309 java.util.StringTokenizer.hasMoreTokens()","8","25"
"StringTokenizer.java:323 java.util.StringTokenizer.skipDelimiters(int)","8","26"
"StringTokenizer.java:252 java.lang.String.indexOf(int)","8","27"
"String.java:1503","8","28"
"URNType.java:708 eu.prismacloud.primitives.zkpgs.store.URNType.parseURNSuffix(String)","8","24"
"URNType.java:723 java.lang.String.matches(String)","8","25"
"String.java:2121 java.util.regex.Pattern.matches(String, CharSequence)","8","26"
"Pattern.java:1134 java.util.regex.Pattern.matcher(CharSequence)","8","27"
"Pattern.java:1093 java.util.regex.Matcher.<init>(Pattern, CharSequence)","8","28"
"Matcher.java:229 java.util.regex.Matcher.reset()","8","29"
"Matcher.java:309 java.util.regex.Matcher.getTextLength()","8","30"
"Matcher.java:1283","8","31"
"URN.java:159 eu.prismacloud.primitives.zkpgs.util.NamespaceComponent.fromString(String, NamespaceComponent$Type)","4","22"
"NamespaceComponent.java:48 eu.prismacloud.primitives.zkpgs.util.NamespaceComponent.validate(String, NamespaceComponent$Type)","4","23"
"NamespaceComponent.java:62 eu.prismacloud.primitives.zkpgs.util.NamespaceComponent.validateNSS(String)","4","24"
"NamespaceComponent.java:75 java.util.regex.Matcher.matches()","4","25"
"Matcher.java:604 java.util.regex.Matcher.match(int, int)","4","26"
"Matcher.java:1270 java.util.regex.Pattern$Begin.match(Matcher, int, CharSequence)","4","27"
"Pattern.java:3527 java.util.regex.Pattern$Prolog.match(Matcher, int, CharSequence)","4","28"
"Pattern.java:4743 java.util.regex.Pattern$Loop.matchInit(Matcher, int, CharSequence)","4","29"
"Pattern.java:4803 java.util.regex.Pattern$GroupHead.match(Matcher, int, CharSequence)","4","30"
"Pattern.java:4660 java.util.regex.Pattern$Branch.match(Matcher, int, CharSequence)","4","31"
"Pattern.java:4606 java.util.regex.Pattern$CharProperty.match(Matcher, int, CharSequence)","4","32"
"Pattern.java:3779 java.util.regex.Pattern$BranchConn.match(Matcher, int, CharSequence)","4","33"
"Pattern.java:4570 java.util.regex.Pattern$GroupTail.match(Matcher, int, CharSequence)","4","34"
"Pattern.java:4719 java.util.regex.Pattern$Loop.match(Matcher, int, CharSequence)","4","35"
"Pattern.java:4787 java.util.regex.Pattern$GroupHead.match(Matcher, int, CharSequence)","4","36"
"Pattern.java:4660 java.util.regex.Pattern$Branch.match(Matcher, int, CharSequence)","4","37"
"Pattern.java:4606 java.util.regex.Pattern$CharProperty.match(Matcher, int, CharSequence)","4","38"
"Pattern.java:3779 java.util.regex.Pattern$BranchConn.match(Matcher, int, CharSequence)","4","39"
"Pattern.java:4570 java.util.regex.Pattern$GroupTail.match(Matcher, int, CharSequence)","4","40"
"Pattern.java:4719 java.util.regex.Pattern$Loop.match(Matcher, int, CharSequence)","4","41"
"Pattern.java:4787 java.util.regex.Pattern$GroupHead.match(Matcher, int, CharSequence)","4","42"
"Pattern.java:4660 java.util.regex.Pattern$Branch.match(Matcher, int, CharSequence)","4","43"
"Pattern.java:4606 java.util.regex.Pattern$CharProperty.match(Matcher, int, CharSequence)","4","44"
"Pattern.java:3779 java.util.regex.Pattern$BranchConn.match(Matcher, int, CharSequence)","4","45"
"Pattern.java:4570 java.util.regex.Pattern$GroupTail.match(Matcher, int, CharSequence)","4","46"
"Pattern.java:4719 java.util.regex.Pattern$Loop.match(Matcher, int, CharSequence)","4","47"
"Pattern.java:4787 java.util.regex.Pattern$GroupHead.match(Matcher, int, CharSequence)","4","48"
"Pattern.java:4660 java.util.regex.Pattern$Branch.match(Matcher, int, CharSequence)","4","49"
"Pattern.java:4606 java.util.regex.Pattern$CharProperty.match(Matcher, int, CharSequence)","4","50"
"Pattern.java:3779 java.util.regex.Pattern$BranchConn.match(Matcher, int, CharSequence)","4","51"
"Pattern.java:4570 java.util.regex.Pattern$GroupTail.match(Matcher, int, CharSequence)","4","52"
"Pattern.java:4719 java.util.regex.Pattern$Loop.match(Matcher, int, CharSequence)","4","53"
"Pattern.java:4787 java.util.regex.Pattern$GroupHead.match(Matcher, int, CharSequence)","4","54"
"Pattern.java:4660 java.util.regex.Pattern$Branch.match(Matcher, int, CharSequence)","4","55"
"Pattern.java:4606 java.util.regex.Pattern$CharProperty.match(Matcher, int, CharSequence)","4","56"
"Pattern.java:3779 java.util.regex.Pattern$BranchConn.match(Matcher, int, CharSequence)","4","57"
"Pattern.java:4570 java.util.regex.Pattern$GroupTail.match(Matcher, int, CharSequence)","4","58"
"Pattern.java:4719 java.util.regex.Pattern$Loop.match(Matcher, int, CharSequence)","4","59"
"Pattern.java:4787 java.util.regex.Pattern$GroupHead.match(Matcher, int, CharSequence)","4","60"
"Pattern.java:4660 java.util.regex.Pattern$Branch.match(Matcher, int, CharSequence)","4","61"
"Pattern.java:4606 java.util.regex.Pattern$CharProperty.match(Matcher, int, CharSequence)","4","62"
"Pattern.java:3779 java.util.regex.Pattern$BranchConn.match(Matcher, int, CharSequence)","4","63"
"Pattern.java:4570 java.util.regex.Pattern$GroupTail.match(Matcher, int, CharSequence)","4","64"
"Pattern.java:4719 java.util.regex.Pattern$Loop.match(Matcher, int, CharSequence)","4","65"
"Pattern.java:4787 java.util.regex.Pattern$GroupHead.match(Matcher, int, CharSequence)","4","66"
"Pattern.java:4660 java.util.regex.Pattern$Branch.match(Matcher, int, CharSequence)","4","67"
"Pattern.java:4606 java.util.regex.Pattern$CharProperty.match(Matcher, int, CharSequence)","4","68"
"Pattern.java:3779 java.util.regex.Pattern$BranchConn.match(Matcher, int, CharSequence)","4","69"
"Pattern.java:4570 java.util.regex.Pattern$GroupTail.match(Matcher, int, CharSequence)","4","70"
"Pattern.java:4719 java.util.regex.Pattern$Loop.match(Matcher, int, CharSequence)","4","71"
"Pattern.java:4787 java.util.regex.Pattern$GroupHead.match(Matcher, int, CharSequence)","4","72"
"Pattern.java:4660 java.util.regex.Pattern$Branch.match(Matcher, int, CharSequence)","4","73"
"Pattern.java:4606 java.util.regex.Pattern$CharProperty.match(Matcher, int, CharSequence)","4","74"
"Pattern.java:3779 java.util.regex.Pattern$BranchConn.match(Matcher, int, CharSequence)","4","75"
"Pattern.java:4570 java.util.regex.Pattern$GroupTail.match(Matcher, int, CharSequence)","4","76"
"Pattern.java:4719 java.util.regex.Pattern$Loop.match(Matcher, int, CharSequence)","4","77"
"Pattern.java:4787 java.util.regex.Pattern$GroupHead.match(Matcher, int, CharSequence)","4","78"
"Pattern.java:4660 java.util.regex.Pattern$Branch.match(Matcher, int, CharSequence)","4","79"
"Pattern.java:4606 java.util.regex.Pattern$CharProperty.match(Matcher, int, CharSequence)","4","80"
"Pattern.java:3779 java.util.regex.Pattern$BranchConn.match(Matcher, int, CharSequence)","4","81"
"Pattern.java:4570 java.util.regex.Pattern$GroupTail.match(Matcher, int, CharSequence)","4","82"
"Pattern.java:4719 java.util.regex.Pattern$Loop.match(Matcher, int, CharSequence)","4","83"
"Pattern.java:4787 java.util.regex.Pattern$GroupHead.match(Matcher, int, CharSequence)","4","84"
"Pattern.java:4660 java.util.regex.Pattern$Branch.match(Matcher, int, CharSequence)","4","85"
"Pattern.java:4606 java.util.regex.Pattern$CharProperty.match(Matcher, int, CharSequence)","4","86"
"Pattern.java:3779 java.util.regex.Pattern$BranchConn.match(Matcher, int, CharSequence)","4","87"
"Pattern.java:4570 java.util.regex.Pattern$GroupTail.match(Matcher, int, CharSequence)","4","88"
"Pattern.java:4719 java.util.regex.Pattern$Loop.match(Matcher, int, CharSequence)","4","89"
"Pattern.java:4787 java.util.regex.Pattern$GroupHead.match(Matcher, int, CharSequence)","4","90"
"Pattern.java:4660 java.util.regex.Pattern$Branch.match(Matcher, int, CharSequence)","4","91"
"Pattern.java:4606 java.util.regex.Pattern$CharProperty.match(Matcher, int, CharSequence)","4","92"
"Pattern.java:3779 java.util.regex.Pattern$BranchConn.match(Matcher, int, CharSequence)","4","93"
"Pattern.java:4570 java.util.regex.Pattern$GroupTail.match(Matcher, int, CharSequence)","4","94"
"Pattern.java:4720","4","95"
"ProofStore.java:71 eu.prismacloud.primitives.zkpgs.store.ProofStore.save(URN, Object)","8","21"
"ProofStore.java:59 eu.prismacloud.primitives.zkpgs.store.ProofStore.add(URN, Object)","8","22"
"ProofStore.java:141 java.util.HashSet.add(Object)","4","23"
"HashSet.java:220 java.util.HashMap.put(Object, Object)","4","24"
"HashMap.java:612 java.util.HashMap.hash(Object)","4","25"
"HashMap.java:339 java.lang.Object.hashCode()","4","26"
"ProofStore.java:131","4","23"
"GSProver.java:67 eu.prismacloud.primitives.zkpgs.util.CryptoUtilsFacade.computeRandomNumberMinusPlus(int)","24","20"
"CryptoUtilsFacade.java:35 eu.prismacloud.primitives.zkpgs.util.GSUtils.randomMinusPlusNumber(int)","24","21"
"GSUtils.java:68 java.math.BigInteger.<init>(int, Random)","24","22"
"BigInteger.java:623 java.math.BigInteger.randomBits(int, Random)","24","23"
"BigInteger.java:634 java.security.SecureRandom.nextBytes(byte[])","24","24"
"SecureRandom.java:468 sun.security.provider.NativePRNG.engineNextBytes(byte[])","24","25"
"NativePRNG.java:220 sun.security.provider.NativePRNG$RandomIO.access$400(NativePRNG$RandomIO, byte[])","24","26"
"NativePRNG.java:331 sun.security.provider.NativePRNG$RandomIO.implNextBytes(byte[])","24","27"
"NativePRNG.java:544 sun.security.provider.NativePRNG$RandomIO.ensureBufferValid()","16","28"
"NativePRNG.java:482 java.lang.System.currentTimeMillis()","8","29"
"NativePRNG.java:525 sun.security.provider.NativePRNG$RandomIO.readFully(InputStream, byte[])","8","29"
"NativePRNG.java:424 java.io.FileInputStream.read(byte[], int, int)","8","30"
"FileInputStream.java:255 java.io.FileInputStream.readBytes(byte[], int, int)","8","31"
"NativePRNG.java:534 sun.security.provider.SecureRandom.engineNextBytes(byte[])","8","28"
"SecureRandom.java:244 java.security.MessageDigest.digest()","4","29"
"MessageDigest.java:365 java.security.MessageDigest$Delegate.engineDigest()","4","30"
"MessageDigest.java:592 sun.security.provider.DigestBase.engineDigest()","4","31"
"DigestBase.java:162 sun.security.provider.DigestBase.engineDigest(byte[], int, int)","4","32"
"DigestBase.java:183 sun.security.provider.SHA.implDigest(byte[], int)","4","33"
"SHA.java:107 sun.security.provider.SHA.implCompress(byte[], int)","4","34"
"SHA.java:126 sun.security.provider.ByteArrayAccess.b2iBig64(byte[], int, int[])","4","35"
"ByteArrayAccess.java:283 sun.misc.Unsafe.getInt(Object, long)","4","36"
"SecureRandom.java:243 java.security.MessageDigest.update(byte[])","4","29"
"MessageDigest.java:335 java.security.MessageDigest$Delegate.engineUpdate(byte[], int, int)","4","30"
"MessageDigest.java:584 sun.security.provider.DigestBase.engineUpdate(byte[], int, int)","4","31"
"DigestBase.java:133 java.lang.System.arraycopy(Object, int, Object, int, int)","4","32"
"GSProver.java:74 eu.prismacloud.primitives.zkpgs.store.URN.createURN(String, String)","20","20"
"URN.java:161 eu.prismacloud.primitives.zkpgs.store.URN.<init>(NamespaceComponent, NamespaceComponent, boolean)","12","21"
"URN.java:40 eu.prismacloud.primitives.zkpgs.store.URNType.getClass(URNType)","8","22"
"URNType.java:329","8","23"
"URN.java:39 eu.prismacloud.primitives.zkpgs.store.URNType.parseURNType(String)","4","22"
"URNType.java:708 eu.prismacloud.primitives.zkpgs.store.URNType.parseURNSuffix(String)","4","23"
"URNType.java:723 java.lang.String.matches(String)","4","24"
"String.java:2121 java.util.regex.Pattern.matches(String, CharSequence)","4","25"
"Pattern.java:1133 java.util.regex.Pattern.compile(String)","4","26"
"Pattern.java:1028 java.util.regex.Pattern.<init>(String, int)","4","27"
"Pattern.java:1351 java.util.regex.Pattern.compile()","4","28"
"Pattern.java:1718 java.util.regex.Pattern$Start.<init>(Pattern$Node)","4","29"
"Pattern.java:3453 java.util.regex.Pattern$CharProperty.study(Pattern$TreeInfo)","4","30"
"Pattern.java:3788 java.util.regex.Pattern$Curly.study(Pattern$TreeInfo)","4","31"
"Pattern.java:4321","4","32"
"URN.java:159 eu.prismacloud.primitives.zkpgs.util.NamespaceComponent.fromString(String, NamespaceComponent$Type)","8","21"
"NamespaceComponent.java:48 eu.prismacloud.primitives.zkpgs.util.NamespaceComponent.validate(String, NamespaceComponent$Type)","8","22"
"NamespaceComponent.java:62 eu.prismacloud.primitives.zkpgs.util.NamespaceComponent.validateNSS(String)","8","23"
"NamespaceComponent.java:75 java.util.regex.Matcher.matches()","8","24"
"Matcher.java:604 java.util.regex.Matcher.match(int, int)","8","25"
"Matcher.java:1270 java.util.regex.Pattern$Begin.match(Matcher, int, CharSequence)","8","26"
"Pattern.java:3527 java.util.regex.Pattern$Prolog.match(Matcher, int, CharSequence)","8","27"
"Pattern.java:4743 java.util.regex.Pattern$Loop.matchInit(Matcher, int, CharSequence)","8","28"
"Pattern.java:4803 java.util.regex.Pattern$GroupHead.match(Matcher, int, CharSequence)","8","29"
"Pattern.java:4660 java.util.regex.Pattern$Branch.match(Matcher, int, CharSequence)","8","30"
"Pattern.java:4606 java.util.regex.Pattern$CharProperty.match(Matcher, int, CharSequence)","8","31"
"Pattern.java:3779 java.util.regex.Pattern$BranchConn.match(Matcher, int, CharSequence)","8","32"
"Pattern.java:4570 java.util.regex.Pattern$GroupTail.match(Matcher, int, CharSequence)","8","33"
"Pattern.java:4719 java.util.regex.Pattern$Loop.match(Matcher, int, CharSequence)","8","34"
"Pattern.java:4787 java.util.regex.Pattern$GroupHead.match(Matcher, int, CharSequence)","8","35"
"Pattern.java:4660 java.util.regex.Pattern$Branch.match(Matcher, int, CharSequence)","8","36"
"Pattern.java:4606 java.util.regex.Pattern$CharProperty.match(Matcher, int, CharSequence)","8","37"
"Pattern.java:3779 java.util.regex.Pattern$BranchConn.match(Matcher, int, CharSequence)","8","38"
"Pattern.java:4570 java.util.regex.Pattern$GroupTail.match(Matcher, int, CharSequence)","8","39"
"Pattern.java:4719 java.util.regex.Pattern$Loop.match(Matcher, int, CharSequence)","8","40"
"Pattern.java:4787 java.util.regex.Pattern$GroupHead.match(Matcher, int, CharSequence)","8","41"
"Pattern.java:4660 java.util.regex.Pattern$Branch.match(Matcher, int, CharSequence)","8","42"
"Pattern.java:4606 java.util.regex.Pattern$CharProperty.match(Matcher, int, CharSequence)","8","43"
"Pattern.java:3779 java.util.regex.Pattern$BranchConn.match(Matcher, int, CharSequence)","8","44"
"Pattern.java:4570 java.util.regex.Pattern$GroupTail.match(Matcher, int, CharSequence)","8","45"
"Pattern.java:4719 java.util.regex.Pattern$Loop.match(Matcher, int, CharSequence)","8","46"
"Pattern.java:4787 java.util.regex.Pattern$GroupHead.match(Matcher, int, CharSequence)","8","47"
"Pattern.java:4660 java.util.regex.Pattern$Branch.match(Matcher, int, CharSequence)","8","48"
"Pattern.java:4606 java.util.regex.Pattern$CharProperty.match(Matcher, int, CharSequence)","8","49"
"Pattern.java:3779 java.util.regex.Pattern$BranchConn.match(Matcher, int, CharSequence)","8","50"
"Pattern.java:4570 java.util.regex.Pattern$GroupTail.match(Matcher, int, CharSequence)","8","51"
"Pattern.java:4719 java.util.regex.Pattern$Loop.match(Matcher, int, CharSequence)","8","52"
"Pattern.java:4787 java.util.regex.Pattern$GroupHead.match(Matcher, int, CharSequence)","8","53"
"Pattern.java:4660 java.util.regex.Pattern$Branch.match(Matcher, int, CharSequence)","8","54"
"Pattern.java:4606 java.util.regex.Pattern$CharProperty.match(Matcher, int, CharSequence)","8","55"
"Pattern.java:3779 java.util.regex.Pattern$BranchConn.match(Matcher, int, CharSequence)","8","56"
"Pattern.java:4570 java.util.regex.Pattern$GroupTail.match(Matcher, int, CharSequence)","8","57"
"Pattern.java:4719 java.util.regex.Pattern$Loop.match(Matcher, int, CharSequence)","8","58"
"Pattern.java:4787 java.util.regex.Pattern$GroupHead.match(Matcher, int, CharSequence)","8","59"
"Pattern.java:4660 java.util.regex.Pattern$Branch.match(Matcher, int, CharSequence)","8","60"
"Pattern.java:4602","8","61"
"GSProver.java:74","8","20"
"GSProver.java:69","8","20"
"GSProver.java:75","4","20"
"ProverOrchestrator.java:109 eu.prismacloud.primitives.zkpgs.orchestrator.ProverOrchestrator.computePairWiseCommitments()","16","19"
"ProverOrchestrator.java:140 eu.prismacloud.primitives.zkpgs.orchestrator.ProverOrchestrator.computeIndexesCommitments(int)","12","20"
"ProverOrchestrator.java:208 eu.prismacloud.primitives.zkpgs.commitment.GSCommitment.createCommitment(BigInteger, ExtendedPublicKey)","12","21"
"GSCommitment.java:97 eu.prismacloud.primitives.zkpgs.util.crypto.QRElement.modPow(BigInteger)","12","22"
"QRElement.java:15 eu.prismacloud.primitives.zkpgs.util.crypto.QRElement.modPow(BigInteger)","12","23"
"QRElement.java:108 java.math.BigInteger.modPow(BigInteger, BigInteger)","12","24"
"BigInteger.java:2603 java.math.BigInteger.oddModPow(BigInteger, BigInteger)","12","25"
"BigInteger.java:2827","8","26"
"BigInteger.java:2940 java.math.BigInteger.montgomerySquare(int[], int[], int, long, int[])","4","26"
"BigInteger.java:2672 java.math.BigInteger.implMontgomerySquare(int[], int[], int, long, int[])","4","27"
"BigInteger.java:2714 java.math.BigInteger.montReduce(int[], int[], int, int)","4","28"
"BigInteger.java:2968 java.math.BigInteger.addOne(int[], int, int, int)","4","29"
"BigInteger.java:3061","4","30"
"ProverOrchestrator.java:141 eu.prismacloud.primitives.zkpgs.orchestrator.ProverOrchestrator.computeIndexesCommitments(int)","4","20"
"ProverOrchestrator.java:208 eu.prismacloud.primitives.zkpgs.commitment.GSCommitment.createCommitment(BigInteger, ExtendedPublicKey)","4","21"
"GSCommitment.java:97 eu.prismacloud.primitives.zkpgs.util.crypto.QRElement.modPow(BigInteger)","4","22"
"QRElement.java:15 eu.prismacloud.primitives.zkpgs.util.crypto.QRElement.modPow(BigInteger)","4","23"
"QRElement.java:108 java.math.BigInteger.modPow(BigInteger, BigInteger)","4","24"
"BigInteger.java:2603 java.math.BigInteger.oddModPow(BigInteger, BigInteger)","4","25"
"BigInteger.java:2928 java.math.BigInteger.montgomeryMultiply(int[], int[], int[], int, long, int[])","4","26"
"BigInteger.java:2661 java.math.BigInteger.implMontgomeryMultiply(int[], int[], int[], int, long, int[])","4","27"
"BigInteger.java:2709","4","28"
"ProverOrchestrator.java:126 eu.prismacloud.primitives.zkpgs.orchestrator.ProverOrchestrator.initPairWiseDifferenceProvers()","4","19"
"ProverOrchestrator.java:174 java.lang.ClassLoader.loadClass(String)","4","20"
"ClassLoader.java:357 sun.misc.Launcher$AppClassLoader.loadClass(String, boolean)","4","21"
"Launcher.java:349 java.lang.ClassLoader.loadClass(String, boolean)","4","22"
"ClassLoader.java:424 java.net.URLClassLoader.findClass(String)","4","23"
"URLClassLoader.java:362 java.security.AccessController.doPrivileged(PrivilegedExceptionAction, AccessControlContext)","4","24"
"AccessController.java (native) java.net.URLClassLoader$1.run()","4","25"
"URLClassLoader.java:363 java.net.URLClassLoader$1.run()","4","26"
"URLClassLoader.java:369 java.net.URLClassLoader.access$100(URLClassLoader, String, Resource)","4","27"
"URLClassLoader.java:74 java.net.URLClassLoader.defineClass(String, Resource)","4","28"
"URLClassLoader.java:468 java.security.SecureClassLoader.defineClass(String, byte[], int, int, CodeSource)","4","29"
"SecureClassLoader.java:142 java.lang.ClassLoader.defineClass(String, byte[], int, int, ProtectionDomain)","4","30"
"ClassLoader.java:763 java.lang.ClassLoader.defineClass1(String, byte[], int, int, ProtectionDomain, String)","4","31"
"ClassLoader.java (native) java.lang.ClassLoader.loadClass(String)","4","32"
"ClassLoader.java:357 sun.misc.Launcher$AppClassLoader.loadClass(String, boolean)","4","33"
"Launcher.java:349 java.lang.ClassLoader.loadClass(String, boolean)","4","34"
"ClassLoader.java:424 java.net.URLClassLoader.findClass(String)","4","35"
"URLClassLoader.java:362 java.security.AccessController.doPrivileged(PrivilegedExceptionAction, AccessControlContext)","4","36"
"AccessController.java (native) java.net.URLClassLoader$1.run()","4","37"
"URLClassLoader.java:363 java.net.URLClassLoader$1.run()","4","38"
"URLClassLoader.java:369 java.net.URLClassLoader.access$100(URLClassLoader, String, Resource)","4","39"
"URLClassLoader.java:74 java.net.URLClassLoader.defineClass(String, Resource)","4","40"
"URLClassLoader.java:455 sun.misc.Resource.getByteBuffer()","4","41"
"Resource.java:160 sun.misc.Resource.cachedInputStream()","4","42"
"Resource.java:77 sun.misc.URLClassPath$JarLoader$2.getInputStream()","4","43"
"URLClassPath.java:987 java.util.jar.JarFile.getInputStream(ZipEntry)","4","44"
"JarFile.java:447 java.util.zip.ZipFile.getInputStream(ZipEntry)","4","45"
"ZipFile.java:375 java.util.zip.ZipFile$ZipFileInputStream.<init>(ZipFile, long)","4","46"
"ZipFile.java:711 java.io.InputStream.<init>()","4","47"
"InputStream.java:45 java.lang.Object.<init>()","4","48"
"Object.java:37","4","49"
"GSBenchmark.java:107 eu.prismacloud.primitives.zkpgs.util.FilePersistenceUtil.read(String)","432","18"
"FilePersistenceUtil.java:34 java.io.ObjectInputStream.readObject()","428","19"
"ObjectInputStream.java:431 java.io.ObjectInputStream.readObject0(boolean)","428","20"
"ObjectInputStream.java:1573 java.io.ObjectInputStream.readOrdinaryObject(boolean)","428","21"
"ObjectInputStream.java:2069 java.io.ObjectInputStream.readSerialData(Object, ObjectStreamClass)","424","22"
"ObjectInputStream.java:2211 java.io.ObjectInputStream.defaultReadFields(Object, ObjectStreamClass)","424","23"
"ObjectInputStream.java:2287 java.io.ObjectInputStream.readObject0(boolean)","424","24"
"ObjectInputStream.java:1573 java.io.ObjectInputStream.readOrdinaryObject(boolean)","424","25"
"ObjectInputStream.java:2069 java.io.ObjectInputStream.readSerialData(Object, ObjectStreamClass)","416","26"
"ObjectInputStream.java:2178 java.io.ObjectStreamClass.invokeReadObject(Object, ObjectInputStream)","352","27"
"ObjectStreamClass.java:1170 java.lang.reflect.Method.invoke(Object, Object[])","352","28"
"Method.java:498 sun.reflect.DelegatingMethodAccessorImpl.invoke(Object, Object[])","352","29"
"DelegatingMethodAccessorImpl.java:43 sun.reflect.NativeMethodAccessorImpl.invoke(Object, Object[])","352","30"
"NativeMethodAccessorImpl.java:62 sun.reflect.NativeMethodAccessorImpl.invoke0(Method, Object, Object[])","352","31"
"NativeMethodAccessorImpl.java (native) java.util.HashMap.readObject(ObjectInputStream)","352","32"
"HashMap.java:1410 java.io.ObjectInputStream.readObject()","200","33"
"ObjectInputStream.java:431 java.io.ObjectInputStream.readObject0(boolean)","200","34"
"ObjectInputStream.java:1573 java.io.ObjectInputStream.readOrdinaryObject(boolean)","172","35"
"ObjectInputStream.java:2069 java.io.ObjectInputStream.readSerialData(Object, ObjectStreamClass)","148","36"
"ObjectInputStream.java:2211 java.io.ObjectInputStream.defaultReadFields(Object, ObjectStreamClass)","148","37"
"ObjectInputStream.java:2287 java.io.ObjectInputStream.readObject0(boolean)","148","38"
"ObjectInputStream.java:1573 java.io.ObjectInputStream.readOrdinaryObject(boolean)","88","39"
"ObjectInputStream.java:2069 java.io.ObjectInputStream.readSerialData(Object, ObjectStreamClass)","60","40"
"ObjectInputStream.java:2211 java.io.ObjectInputStream.defaultReadFields(Object, ObjectStreamClass)","60","41"
"ObjectInputStream.java:2287 java.io.ObjectInputStream.readObject0(boolean)","60","42"
"ObjectInputStream.java:1540 java.io.ObjectInputStream$BlockDataInputStream.peekByte()","36","43"
"ObjectInputStream.java:2958 java.io.ObjectInputStream$BlockDataInputStream.peek()","36","44"
"ObjectInputStream.java:2948 java.io.ObjectInputStream$PeekInputStream.peek()","36","45"
"ObjectInputStream.java:2641 java.io.FileInputStream.read()","36","46"
"FileInputStream.java:207 java.io.FileInputStream.read0()","36","47"
"ObjectInputStream.java:1553 java.io.ObjectInputStream.readHandle(boolean)","16","43"
"ObjectInputStream.java:1684 java.io.ObjectInputStream$BlockDataInputStream.readInt()","16","44"
"ObjectInputStream.java:3180 java.io.ObjectInputStream$PeekInputStream.readFully(byte[], int, int)","16","45"
"ObjectInputStream.java:2679 java.io.ObjectInputStream$PeekInputStream.read(byte[], int, int)","16","46"
"ObjectInputStream.java:2663 java.io.FileInputStream.read(byte[], int, int)","16","47"
"FileInputStream.java:255 java.io.FileInputStream.readBytes(byte[], int, int)","16","48"
"ObjectInputStream.java:1564 java.io.ObjectInputStream.readString(boolean)","8","43"
"ObjectInputStream.java:1905 java.io.ObjectInputStream$BlockDataInputStream.readUTF()","8","44"
"ObjectInputStream.java:3226 java.io.ObjectInputStream$BlockDataInputStream.readUTFBody(long)","8","45"
"ObjectInputStream.java:3426 java.io.ObjectInputStream$PeekInputStream.readFully(byte[], int, int)","8","46"
"ObjectInputStream.java:2679 java.io.ObjectInputStream$PeekInputStream.read(byte[], int, int)","8","47"
"ObjectInputStream.java:2663 java.io.FileInputStream.read(byte[], int, int)","8","48"
"FileInputStream.java:255 java.io.FileInputStream.readBytes(byte[], int, int)","8","49"
"ObjectInputStream.java:2042 java.io.ObjectInputStream.readClassDesc(boolean)","28","40"
"ObjectInputStream.java:1745 java.io.ObjectInputStream.readHandle(boolean)","16","41"
"ObjectInputStream.java:1684 java.io.ObjectInputStream$BlockDataInputStream.readInt()","16","42"
"ObjectInputStream.java:3180 java.io.ObjectInputStream$PeekInputStream.readFully(byte[], int, int)","16","43"
"ObjectInputStream.java:2679 java.io.ObjectInputStream$PeekInputStream.read(byte[], int, int)","16","44"
"ObjectInputStream.java:2663 java.io.FileInputStream.read(byte[], int, int)","16","45"
"FileInputStream.java:255 java.io.FileInputStream.readBytes(byte[], int, int)","16","46"
"ObjectInputStream.java:1738 java.io.ObjectInputStream$BlockDataInputStream.peekByte()","8","41"
"ObjectInputStream.java:2958 java.io.ObjectInputStream$BlockDataInputStream.peek()","8","42"
"ObjectInputStream.java:2948 java.io.ObjectInputStream$PeekInputStream.peek()","8","43"
"ObjectInputStream.java:2641 java.io.FileInputStream.read()","8","44"
"FileInputStream.java:207 java.io.FileInputStream.read0()","8","45"
"ObjectInputStream.java:1751 java.io.ObjectInputStream.readNonProxyDesc(boolean)","4","41"
"ObjectInputStream.java:1885 java.io.ObjectStreamClass.initNonProxy(ObjectStreamClass, Class, ClassNotFoundException, ObjectStreamClass)","4","42"
"ObjectStreamClass.java:681 java.io.ObjectStreamClass.lookup(Class, boolean)","4","43"
"ObjectStreamClass.java:391 java.io.ObjectStreamClass.<init>(Class)","4","44"
"ObjectStreamClass.java:494 java.security.AccessController.doPrivileged(PrivilegedAction)","4","45"
"AccessController.java (native) java.io.ObjectStreamClass$3.run()","4","46"
"ObjectStreamClass.java:494 java.io.ObjectStreamClass$3.run()","4","47"
"ObjectStreamClass.java:506 java.io.ObjectStreamClass.access$700(Class)","4","48"
"ObjectStreamClass.java:79 java.io.ObjectStreamClass.getDeclaredSUID(Class)","4","49"
"ObjectStreamClass.java:1857 java.lang.Class.getDeclaredField(String)","4","50"
"Class.java:2068 java.lang.Class.privateGetDeclaredFields(boolean)","4","51"
"Class.java:2583 java.lang.Class.getDeclaredFields0(boolean)","4","52"
"Class.java (native) java.lang.ClassLoader.loadClass(String)","4","53"
"ClassLoader.java:357 sun.misc.Launcher$AppClassLoader.loadClass(String, boolean)","4","54"
"Launcher.java:349 java.lang.ClassLoader.loadClass(String, boolean)","4","55"
"ClassLoader.java:411 java.lang.ClassLoader.loadClass(String, boolean)","4","56"
"ClassLoader.java:413 java.lang.ClassLoader.findBootstrapClassOrNull(String)","4","57"
"ClassLoader.java:1015 java.lang.ClassLoader.findBootstrapClass(String)","4","58"
"ObjectInputStream.java:1540 java.io.ObjectInputStream$BlockDataInputStream.peekByte()","36","39"
"ObjectInputStream.java:2958 java.io.ObjectInputStream$BlockDataInputStream.peek()","36","40"
"ObjectInputStream.java:2948 java.io.ObjectInputStream$PeekInputStream.peek()","36","41"
"ObjectInputStream.java:2641 java.io.FileInputStream.read()","36","42"
"FileInputStream.java:207 java.io.FileInputStream.read0()","36","43"
"ObjectInputStream.java:1553 java.io.ObjectInputStream.readHandle(boolean)","20","39"
"ObjectInputStream.java:1684 java.io.ObjectInputStream$BlockDataInputStream.readInt()","20","40"
"ObjectInputStream.java:3180 java.io.ObjectInputStream$PeekInputStream.readFully(byte[], int, int)","20","41"
"ObjectInputStream.java:2679 java.io.ObjectInputStream$PeekInputStream.read(byte[], int, int)","20","42"
"ObjectInputStream.java:2663 java.io.FileInputStream.read(byte[], int, int)","20","43"
"FileInputStream.java:255 java.io.FileInputStream.readBytes(byte[], int, int)","20","44"
"ObjectInputStream.java:1570 java.io.ObjectInputStream.readEnum(boolean)","4","39"
"ObjectInputStream.java:2011 java.lang.Enum.valueOf(Class, String)","4","40"
"Enum.java:232 java.lang.Class.enumConstantDirectory()","4","41"
"Class.java:3341 java.lang.Class.getEnumConstantsShared()","4","42"
"Class.java:3311 java.lang.Class.getMethod(String, Class[])","4","43"
"Class.java:1784 java.lang.Class.getMethod0(String, Class[], boolean)","4","44"
"Class.java:3018 java.lang.Class.privateGetMethodRecursive(String, Class[], boolean, Class$MethodArray)","4","45"
"Class.java:3048 java.lang.Class.privateGetDeclaredMethods(boolean)","4","46"
"Class.java:2701 java.lang.Class.getDeclaredMethods0(boolean)","4","47"
"ObjectInputStream.java:2042 java.io.ObjectInputStream.readClassDesc(boolean)","20","36"
"ObjectInputStream.java:1738 java.io.ObjectInputStream$BlockDataInputStream.peekByte()","16","37"
"ObjectInputStream.java:2958 java.io.ObjectInputStream$BlockDataInputStream.peek()","16","38"
"ObjectInputStream.java:2948 java.io.ObjectInputStream$PeekInputStream.peek()","16","39"
"ObjectInputStream.java:2641 java.io.FileInputStream.read()","16","40"
"FileInputStream.java:207 java.io.FileInputStream.read0()","16","41"
"ObjectInputStream.java:1751 java.io.ObjectInputStream.readNonProxyDesc(boolean)","4","37"
"ObjectInputStream.java:1885 java.io.ObjectStreamClass.initNonProxy(ObjectStreamClass, Class, ClassNotFoundException, ObjectStreamClass)","4","38"
"ObjectStreamClass.java:681 java.io.ObjectStreamClass.lookup(Class, boolean)","4","39"
"ObjectStreamClass.java:391 java.io.ObjectStreamClass.<init>(Class)","4","40"
"ObjectStreamClass.java:494 java.security.AccessController.doPrivileged(PrivilegedAction)","4","41"
"AccessController.java (native) java.io.ObjectStreamClass$3.run()","4","42"
"ObjectStreamClass.java:494 java.io.ObjectStreamClass$3.run()","4","43"
"ObjectStreamClass.java:506 java.io.ObjectStreamClass.access$700(Class)","4","44"
"ObjectStreamClass.java:79 java.io.ObjectStreamClass.getDeclaredSUID(Class)","4","45"
"ObjectStreamClass.java:1857 java.lang.Class.getDeclaredField(String)","4","46"
"Class.java:2068 java.lang.Class.privateGetDeclaredFields(boolean)","4","47"
"Class.java:2583 java.lang.Class.getDeclaredFields0(boolean)","4","48"
"Class.java (native) java.lang.ClassLoader.loadClass(String)","4","49"
"ClassLoader.java:357 sun.misc.Launcher$AppClassLoader.loadClass(String, boolean)","4","50"
"Launcher.java:349 java.lang.ClassLoader.loadClass(String, boolean)","4","51"
"ClassLoader.java:415","4","52"
"ObjectInputStream.java:2053 java.io.ObjectStreamClass.newInstance()","4","36"
"ObjectStreamClass.java:1091 java.lang.reflect.Constructor.newInstance(Object[])","4","37"
"Constructor.java:416 java.lang.Class.getModifiers()","4","38"
"ObjectInputStream.java:1540 java.io.ObjectInputStream$BlockDataInputStream.peekByte()","28","35"
"ObjectInputStream.java:2958 java.io.ObjectInputStream$BlockDataInputStream.peek()","28","36"
"ObjectInputStream.java:2948 java.io.ObjectInputStream$PeekInputStream.peek()","28","37"
"ObjectInputStream.java:2641 java.io.FileInputStream.read()","28","38"
"FileInputStream.java:207 java.io.FileInputStream.read0()","28","39"
"HashMap.java:1412 java.io.ObjectInputStream.readObject()","152","33"
"ObjectInputStream.java:431 java.io.ObjectInputStream.readObject0(boolean)","152","34"
"ObjectInputStream.java:1573 java.io.ObjectInputStream.readOrdinaryObject(boolean)","144","35"
"ObjectInputStream.java:2069 java.io.ObjectInputStream.readSerialData(Object, ObjectStreamClass)","132","36"
"ObjectInputStream.java:2211 java.io.ObjectInputStream.defaultReadFields(Object, ObjectStreamClass)","108","37"
"ObjectInputStream.java:2287 java.io.ObjectInputStream.readObject0(boolean)","108","38"
"ObjectInputStream.java:1573 java.io.ObjectInputStream.readOrdinaryObject(boolean)","88","39"
"ObjectInputStream.java:2069 java.io.ObjectInputStream.readSerialData(Object, ObjectStreamClass)","80","40"
"ObjectInputStream.java:2211 java.io.ObjectInputStream.defaultReadFields(Object, ObjectStreamClass)","80","41"
"ObjectInputStream.java:2287 java.io.ObjectInputStream.readObject0(boolean)","76","42"
"ObjectInputStream.java:1573 java.io.ObjectInputStream.readOrdinaryObject(boolean)","64","43"
"ObjectInputStream.java:2069 java.io.ObjectInputStream.readSerialData(Object, ObjectStreamClass)","56","44"
"ObjectInputStream.java:2178 java.io.ObjectStreamClass.invokeReadObject(Object, ObjectInputStream)","48","45"
"ObjectStreamClass.java:1170 java.lang.reflect.Method.invoke(Object, Object[])","48","46"
"Method.java:498 sun.reflect.DelegatingMethodAccessorImpl.invoke(Object, Object[])","48","47"
"DelegatingMethodAccessorImpl.java:43 sun.reflect.GeneratedMethodAccessor1.invoke(Object, Object[])","48","48"
"java.math.BigInteger.readObject(ObjectInputStream)","48","49"
"BigInteger.java:4507 java.io.ObjectInputStream.readFields()","40","50"
"ObjectInputStream.java:601 java.io.ObjectInputStream$GetFieldImpl.readFields()","40","51"
"ObjectInputStream.java:2452 java.io.ObjectInputStream.access$800(ObjectInputStream, boolean)","40","52"
"ObjectInputStream.java:214 java.io.ObjectInputStream.readObject0(boolean)","40","53"
"ObjectInputStream.java:1567 java.io.ObjectInputStream.readArray(boolean)","40","54"
"ObjectInputStream.java:1930 java.io.ObjectInputStream.readClassDesc(boolean)","28","55"
"ObjectInputStream.java:1738 java.io.ObjectInputStream$BlockDataInputStream.peekByte()","24","56"
"ObjectInputStream.java:2958 java.io.ObjectInputStream$BlockDataInputStream.peek()","24","57"
"ObjectInputStream.java:2948 java.io.ObjectInputStream$PeekInputStream.peek()","24","58"
"ObjectInputStream.java:2641 java.io.FileInputStream.read()","24","59"
"FileInputStream.java:207 java.io.FileInputStream.read0()","24","60"
"ObjectInputStream.java:1745 java.io.ObjectInputStream.readHandle(boolean)","4","56"
"ObjectInputStream.java:1684 java.io.ObjectInputStream$BlockDataInputStream.readInt()","4","57"
"ObjectInputStream.java:3180 java.io.ObjectInputStream$PeekInputStream.readFully(byte[], int, int)","4","58"
"ObjectInputStream.java:2679 java.io.ObjectInputStream$PeekInputStream.read(byte[], int, int)","4","59"
"ObjectInputStream.java:2663 java.io.FileInputStream.read(byte[], int, int)","4","60"
"FileInputStream.java:255 java.io.FileInputStream.readBytes(byte[], int, int)","4","61"
"ObjectInputStream.java:1938 java.lang.Class.getComponentType()","8","55"
"ObjectInputStream.java:1931 java.io.ObjectInputStream$BlockDataInputStream.readInt()","4","55"
"ObjectInputStream.java:3180 java.io.ObjectInputStream$PeekInputStream.readFully(byte[], int, int)","4","56"
"ObjectInputStream.java:2679 java.io.ObjectInputStream$PeekInputStream.read(byte[], int, int)","4","57"
"ObjectInputStream.java:2663 java.io.FileInputStream.read(byte[], int, int)","4","58"
"FileInputStream.java:255 java.io.FileInputStream.readBytes(byte[], int, int)","4","59"
"BigInteger.java:4529 java.math.BigInteger$UnsafeHolder.putSign(BigInteger, int)","8","50"
"BigInteger.java:4560 sun.misc.Unsafe.putIntVolatile(Object, long, int)","8","51"
"ObjectInputStream.java:2215 java.io.ObjectInputStream.skipCustomData()","8","45"
"ObjectInputStream.java:2238 java.io.ObjectInputStream$BlockDataInputStream.skipBlockData()","8","46"
"ObjectInputStream.java:2807 java.io.ObjectInputStream$BlockDataInputStream.refill()","8","47"
"ObjectInputStream.java:2905 java.io.ObjectInputStream$BlockDataInputStream.readBlockHeader(boolean)","8","48"
"ObjectInputStream.java:2835 java.io.ObjectInputStream$PeekInputStream.peek()","8","49"
"ObjectInputStream.java:2641 java.io.FileInputStream.read()","8","50"
"FileInputStream.java:207 java.io.FileInputStream.read0()","8","51"
"ObjectInputStream.java:2042 java.io.ObjectInputStream.readClassDesc(boolean)","8","44"
"ObjectInputStream.java:1745 java.io.ObjectInputStream.readHandle(boolean)","4","45"
"ObjectInputStream.java:1684 java.io.ObjectInputStream$BlockDataInputStream.readInt()","4","46"
"ObjectInputStream.java:3180 java.io.ObjectInputStream$PeekInputStream.readFully(byte[], int, int)","4","47"
"ObjectInputStream.java:2679 java.io.ObjectInputStream$PeekInputStream.read(byte[], int, int)","4","48"
"ObjectInputStream.java:2663 java.io.FileInputStream.read(byte[], int, int)","4","49"
"FileInputStream.java:255 java.io.FileInputStream.readBytes(byte[], int, int)","4","50"
"ObjectInputStream.java:1751 java.io.ObjectInputStream.readNonProxyDesc(boolean)","4","45"
"ObjectInputStream.java:1885 java.io.ObjectInputStream.readClassDesc(boolean)","4","46"
"ObjectInputStream.java:1751 java.io.ObjectInputStream.readNonProxyDesc(boolean)","4","47"
"ObjectInputStream.java:1885 java.io.ObjectStreamClass.initNonProxy(ObjectStreamClass, Class, ClassNotFoundException, ObjectStreamClass)","4","48"
"ObjectStreamClass.java:681 java.io.ObjectStreamClass.lookup(Class, boolean)","4","49"
"ObjectStreamClass.java:391 java.io.ObjectStreamClass.<init>(Class)","4","50"
"ObjectStreamClass.java:494 java.security.AccessController.doPrivileged(PrivilegedAction)","4","51"
"AccessController.java (native) java.io.ObjectStreamClass$3.run()","4","52"
"ObjectStreamClass.java:494 java.io.ObjectStreamClass$3.run()","4","53"
"ObjectStreamClass.java:533 java.io.ObjectStreamClass.access$2400(Class, String, Class[], Class)","4","54"
"ObjectStreamClass.java:79 java.io.ObjectStreamClass.getInheritableMethod(Class, String, Class[], Class)","4","55"
"ObjectStreamClass.java:1596 java.lang.Class.getDeclaredMethod(String, Class[])","4","56"
"Class.java:2130","4","57"
"ObjectInputStream.java:1553 java.io.ObjectInputStream.readHandle(boolean)","12","43"
"ObjectInputStream.java:1684 java.io.ObjectInputStream$BlockDataInputStream.readInt()","12","44"
"ObjectInputStream.java:3180 java.io.ObjectInputStream$PeekInputStream.readFully(byte[], int, int)","12","45"
"ObjectInputStream.java:2679 java.io.ObjectInputStream$PeekInputStream.read(byte[], int, int)","12","46"
"ObjectInputStream.java:2663 java.io.FileInputStream.read(byte[], int, int)","12","47"
"FileInputStream.java:255 java.io.FileInputStream.readBytes(byte[], int, int)","12","48"
"ObjectInputStream.java:2293 java.io.ObjectStreamClass.setObjFieldValues(Object, Object[])","4","42"
"ObjectStreamClass.java:1417 java.io.ObjectStreamClass$FieldReflector.setObjFieldValues(Object, Object[])","4","43"
"ObjectStreamClass.java:2278 java.lang.Class.isInstance(Object)","4","44"
"ObjectInputStream.java:2042 java.io.ObjectInputStream.readClassDesc(boolean)","8","40"
"ObjectInputStream.java:1751 java.io.ObjectInputStream.readNonProxyDesc(boolean)","8","41"
"ObjectInputStream.java:1885 java.io.ObjectStreamClass.initNonProxy(ObjectStreamClass, Class, ClassNotFoundException, ObjectStreamClass)","8","42"
"ObjectStreamClass.java:681 java.io.ObjectStreamClass.lookup(Class, boolean)","8","43"
"ObjectStreamClass.java:391 java.io.ObjectStreamClass.<init>(Class)","8","44"
"ObjectStreamClass.java:494 java.security.AccessController.doPrivileged(PrivilegedAction)","8","45"
"AccessController.java (native) java.io.ObjectStreamClass$3.run()","8","46"
"ObjectStreamClass.java:494 java.io.ObjectStreamClass$3.run()","8","47"
"ObjectStreamClass.java:506 java.io.ObjectStreamClass.access$700(Class)","8","48"
"ObjectStreamClass.java:79 java.io.ObjectStreamClass.getDeclaredSUID(Class)","8","49"
"ObjectStreamClass.java:1861 java.lang.reflect.Field.getLong(Object)","8","50"
"Field.java:611 java.lang.reflect.Field.getFieldAccessor(Object)","8","51"
"Field.java:1069 java.lang.reflect.Field.acquireFieldAccessor(boolean)","8","52"
"Field.java:1088 sun.reflect.ReflectionFactory.newFieldAccessor(Field, boolean)","8","53"
"ReflectionFactory.java:156 sun.reflect.UnsafeFieldAccessorFactory.newFieldAccessor(Field, boolean)","8","54"
"UnsafeFieldAccessorFactory.java:43 sun.misc.Unsafe.ensureClassInitialized(Class)","8","55"
"ObjectInputStream.java:1540 java.io.ObjectInputStream$BlockDataInputStream.peekByte()","20","39"
"ObjectInputStream.java:2958 java.io.ObjectInputStream$BlockDataInputStream.peek()","20","40"
"ObjectInputStream.java:2948 java.io.ObjectInputStream$PeekInputStream.peek()","20","41"
"ObjectInputStream.java:2641 java.io.FileInputStream.read()","20","42"
"FileInputStream.java:207 java.io.FileInputStream.read0()","20","43"
"ObjectInputStream.java:2178 java.io.ObjectStreamClass.invokeReadObject(Object, ObjectInputStream)","24","37"
"ObjectStreamClass.java:1170 java.lang.reflect.Method.invoke(Object, Object[])","24","38"
"Method.java:498 sun.reflect.DelegatingMethodAccessorImpl.invoke(Object, Object[])","24","39"
"DelegatingMethodAccessorImpl.java:43 sun.reflect.GeneratedMethodAccessor1.invoke(Object, Object[])","24","40"
"java.math.BigInteger.readObject(ObjectInputStream)","24","41"
"BigInteger.java:4507 java.io.ObjectInputStream.readFields()","24","42"
"ObjectInputStream.java:601 java.io.ObjectInputStream$GetFieldImpl.readFields()","24","43"
"ObjectInputStream.java:2445 java.io.ObjectInputStream$BlockDataInputStream.readFully(byte[], int, int, boolean)","16","44"
"ObjectInputStream.java:3104 java.io.ObjectInputStream$BlockDataInputStream.read(byte[], int, int, boolean)","16","45"
"ObjectInputStream.java:3080 java.io.ObjectInputStream$PeekInputStream.read(byte[], int, int)","16","46"
"ObjectInputStream.java:2663 java.io.FileInputStream.read(byte[], int, int)","16","47"
"FileInputStream.java:255 java.io.FileInputStream.readBytes(byte[], int, int)","16","48"
"ObjectInputStream.java:2452 java.io.ObjectInputStream.access$800(ObjectInputStream, boolean)","8","44"
"ObjectInputStream.java:214 java.io.ObjectInputStream.readObject0(boolean)","8","45"
"ObjectInputStream.java:1567 java.io.ObjectInputStream.readArray(boolean)","4","46"
"ObjectInputStream.java:1930 java.io.ObjectInputStream.readClassDesc(boolean)","4","47"
"ObjectInputStream.java:1738 java.io.ObjectInputStream$BlockDataInputStream.peekByte()","4","48"
"ObjectInputStream.java:2958 java.io.ObjectInputStream$BlockDataInputStream.peek()","4","49"
"ObjectInputStream.java:2948 java.io.ObjectInputStream$PeekInputStream.peek()","4","50"
"ObjectInputStream.java:2641 java.io.FileInputStream.read()","4","51"
"FileInputStream.java:207 java.io.FileInputStream.read0()","4","52"
"ObjectInputStream.java:1540 java.io.ObjectInputStream$BlockDataInputStream.peekByte()","4","46"
"ObjectInputStream.java:2958 java.io.ObjectInputStream$BlockDataInputStream.peek()","4","47"
"ObjectInputStream.java:2948 java.io.ObjectInputStream$PeekInputStream.peek()","4","48"
"ObjectInputStream.java:2641 java.io.FileInputStream.read()","4","49"
"FileInputStream.java:207 java.io.FileInputStream.read0()","4","50"
"ObjectInputStream.java:2042 java.io.ObjectInputStream.readClassDesc(boolean)","12","36"
"ObjectInputStream.java:1745 java.io.ObjectInputStream.readHandle(boolean)","12","37"
"ObjectInputStream.java:1684 java.io.ObjectInputStream$BlockDataInputStream.readInt()","12","38"
"ObjectInputStream.java:3180 java.io.ObjectInputStream$PeekInputStream.readFully(byte[], int, int)","12","39"
"ObjectInputStream.java:2679 java.io.ObjectInputStream$PeekInputStream.read(byte[], int, int)","12","40"
"ObjectInputStream.java:2663 java.io.FileInputStream.read(byte[], int, int)","12","41"
"FileInputStream.java:255 java.io.FileInputStream.readBytes(byte[], int, int)","12","42"
"ObjectInputStream.java:1540 java.io.ObjectInputStream$BlockDataInputStream.peekByte()","8","35"
"ObjectInputStream.java:2958 java.io.ObjectInputStream$BlockDataInputStream.peek()","8","36"
"ObjectInputStream.java:2948 java.io.ObjectInputStream$PeekInputStream.peek()","8","37"
"ObjectInputStream.java:2641 java.io.FileInputStream.read()","8","38"
"FileInputStream.java:207 java.io.FileInputStream.read0()","8","39"
"ObjectInputStream.java:2211 java.io.ObjectInputStream.defaultReadFields(Object, ObjectStreamClass)","64","27"
"ObjectInputStream.java:2287 java.io.ObjectInputStream.readObject0(boolean)","64","28"
"ObjectInputStream.java:1573 java.io.ObjectInputStream.readOrdinaryObject(boolean)","64","29"
"ObjectInputStream.java:2069 java.io.ObjectInputStream.readSerialData(Object, ObjectStreamClass)","56","30"
"ObjectInputStream.java:2211 java.io.ObjectInputStream.defaultReadFields(Object, ObjectStreamClass)","56","31"
"ObjectInputStream.java:2287 java.io.ObjectInputStream.readObject0(boolean)","56","32"
"ObjectInputStream.java:1573 java.io.ObjectInputStream.readOrdinaryObject(boolean)","56","33"
"ObjectInputStream.java:2069 java.io.ObjectInputStream.readSerialData(Object, ObjectStreamClass)","40","34"
"ObjectInputStream.java:2178 java.io.ObjectStreamClass.invokeReadObject(Object, ObjectInputStream)","36","35"
"ObjectStreamClass.java:1170 java.lang.reflect.Method.invoke(Object, Object[])","36","36"
"Method.java:498 sun.reflect.DelegatingMethodAccessorImpl.invoke(Object, Object[])","36","37"
"DelegatingMethodAccessorImpl.java:43 sun.reflect.NativeMethodAccessorImpl.invoke(Object, Object[])","36","38"
"NativeMethodAccessorImpl.java:62 sun.reflect.NativeMethodAccessorImpl.invoke0(Method, Object, Object[])","36","39"
"NativeMethodAccessorImpl.java (native) java.util.HashMap.readObject(ObjectInputStream)","36","40"
"HashMap.java:1410 java.io.ObjectInputStream.readObject()","32","41"
"ObjectInputStream.java:431 java.io.ObjectInputStream.readObject0(boolean)","32","42"
"ObjectInputStream.java:1573 java.io.ObjectInputStream.readOrdinaryObject(boolean)","28","43"
"ObjectInputStream.java:2069 java.io.ObjectInputStream.readSerialData(Object, ObjectStreamClass)","28","44"
"ObjectInputStream.java:2211 java.io.ObjectInputStream.defaultReadFields(Object, ObjectStreamClass)","28","45"
"ObjectInputStream.java:2287 java.io.ObjectInputStream.readObject0(boolean)","28","46"
"ObjectInputStream.java:1573 java.io.ObjectInputStream.readOrdinaryObject(boolean)","16","47"
"ObjectInputStream.java:2069 java.io.ObjectInputStream.readSerialData(Object, ObjectStreamClass)","16","48"
"ObjectInputStream.java:2211 java.io.ObjectInputStream.defaultReadFields(Object, ObjectStreamClass)","16","49"
"ObjectInputStream.java:2287 java.io.ObjectInputStream.readObject0(boolean)","16","50"
"ObjectInputStream.java:1540 java.io.ObjectInputStream$BlockDataInputStream.peekByte()","12","51"
"ObjectInputStream.java:2958 java.io.ObjectInputStream$BlockDataInputStream.peek()","12","52"
"ObjectInputStream.java:2948 java.io.ObjectInputStream$PeekInputStream.peek()","12","53"
"ObjectInputStream.java:2641 java.io.FileInputStream.read()","12","54"
"FileInputStream.java:207 java.io.FileInputStream.read0()","12","55"
"ObjectInputStream.java:1564 java.io.ObjectInputStream.readString(boolean)","4","51"
"ObjectInputStream.java:1905 java.io.ObjectInputStream$BlockDataInputStream.readUTF()","4","52"
"ObjectInputStream.java:3226 java.io.ObjectInputStream$BlockDataInputStream.readUTFBody(long)","4","53"
"ObjectInputStream.java:3426 java.io.ObjectInputStream$PeekInputStream.readFully(byte[], int, int)","4","54"
"ObjectInputStream.java:2679 java.io.ObjectInputStream$PeekInputStream.read(byte[], int, int)","4","55"
"ObjectInputStream.java:2663 java.io.FileInputStream.read(byte[], int, int)","4","56"
"FileInputStream.java:255 java.io.FileInputStream.readBytes(byte[], int, int)","4","57"
"ObjectInputStream.java:1540 java.io.ObjectInputStream$BlockDataInputStream.peekByte()","8","47"
"ObjectInputStream.java:2958 java.io.ObjectInputStream$BlockDataInputStream.peek()","8","48"
"ObjectInputStream.java:2948 java.io.ObjectInputStream$PeekInputStream.peek()","8","49"
"ObjectInputStream.java:2641 java.io.FileInputStream.read()","8","50"
"FileInputStream.java:207 java.io.FileInputStream.read0()","8","51"
"ObjectInputStream.java:1553 java.io.ObjectInputStream.readHandle(boolean)","4","47"
"ObjectInputStream.java:1684 java.io.ObjectInputStream$BlockDataInputStream.readInt()","4","48"
"ObjectInputStream.java:3180 java.io.ObjectInputStream$PeekInputStream.readFully(byte[], int, int)","4","49"
"ObjectInputStream.java:2679 java.io.ObjectInputStream$PeekInputStream.read(byte[], int, int)","4","50"
"ObjectInputStream.java:2663 java.io.FileInputStream.read(byte[], int, int)","4","51"
"FileInputStream.java:255 java.io.FileInputStream.readBytes(byte[], int, int)","4","52"
"ObjectInputStream.java:1540 java.io.ObjectInputStream$BlockDataInputStream.peekByte()","4","43"
"ObjectInputStream.java:2958 java.io.ObjectInputStream$BlockDataInputStream.peek()","4","44"
"ObjectInputStream.java:2948 java.io.ObjectInputStream$PeekInputStream.peek()","4","45"
"ObjectInputStream.java:2641 java.io.FileInputStream.read()","4","46"
"FileInputStream.java:207 java.io.FileInputStream.read0()","4","47"
"HashMap.java:1412 java.io.ObjectInputStream.readObject()","4","41"
"ObjectInputStream.java:431 java.io.ObjectInputStream.readObject0(boolean)","4","42"
"ObjectInputStream.java:1573 java.io.ObjectInputStream.readOrdinaryObject(boolean)","4","43"
"ObjectInputStream.java:2069 java.io.ObjectInputStream.readSerialData(Object, ObjectStreamClass)","4","44"
"ObjectInputStream.java:2178 java.io.ObjectStreamClass.invokeReadObject(Object, ObjectInputStream)","4","45"
"ObjectStreamClass.java:1170 java.lang.reflect.Method.invoke(Object, Object[])","4","46"
"Method.java:498 sun.reflect.DelegatingMethodAccessorImpl.invoke(Object, Object[])","4","47"
"DelegatingMethodAccessorImpl.java:43 sun.reflect.GeneratedMethodAccessor1.invoke(Object, Object[])","4","48"
"java.math.BigInteger.readObject(ObjectInputStream)","4","49"
"BigInteger.java:4507 java.io.ObjectInputStream.readFields()","4","50"
"ObjectInputStream.java:601 java.io.ObjectInputStream$GetFieldImpl.readFields()","4","51"
"ObjectInputStream.java:2452 java.io.ObjectInputStream.access$800(ObjectInputStream, boolean)","4","52"
"ObjectInputStream.java:214 java.io.ObjectInputStream.readObject0(boolean)","4","53"
"ObjectInputStream.java:1540 java.io.ObjectInputStream$BlockDataInputStream.peekByte()","4","54"
"ObjectInputStream.java:2958 java.io.ObjectInputStream$BlockDataInputStream.peek()","4","55"
"ObjectInputStream.java:2948 java.io.ObjectInputStream$PeekInputStream.peek()","4","56"
"ObjectInputStream.java:2641 java.io.FileInputStream.read()","4","57"
"FileInputStream.java:207 java.io.FileInputStream.read0()","4","58"
"ObjectInputStream.java:2211 java.io.ObjectInputStream.defaultReadFields(Object, ObjectStreamClass)","4","35"
"ObjectInputStream.java:2287 java.io.ObjectInputStream.readObject0(boolean)","4","36"
"ObjectInputStream.java:1573 java.io.ObjectInputStream.readOrdinaryObject(boolean)","4","37"
"ObjectInputStream.java:2042 java.io.ObjectInputStream.readClassDesc(boolean)","4","38"
"ObjectInputStream.java:1751 java.io.ObjectInputStream.readNonProxyDesc(boolean)","4","39"
"ObjectInputStream.java:1885 java.io.ObjectStreamClass.initNonProxy(ObjectStreamClass, Class, ClassNotFoundException, ObjectStreamClass)","4","40"
"ObjectStreamClass.java:681 java.io.ObjectStreamClass.lookup(Class, boolean)","4","41"
"ObjectStreamClass.java:391 java.io.ObjectStreamClass.<init>(Class)","4","42"
"ObjectStreamClass.java:494 java.security.AccessController.doPrivileged(PrivilegedAction)","4","43"
"AccessController.java (native) java.io.ObjectStreamClass$3.run()","4","44"
"ObjectStreamClass.java:494 java.io.ObjectStreamClass$3.run()","4","45"
"ObjectStreamClass.java:531 java.io.ObjectStreamClass.access$2400(Class, String, Class[], Class)","4","46"
"ObjectStreamClass.java:79 java.io.ObjectStreamClass.getInheritableMethod(Class, String, Class[], Class)","4","47"
"ObjectStreamClass.java:1598","4","48"
"ObjectInputStream.java:2042 java.io.ObjectInputStream.readClassDesc(boolean)","16","34"
"ObjectInputStream.java:1751 java.io.ObjectInputStream.readNonProxyDesc(boolean)","16","35"
"ObjectInputStream.java:1885 java.io.ObjectStreamClass.initNonProxy(ObjectStreamClass, Class, ClassNotFoundException, ObjectStreamClass)","16","36"
"ObjectStreamClass.java:681 java.io.ObjectStreamClass.lookup(Class, boolean)","16","37"
"ObjectStreamClass.java:391 java.io.ObjectStreamClass.<init>(Class)","16","38"
"ObjectStreamClass.java:494 java.security.AccessController.doPrivileged(PrivilegedAction)","16","39"
"AccessController.java (native) java.io.ObjectStreamClass$3.run()","16","40"
"ObjectStreamClass.java:494 java.io.ObjectStreamClass$3.run()","16","41"
"ObjectStreamClass.java:508 java.io.ObjectStreamClass.access$800(Class)","8","42"
"ObjectStreamClass.java:79 java.io.ObjectStreamClass.getSerialFields(Class)","8","43"
"ObjectStreamClass.java:1756 java.lang.Class.isInterface()","8","44"
"ObjectStreamClass.java:520 java.io.ObjectStreamClass.access$1700(Class, String, Class[], Class)","4","42"
"ObjectStreamClass.java:79 java.io.ObjectStreamClass.getPrivateMethod(Class, String, Class[], Class)","4","43"
"ObjectStreamClass.java:1635","4","44"
"ObjectStreamClass.java:523 java.io.ObjectStreamClass.access$1700(Class, String, Class[], Class)","4","42"
"ObjectStreamClass.java:79 java.io.ObjectStreamClass.getPrivateMethod(Class, String, Class[], Class)","4","43"
"ObjectStreamClass.java:1629 java.lang.Class.getDeclaredMethod(String, Class[])","4","44"
"Class.java:2127 sun.reflect.Reflection.getCallerClass()","4","45"
"ObjectInputStream.java:2042 java.io.ObjectInputStream.readClassDesc(boolean)","8","30"
"ObjectInputStream.java:1751 java.io.ObjectInputStream.readNonProxyDesc(boolean)","8","31"
"ObjectInputStream.java:1868 java.io.ObjectInputStream.resolveClass(ObjectStreamClass)","8","32"
"ObjectInputStream.java:686 java.lang.Class.forName(String, boolean, ClassLoader)","8","33"
"Class.java:348 java.lang.Class.forName0(String, boolean, ClassLoader, Class)","8","34"
"Class.java (native) java.lang.ClassLoader.loadClass(String)","8","35"
"ClassLoader.java:357 sun.misc.Launcher$AppClassLoader.loadClass(String, boolean)","8","36"
"Launcher.java:349 java.lang.ClassLoader.loadClass(String, boolean)","8","37"
"ClassLoader.java:424 java.net.URLClassLoader.findClass(String)","8","38"
"URLClassLoader.java:362 java.security.AccessController.doPrivileged(PrivilegedExceptionAction, AccessControlContext)","8","39"
"AccessController.java (native) java.net.URLClassLoader$1.run()","8","40"
"URLClassLoader.java:363 java.net.URLClassLoader$1.run()","8","41"
"URLClassLoader.java:369 java.net.URLClassLoader.access$100(URLClassLoader, String, Resource)","8","42"
"URLClassLoader.java:74 java.net.URLClassLoader.defineClass(String, Resource)","8","43"
"URLClassLoader.java:468 java.security.SecureClassLoader.defineClass(String, byte[], int, int, CodeSource)","8","44"
"SecureClassLoader.java:142 java.lang.ClassLoader.defineClass(String, byte[], int, int, ProtectionDomain)","8","45"
"ClassLoader.java:763 java.lang.ClassLoader.defineClass1(String, byte[], int, int, ProtectionDomain, String)","8","46"
"ObjectInputStream.java:2042 java.io.ObjectInputStream.readClassDesc(boolean)","8","26"
"ObjectInputStream.java:1751 java.io.ObjectInputStream.readNonProxyDesc(boolean)","8","27"
"ObjectInputStream.java:1885 java.io.ObjectStreamClass.initNonProxy(ObjectStreamClass, Class, ClassNotFoundException, ObjectStreamClass)","8","28"
"ObjectStreamClass.java:681 java.io.ObjectStreamClass.lookup(Class, boolean)","8","29"
"ObjectStreamClass.java:391 java.io.ObjectStreamClass.<init>(Class)","8","30"
"ObjectStreamClass.java:494 java.security.AccessController.doPrivileged(PrivilegedAction)","8","31"
"AccessController.java (native) java.io.ObjectStreamClass$3.run()","8","32"
"ObjectStreamClass.java:494 java.io.ObjectStreamClass$3.run()","8","33"
"ObjectStreamClass.java:506 java.io.ObjectStreamClass.access$700(Class)","8","34"
"ObjectStreamClass.java:79 java.io.ObjectStreamClass.getDeclaredSUID(Class)","8","35"
"ObjectStreamClass.java:1857 java.lang.Class.getDeclaredField(String)","8","36"
"Class.java:2068 java.lang.Class.privateGetDeclaredFields(boolean)","8","37"
"Class.java:2583 java.lang.Class.getDeclaredFields0(boolean)","8","38"
"Class.java (native) java.lang.ClassLoader.loadClass(String)","8","39"
"ClassLoader.java:357 sun.misc.Launcher$AppClassLoader.loadClass(String, boolean)","8","40"
"Launcher.java:349 java.lang.ClassLoader.loadClass(String, boolean)","8","41"
"ClassLoader.java:424 java.net.URLClassLoader.findClass(String)","8","42"
"URLClassLoader.java:362 java.security.AccessController.doPrivileged(PrivilegedExceptionAction, AccessControlContext)","8","43"
"AccessController.java (native) java.net.URLClassLoader$1.run()","8","44"
"URLClassLoader.java:363 java.net.URLClassLoader$1.run()","8","45"
"URLClassLoader.java:369 java.net.URLClassLoader.access$100(URLClassLoader, String, Resource)","8","46"
"URLClassLoader.java:74 java.net.URLClassLoader.defineClass(String, Resource)","8","47"
"URLClassLoader.java:468 java.security.SecureClassLoader.defineClass(String, byte[], int, int, CodeSource)","8","48"
"SecureClassLoader.java:142 java.lang.ClassLoader.defineClass(String, byte[], int, int, ProtectionDomain)","8","49"
"ClassLoader.java:763 java.lang.ClassLoader.defineClass1(String, byte[], int, int, ProtectionDomain, String)","8","50"
"ObjectInputStream.java:2042 java.io.ObjectInputStream.readClassDesc(boolean)","4","22"
"ObjectInputStream.java:1751 java.io.ObjectInputStream.readNonProxyDesc(boolean)","4","23"
"ObjectInputStream.java:1885 java.io.ObjectStreamClass.initNonProxy(ObjectStreamClass, Class, ClassNotFoundException, ObjectStreamClass)","4","24"
"ObjectStreamClass.java:681 java.io.ObjectStreamClass.lookup(Class, boolean)","4","25"
"ObjectStreamClass.java:391 java.io.ObjectStreamClass.<init>(Class)","4","26"
"ObjectStreamClass.java:494 java.security.AccessController.doPrivileged(PrivilegedAction)","4","27"
"AccessController.java (native) java.io.ObjectStreamClass$3.run()","4","28"
"ObjectStreamClass.java:494 java.io.ObjectStreamClass$3.run()","4","29"
"ObjectStreamClass.java:506 java.io.ObjectStreamClass.access$700(Class)","4","30"
"ObjectStreamClass.java:79 java.io.ObjectStreamClass.getDeclaredSUID(Class)","4","31"
"ObjectStreamClass.java:1857 java.lang.Class.getDeclaredField(String)","4","32"
"Class.java:2068 java.lang.Class.privateGetDeclaredFields(boolean)","4","33"
"Class.java:2583 java.lang.Class.getDeclaredFields0(boolean)","4","34"
"Class.java (native) java.lang.ClassLoader.loadClass(String)","4","35"
"ClassLoader.java:357 sun.misc.Launcher$AppClassLoader.loadClass(String, boolean)","4","36"
"Launcher.java:349 java.lang.ClassLoader.loadClass(String, boolean)","4","37"
"ClassLoader.java:411 java.lang.ClassLoader.loadClass(String, boolean)","4","38"
"ClassLoader.java:436","4","39"
"FilePersistenceUtil.java:35 java.io.ObjectInputStream.close()","4","19"
"ObjectInputStream.java:953 java.io.ObjectInputStream.clear()","4","20"
"ObjectInputStream.java:1514 java.io.ObjectInputStream$HandleTable.clear()","4","21"
"ObjectInputStream.java:3814 java.util.Arrays.fill(byte[], int, int, byte)","4","22"
"Arrays.java:3009","4","23"
"GSBenchmark.java:117 eu.prismacloud.primitives.zkpgs.orchestrator.ProverOrchestrator.readSignature(String)","324","18"
"ProverOrchestrator.java:480 eu.prismacloud.primitives.zkpgs.util.FilePersistenceUtil.read(String)","324","19"
"FilePersistenceUtil.java:34 java.io.ObjectInputStream.readObject()","316","20"
"ObjectInputStream.java:431 java.io.ObjectInputStream.readObject0(boolean)","316","21"
"ObjectInputStream.java:1573 java.io.ObjectInputStream.readOrdinaryObject(boolean)","316","22"
"ObjectInputStream.java:2069 java.io.ObjectInputStream.readSerialData(Object, ObjectStreamClass)","312","23"
"ObjectInputStream.java:2211 java.io.ObjectInputStream.defaultReadFields(Object, ObjectStreamClass)","312","24"
"ObjectInputStream.java:2287 java.io.ObjectInputStream.readObject0(boolean)","312","25"
"ObjectInputStream.java:1573 java.io.ObjectInputStream.readOrdinaryObject(boolean)","312","26"
"ObjectInputStream.java:2069 java.io.ObjectInputStream.readSerialData(Object, ObjectStreamClass)","312","27"
"ObjectInputStream.java:2211 java.io.ObjectInputStream.defaultReadFields(Object, ObjectStreamClass)","312","28"
"ObjectInputStream.java:2287 java.io.ObjectInputStream.readObject0(boolean)","312","29"
"ObjectInputStream.java:1573 java.io.ObjectInputStream.readOrdinaryObject(boolean)","312","30"
"ObjectInputStream.java:2069 java.io.ObjectInputStream.readSerialData(Object, ObjectStreamClass)","308","31"
"ObjectInputStream.java:2211 java.io.ObjectInputStream.defaultReadFields(Object, ObjectStreamClass)","204","32"
"ObjectInputStream.java:2287 java.io.ObjectInputStream.readObject0(boolean)","204","33"
"ObjectInputStream.java:1573 java.io.ObjectInputStream.readOrdinaryObject(boolean)","204","34"
"ObjectInputStream.java:2069 java.io.ObjectInputStream.readSerialData(Object, ObjectStreamClass)","196","35"
"ObjectInputStream.java:2211 java.io.ObjectInputStream.defaultReadFields(Object, ObjectStreamClass)","136","36"
"ObjectInputStream.java:2287 java.io.ObjectInputStream.readObject0(boolean)","136","37"
"ObjectInputStream.java:1573 java.io.ObjectInputStream.readOrdinaryObject(boolean)","136","38"
"ObjectInputStream.java:2069 java.io.ObjectInputStream.readSerialData(Object, ObjectStreamClass)","120","39"
"ObjectInputStream.java:2178 java.io.ObjectStreamClass.invokeReadObject(Object, ObjectInputStream)","68","40"
"ObjectStreamClass.java:1170 java.lang.reflect.Method.invoke(Object, Object[])","68","41"
"Method.java:498 sun.reflect.DelegatingMethodAccessorImpl.invoke(Object, Object[])","68","42"
"DelegatingMethodAccessorImpl.java:43 sun.reflect.GeneratedMethodAccessor2.invoke(Object, Object[])","48","43"
"java.util.ArrayList.readObject(ObjectInputStream)","48","44"
"ArrayList.java:797 java.io.ObjectInputStream.readObject()","48","45"
"ObjectInputStream.java:431 java.io.ObjectInputStream.readObject0(boolean)","48","46"
"ObjectInputStream.java:1573 java.io.ObjectInputStream.readOrdinaryObject(boolean)","48","47"
"ObjectInputStream.java:2069 java.io.ObjectInputStream.readSerialData(Object, ObjectStreamClass)","48","48"
"ObjectInputStream.java:2211 java.io.ObjectInputStream.defaultReadFields(Object, ObjectStreamClass)","48","49"
"ObjectInputStream.java:2287 java.io.ObjectInputStream.readObject0(boolean)","44","50"
"ObjectInputStream.java:1573 java.io.ObjectInputStream.readOrdinaryObject(boolean)","36","51"
"ObjectInputStream.java:2069 java.io.ObjectInputStream.readSerialData(Object, ObjectStreamClass)","32","52"
"ObjectInputStream.java:2211 java.io.ObjectInputStream.defaultReadFields(Object, ObjectStreamClass)","32","53"
"ObjectInputStream.java:2287 java.io.ObjectInputStream.readObject0(boolean)","32","54"
"ObjectInputStream.java:1573 java.io.ObjectInputStream.readOrdinaryObject(boolean)","28","55"
"ObjectInputStream.java:2042 java.io.ObjectInputStream.readClassDesc(boolean)","20","56"
"ObjectInputStream.java:1745 java.io.ObjectInputStream.readHandle(boolean)","20","57"
"ObjectInputStream.java:1684 java.io.ObjectInputStream$BlockDataInputStream.readInt()","20","58"
"ObjectInputStream.java:3180 java.io.ObjectInputStream$PeekInputStream.readFully(byte[], int, int)","20","59"
"ObjectInputStream.java:2679 java.io.ObjectInputStream$PeekInputStream.read(byte[], int, int)","20","60"
"ObjectInputStream.java:2663 java.io.FileInputStream.read(byte[], int, int)","20","61"
"FileInputStream.java:255 java.io.FileInputStream.readBytes(byte[], int, int)","20","62"
"ObjectInputStream.java:2069 java.io.ObjectInputStream.readSerialData(Object, ObjectStreamClass)","8","56"
"ObjectInputStream.java:2178 java.io.ObjectStreamClass.invokeReadObject(Object, ObjectInputStream)","8","57"
"ObjectStreamClass.java:1170 java.lang.reflect.Method.invoke(Object, Object[])","8","58"
"Method.java:498 sun.reflect.DelegatingMethodAccessorImpl.invoke(Object, Object[])","8","59"
"DelegatingMethodAccessorImpl.java:43 sun.reflect.GeneratedMethodAccessor1.invoke(Object, Object[])","8","60"
"java.math.BigInteger.readObject(ObjectInputStream)","8","61"
"BigInteger.java:4507 java.io.ObjectInputStream.readFields()","8","62"
"ObjectInputStream.java:601 java.io.ObjectInputStream$GetFieldImpl.readFields()","8","63"
"ObjectInputStream.java:2452 java.io.ObjectInputStream.access$800(ObjectInputStream, boolean)","8","64"
"ObjectInputStream.java:214 java.io.ObjectInputStream.readObject0(boolean)","8","65"
"ObjectInputStream.java:1567 java.io.ObjectInputStream.readArray(boolean)","8","66"
"ObjectInputStream.java:1939 java.lang.reflect.Array.newInstance(Class, int)","8","67"
"Array.java:75 java.lang.reflect.Array.newArray(Class, int)","8","68"
"ObjectInputStream.java:1540 java.io.ObjectInputStream$BlockDataInputStream.peekByte()","4","55"
"ObjectInputStream.java:2958 java.io.ObjectInputStream$BlockDataInputStream.peek()","4","56"
"ObjectInputStream.java:2948 java.io.ObjectInputStream$PeekInputStream.peek()","4","57"
"ObjectInputStream.java:2641 java.io.FileInputStream.read()","4","58"
"FileInputStream.java:207 java.io.FileInputStream.read0()","4","59"
"ObjectInputStream.java:2042 java.io.ObjectInputStream.readClassDesc(boolean)","4","52"
"ObjectInputStream.java:1745 java.io.ObjectInputStream.readHandle(boolean)","4","53"
"ObjectInputStream.java:1684 java.io.ObjectInputStream$BlockDataInputStream.readInt()","4","54"
"ObjectInputStream.java:3180 java.io.ObjectInputStream$PeekInputStream.readFully(byte[], int, int)","4","55"
"ObjectInputStream.java:2679 java.io.ObjectInputStream$PeekInputStream.read(byte[], int, int)","4","56"
"ObjectInputStream.java:2663 java.io.FileInputStream.read(byte[], int, int)","4","57"
"FileInputStream.java:255 java.io.FileInputStream.readBytes(byte[], int, int)","4","58"
"ObjectInputStream.java:1553 java.io.ObjectInputStream.readHandle(boolean)","4","51"
"ObjectInputStream.java:1684 java.io.ObjectInputStream$BlockDataInputStream.readInt()","4","52"
"ObjectInputStream.java:3180 java.io.ObjectInputStream$PeekInputStream.readFully(byte[], int, int)","4","53"
"ObjectInputStream.java:2679 java.io.ObjectInputStream$PeekInputStream.read(byte[], int, int)","4","54"
"ObjectInputStream.java:2663 java.io.FileInputStream.read(byte[], int, int)","4","55"
"FileInputStream.java:255 java.io.FileInputStream.readBytes(byte[], int, int)","4","56"
"ObjectInputStream.java:1540 java.io.ObjectInputStream$BlockDataInputStream.peekByte()","4","51"
"ObjectInputStream.java:2958 java.io.ObjectInputStream$BlockDataInputStream.peek()","4","52"
"ObjectInputStream.java:2948 java.io.ObjectInputStream$PeekInputStream.peek()","4","53"
"ObjectInputStream.java:2641 java.io.FileInputStream.read()","4","54"
"FileInputStream.java:207 java.io.FileInputStream.read0()","4","55"
"ObjectInputStream.java:2276 java.io.ObjectInputStream$BlockDataInputStream.readFully(byte[], int, int, boolean)","4","50"
"ObjectInputStream.java:3104 java.io.ObjectInputStream$BlockDataInputStream.read(byte[], int, int, boolean)","4","51"
"ObjectInputStream.java:3080 java.io.ObjectInputStream$PeekInputStream.read(byte[], int, int)","4","52"
"ObjectInputStream.java:2663 java.io.FileInputStream.read(byte[], int, int)","4","53"
"FileInputStream.java:255 java.io.FileInputStream.readBytes(byte[], int, int)","4","54"
"DelegatingMethodAccessorImpl.java:43 sun.reflect.NativeMethodAccessorImpl.invoke(Object, Object[])","20","43"
"NativeMethodAccessorImpl.java:62 sun.reflect.NativeMethodAccessorImpl.invoke0(Method, Object, Object[])","20","44"
"NativeMethodAccessorImpl.java (native) java.util.HashMap.readObject(ObjectInputStream)","20","45"
"HashMap.java:1410 java.io.ObjectInputStream.readObject()","16","46"
"ObjectInputStream.java:431 java.io.ObjectInputStream.readObject0(boolean)","16","47"
"ObjectInputStream.java:1573 java.io.ObjectInputStream.readOrdinaryObject(boolean)","16","48"
"ObjectInputStream.java:2069 java.io.ObjectInputStream.readSerialData(Object, ObjectStreamClass)","12","49"
"ObjectInputStream.java:2211 java.io.ObjectInputStream.defaultReadFields(Object, ObjectStreamClass)","12","50"
"ObjectInputStream.java:2287 java.io.ObjectInputStream.readObject0(boolean)","12","51"
"ObjectInputStream.java:1540 java.io.ObjectInputStream$BlockDataInputStream.peekByte()","12","52"
"ObjectInputStream.java:2958 java.io.ObjectInputStream$BlockDataInputStream.peek()","12","53"
"ObjectInputStream.java:2948 java.io.ObjectInputStream$PeekInputStream.peek()","12","54"
"ObjectInputStream.java:2641 java.io.FileInputStream.read()","12","55"
"FileInputStream.java:207 java.io.FileInputStream.read0()","12","56"
"ObjectInputStream.java:2042 java.io.ObjectInputStream.readClassDesc(boolean)","4","49"
"ObjectInputStream.java:1738 java.io.ObjectInputStream$BlockDataInputStream.peekByte()","4","50"
"ObjectInputStream.java:2958 java.io.ObjectInputStream$BlockDataInputStream.peek()","4","51"
"ObjectInputStream.java:2948 java.io.ObjectInputStream$PeekInputStream.peek()","4","52"
"ObjectInputStream.java:2641 java.io.FileInputStream.read()","4","53"
"FileInputStream.java:207 java.io.FileInputStream.read0()","4","54"
"HashMap.java:1412 java.io.ObjectInputStream.readObject()","4","46"
"ObjectInputStream.java:431 java.io.ObjectInputStream.readObject0(boolean)","4","47"
"ObjectInputStream.java:1573 java.io.ObjectInputStream.readOrdinaryObject(boolean)","4","48"
"ObjectInputStream.java:2069 java.io.ObjectInputStream.readSerialData(Object, ObjectStreamClass)","4","49"
"ObjectInputStream.java:2178 java.io.ObjectStreamClass.invokeReadObject(Object, ObjectInputStream)","4","50"
"ObjectStreamClass.java:1170 java.lang.reflect.Method.invoke(Object, Object[])","4","51"
"Method.java:498 sun.reflect.DelegatingMethodAccessorImpl.invoke(Object, Object[])","4","52"
"DelegatingMethodAccessorImpl.java:43 sun.reflect.GeneratedMethodAccessor1.invoke(Object, Object[])","4","53"
"java.math.BigInteger.readObject(ObjectInputStream)","4","54"
"BigInteger.java:4507 java.io.ObjectInputStream.readFields()","4","55"
"ObjectInputStream.java:601 java.io.ObjectInputStream$GetFieldImpl.readFields()","4","56"
"ObjectInputStream.java:2452 java.io.ObjectInputStream.access$800(ObjectInputStream, boolean)","4","57"
"ObjectInputStream.java:214 java.io.ObjectInputStream.readObject0(boolean)","4","58"
"ObjectInputStream.java:1540 java.io.ObjectInputStream$BlockDataInputStream.peekByte()","4","59"
"ObjectInputStream.java:2958 java.io.ObjectInputStream$BlockDataInputStream.peek()","4","60"
"ObjectInputStream.java:2948 java.io.ObjectInputStream$PeekInputStream.peek()","4","61"
"ObjectInputStream.java:2641 java.io.FileInputStream.read()","4","62"
"FileInputStream.java:207 java.io.FileInputStream.read0()","4","63"
"ObjectInputStream.java:2211 java.io.ObjectInputStream.defaultReadFields(Object, ObjectStreamClass)","52","40"
"ObjectInputStream.java:2287 java.io.ObjectInputStream.readObject0(boolean)","52","41"
"ObjectInputStream.java:1573 java.io.ObjectInputStream.readOrdinaryObject(boolean)","48","42"
"ObjectInputStream.java:2069 java.io.ObjectInputStream.readSerialData(Object, ObjectStreamClass)","48","43"
"ObjectInputStream.java:2178 java.io.ObjectStreamClass.invokeReadObject(Object, ObjectInputStream)","48","44"
"ObjectStreamClass.java:1170 java.lang.reflect.Method.invoke(Object, Object[])","48","45"
"Method.java:498 sun.reflect.DelegatingMethodAccessorImpl.invoke(Object, Object[])","48","46"
"DelegatingMethodAccessorImpl.java:43 sun.reflect.NativeMethodAccessorImpl.invoke(Object, Object[])","48","47"
"NativeMethodAccessorImpl.java:62 sun.reflect.NativeMethodAccessorImpl.invoke0(Method, Object, Object[])","48","48"
"NativeMethodAccessorImpl.java (native) java.util.HashMap.readObject(ObjectInputStream)","48","49"
"HashMap.java:1410 java.io.ObjectInputStream.readObject()","40","50"
"ObjectInputStream.java:431 java.io.ObjectInputStream.readObject0(boolean)","40","51"
"ObjectInputStream.java:1573 java.io.ObjectInputStream.readOrdinaryObject(boolean)","28","52"
"ObjectInputStream.java:2069 java.io.ObjectInputStream.readSerialData(Object, ObjectStreamClass)","16","53"
"ObjectInputStream.java:2211 java.io.ObjectInputStream.defaultReadFields(Object, ObjectStreamClass)","16","54"
"ObjectInputStream.java:2287 java.io.ObjectInputStream.readObject0(boolean)","16","55"
"ObjectInputStream.java:1553 java.io.ObjectInputStream.readHandle(boolean)","8","56"
"ObjectInputStream.java:1684 java.io.ObjectInputStream$BlockDataInputStream.readInt()","8","57"
"ObjectInputStream.java:3180 java.io.ObjectInputStream$PeekInputStream.readFully(byte[], int, int)","8","58"
"ObjectInputStream.java:2679 java.io.ObjectInputStream$PeekInputStream.read(byte[], int, int)","8","59"
"ObjectInputStream.java:2663 java.io.FileInputStream.read(byte[], int, int)","8","60"
"FileInputStream.java:255 java.io.FileInputStream.readBytes(byte[], int, int)","8","61"
"ObjectInputStream.java:1573 java.io.ObjectInputStream.readOrdinaryObject(boolean)","8","56"
"ObjectInputStream.java:2042 java.io.ObjectInputStream.readClassDesc(boolean)","4","57"
"ObjectInputStream.java:1745 java.io.ObjectInputStream.readHandle(boolean)","4","58"
"ObjectInputStream.java:1684 java.io.ObjectInputStream$BlockDataInputStream.readInt()","4","59"
"ObjectInputStream.java:3180 java.io.ObjectInputStream$PeekInputStream.readFully(byte[], int, int)","4","60"
"ObjectInputStream.java:2679 java.io.ObjectInputStream$PeekInputStream.read(byte[], int, int)","4","61"
"ObjectInputStream.java:2663 java.io.FileInputStream.read(byte[], int, int)","4","62"
"FileInputStream.java:255 java.io.FileInputStream.readBytes(byte[], int, int)","4","63"
"ObjectInputStream.java:2069 java.io.ObjectInputStream.readSerialData(Object, ObjectStreamClass)","4","57"
"ObjectInputStream.java:2178 java.io.ObjectStreamClass.invokeReadObject(Object, ObjectInputStream)","4","58"
"ObjectStreamClass.java:1170 java.lang.reflect.Method.invoke(Object, Object[])","4","59"
"Method.java:498 sun.reflect.DelegatingMethodAccessorImpl.invoke(Object, Object[])","4","60"
"DelegatingMethodAccessorImpl.java:43 sun.reflect.GeneratedMethodAccessor2.invoke(Object, Object[])","4","61"
"java.util.ArrayList.readObject(ObjectInputStream)","4","62"
"ArrayList.java:786 java.io.ObjectInputStream.readInt()","4","63"
"ObjectInputStream.java:1032 java.io.ObjectInputStream$BlockDataInputStream.readInt()","4","64"
"ObjectInputStream.java:3182 java.io.DataInputStream.readInt()","4","65"
"DataInputStream.java:387 java.io.ObjectInputStream$BlockDataInputStream.read()","4","66"
"ObjectInputStream.java:2977 java.io.ObjectInputStream$BlockDataInputStream.refill()","4","67"
"ObjectInputStream.java:2905 java.io.ObjectInputStream$BlockDataInputStream.readBlockHeader(boolean)","4","68"
"ObjectInputStream.java:2841 java.io.ObjectInputStream$PeekInputStream.readFully(byte[], int, int)","4","69"
"ObjectInputStream.java:2679 java.io.ObjectInputStream$PeekInputStream.read(byte[], int, int)","4","70"
"ObjectInputStream.java:2670 java.io.FileInputStream.read(byte[], int, int)","4","71"
"FileInputStream.java:255 java.io.FileInputStream.readBytes(byte[], int, int)","4","72"
"ObjectInputStream.java:2042 java.io.ObjectInputStream.readClassDesc(boolean)","12","53"
"ObjectInputStream.java:1745 java.io.ObjectInputStream.readHandle(boolean)","4","54"
"ObjectInputStream.java:1684 java.io.ObjectInputStream$BlockDataInputStream.readInt()","4","55"
"ObjectInputStream.java:3180 java.io.ObjectInputStream$PeekInputStream.readFully(byte[], int, int)","4","56"
"ObjectInputStream.java:2679 java.io.ObjectInputStream$PeekInputStream.read(byte[], int, int)","4","57"
"ObjectInputStream.java:2663 java.io.FileInputStream.read(byte[], int, int)","4","58"
"FileInputStream.java:255 java.io.FileInputStream.readBytes(byte[], int, int)","4","59"
"ObjectInputStream.java:1751 java.io.ObjectInputStream.readNonProxyDesc(boolean)","4","54"
"ObjectInputStream.java:1885 java.io.ObjectInputStream.readClassDesc(boolean)","4","55"
"ObjectInputStream.java:1751 java.io.ObjectInputStream.readNonProxyDesc(boolean)","4","56"
"ObjectInputStream.java:1885 java.io.ObjectStreamClass.initNonProxy(ObjectStreamClass, Class, ClassNotFoundException, ObjectStreamClass)","4","57"
"ObjectStreamClass.java:681 java.io.ObjectStreamClass.lookup(Class, boolean)","4","58"
"ObjectStreamClass.java:391 java.io.ObjectStreamClass.<init>(Class)","4","59"
"ObjectStreamClass.java:494 java.security.AccessController.doPrivileged(PrivilegedAction)","4","60"
"AccessController.java (native) java.io.ObjectStreamClass$3.run()","4","61"
"ObjectStreamClass.java:494 java.io.ObjectStreamClass$3.run()","4","62"
"ObjectStreamClass.java:519 java.io.ObjectStreamClass.access$1500(Class)","4","63"
"ObjectStreamClass.java:79 java.io.ObjectStreamClass.getSerializableConstructor(Class)","4","64"
"ObjectStreamClass.java:1574 sun.reflect.ReflectionFactory.newConstructorForSerialization(Class, Constructor)","4","65"
"ReflectionFactory.java:360 sun.reflect.ReflectionFactory.generateConstructor(Class, Constructor)","4","66"
"ReflectionFactory.java:398 sun.reflect.MethodAccessorGenerator.generateSerializationConstructor(Class, Class[], Class[], int, Class)","4","67"
"MethodAccessorGenerator.java:112 sun.reflect.MethodAccessorGenerator.generate(Class, String, Class[], Class, Class[], int, boolean, boolean, Class)","4","68"
"MethodAccessorGenerator.java:380 sun.reflect.MethodAccessorGenerator.emitInvoke()","4","69"
"MethodAccessorGenerator.java:720","4","70"
"ObjectInputStream.java:1738 java.io.ObjectInputStream$BlockDataInputStream.peekByte()","4","54"
"ObjectInputStream.java:2958 java.io.ObjectInputStream$BlockDataInputStream.peek()","4","55"
"ObjectInputStream.java:2948 java.io.ObjectInputStream$PeekInputStream.peek()","4","56"
"ObjectInputStream.java:2641 java.io.FileInputStream.read()","4","57"
"FileInputStream.java:207 java.io.FileInputStream.read0()","4","58"
"ObjectInputStream.java:1540 java.io.ObjectInputStream$BlockDataInputStream.peekByte()","12","52"
"ObjectInputStream.java:2958 java.io.ObjectInputStream$BlockDataInputStream.peek()","12","53"
"ObjectInputStream.java:2948 java.io.ObjectInputStream$PeekInputStream.peek()","12","54"
"ObjectInputStream.java:2641 java.io.FileInputStream.read()","12","55"
"FileInputStream.java:207 java.io.FileInputStream.read0()","12","56"
"HashMap.java:1412 java.io.ObjectInputStream.readObject()","8","50"
"ObjectInputStream.java:431 java.io.ObjectInputStream.readObject0(boolean)","8","51"
"ObjectInputStream.java:1573 java.io.ObjectInputStream.readOrdinaryObject(boolean)","4","52"
"ObjectInputStream.java:2069 java.io.ObjectInputStream.readSerialData(Object, ObjectStreamClass)","4","53"
"ObjectInputStream.java:2211 java.io.ObjectInputStream.defaultReadFields(Object, ObjectStreamClass)","4","54"
"ObjectInputStream.java:2287 java.io.ObjectInputStream.readObject0(boolean)","4","55"
"ObjectInputStream.java:1540 java.io.ObjectInputStream$BlockDataInputStream.peekByte()","4","56"
"ObjectInputStream.java:2958 java.io.ObjectInputStream$BlockDataInputStream.peek()","4","57"
"ObjectInputStream.java:2948 java.io.ObjectInputStream$PeekInputStream.peek()","4","58"
"ObjectInputStream.java:2641 java.io.FileInputStream.read()","4","59"
"FileInputStream.java:207 java.io.FileInputStream.read0()","4","60"
"ObjectInputStream.java:1540 java.io.ObjectInputStream$BlockDataInputStream.peekByte()","4","52"
"ObjectInputStream.java:2958 java.io.ObjectInputStream$BlockDataInputStream.peek()","4","53"
"ObjectInputStream.java:2948 java.io.ObjectInputStream$PeekInputStream.peek()","4","54"
"ObjectInputStream.java:2641 java.io.FileInputStream.read()","4","55"
"FileInputStream.java:207 java.io.FileInputStream.read0()","4","56"
"ObjectInputStream.java:1567 java.io.ObjectInputStream.readArray(boolean)","4","42"
"ObjectInputStream.java:1975 java.io.ObjectInputStream.readObject0(boolean)","4","43"
"ObjectInputStream.java:1556 java.io.ObjectInputStream.readClass(boolean)","4","44"
"ObjectInputStream.java:1716 java.io.ObjectInputStream.readClassDesc(boolean)","4","45"
"ObjectInputStream.java:1751 java.io.ObjectInputStream.readNonProxyDesc(boolean)","4","46"
"ObjectInputStream.java:1885 java.io.ObjectInputStream.readClassDesc(boolean)","4","47"
"ObjectInputStream.java:1751 java.io.ObjectInputStream.readNonProxyDesc(boolean)","4","48"
"ObjectInputStream.java:1885 java.io.ObjectInputStream.readClassDesc(boolean)","4","49"
"ObjectInputStream.java:1751 java.io.ObjectInputStream.readNonProxyDesc(boolean)","4","50"
"ObjectInputStream.java:1885 java.io.ObjectStreamClass.initNonProxy(ObjectStreamClass, Class, ClassNotFoundException, ObjectStreamClass)","4","51"
"ObjectStreamClass.java:681 java.io.ObjectStreamClass.lookup(Class, boolean)","4","52"
"ObjectStreamClass.java:391 java.io.ObjectStreamClass.<init>(Class)","4","53"
"ObjectStreamClass.java:494 java.security.AccessController.doPrivileged(PrivilegedAction)","4","54"
"AccessController.java (native) java.io.ObjectStreamClass$3.run()","4","55"
"ObjectStreamClass.java:494 java.io.ObjectStreamClass$3.run()","4","56"
"ObjectStreamClass.java:519 java.io.ObjectStreamClass.access$1500(Class)","4","57"
"ObjectStreamClass.java:79 java.io.ObjectStreamClass.getSerializableConstructor(Class)","4","58"
"ObjectStreamClass.java:1574 sun.reflect.ReflectionFactory.newConstructorForSerialization(Class, Constructor)","4","59"
"ReflectionFactory.java:360 sun.reflect.ReflectionFactory.generateConstructor(Class, Constructor)","4","60"
"ReflectionFactory.java:398 sun.reflect.MethodAccessorGenerator.generateSerializationConstructor(Class, Class[], Class[], int, Class)","4","61"
"MethodAccessorGenerator.java:112 sun.reflect.MethodAccessorGenerator.generate(Class, String, Class[], Class, Class[], int, boolean, boolean, Class)","4","62"
"MethodAccessorGenerator.java:393 java.security.AccessController.doPrivileged(PrivilegedAction)","4","63"
"AccessController.java (native) sun.reflect.MethodAccessorGenerator$1.run()","4","64"
"MethodAccessorGenerator.java:394 sun.reflect.MethodAccessorGenerator$1.run()","4","65"
"MethodAccessorGenerator.java:399 sun.reflect.ClassDefiner.defineClass(String, byte[], int, int, ClassLoader)","4","66"
"ClassDefiner.java:63 sun.misc.Unsafe.defineClass(String, byte[], int, int, ClassLoader, ProtectionDomain)","4","67"
"ObjectInputStream.java:2042 java.io.ObjectInputStream.readClassDesc(boolean)","12","39"
"ObjectInputStream.java:1751 java.io.ObjectInputStream.readNonProxyDesc(boolean)","12","40"
"ObjectInputStream.java:1885 java.io.ObjectInputStream.readClassDesc(boolean)","8","41"
"ObjectInputStream.java:1751 java.io.ObjectInputStream.readNonProxyDesc(boolean)","8","42"
"ObjectInputStream.java:1885 java.io.ObjectStreamClass.initNonProxy(ObjectStreamClass, Class, ClassNotFoundException, ObjectStreamClass)","8","43"
"ObjectStreamClass.java:681 java.io.ObjectStreamClass.lookup(Class, boolean)","8","44"
"ObjectStreamClass.java:391 java.io.ObjectStreamClass.<init>(Class)","8","45"
"ObjectStreamClass.java:494 java.security.AccessController.doPrivileged(PrivilegedAction)","8","46"
"AccessController.java (native) java.io.ObjectStreamClass$3.run()","8","47"
"ObjectStreamClass.java:494 java.io.ObjectStreamClass$3.run()","8","48"
"ObjectStreamClass.java:508 java.io.ObjectStreamClass.access$800(Class)","8","49"
"ObjectStreamClass.java:79 java.io.ObjectStreamClass.getSerialFields(Class)","8","50"
"ObjectStreamClass.java:1758 java.io.ObjectStreamClass.getDeclaredSerialFields(Class)","8","51"
"ObjectStreamClass.java:1784 java.lang.Class.getDeclaredField(String)","8","52"
"Class.java:2070","8","53"
"ObjectInputStream.java:1885 java.io.ObjectStreamClass.initNonProxy(ObjectStreamClass, Class, ClassNotFoundException, ObjectStreamClass)","4","41"
"ObjectStreamClass.java:681 java.io.ObjectStreamClass.lookup(Class, boolean)","4","42"
"ObjectStreamClass.java:391 java.io.ObjectStreamClass.<init>(Class)","4","43"
"ObjectStreamClass.java:494 java.security.AccessController.doPrivileged(PrivilegedAction)","4","44"
"AccessController.java (native) java.io.ObjectStreamClass$3.run()","4","45"
"ObjectStreamClass.java:494 java.io.ObjectStreamClass$3.run()","4","46"
"ObjectStreamClass.java:506 java.io.ObjectStreamClass.access$700(Class)","4","47"
"ObjectStreamClass.java:79 java.io.ObjectStreamClass.getDeclaredSUID(Class)","4","48"
"ObjectStreamClass.java:1857 java.lang.Class.getDeclaredField(String)","4","49"
"Class.java:2068 java.lang.Class.privateGetDeclaredFields(boolean)","4","50"
"Class.java:2583 java.lang.Class.getDeclaredFields0(boolean)","4","51"
"Class.java (native) java.lang.ClassLoader.loadClass(String)","4","52"
"ClassLoader.java:357 sun.misc.Launcher$AppClassLoader.loadClass(String, boolean)","4","53"
"Launcher.java:349 java.lang.ClassLoader.loadClass(String, boolean)","4","54"
"ClassLoader.java:411 java.lang.ClassLoader.loadClass(String, boolean)","4","55"
"ClassLoader.java:424 java.net.URLClassLoader.findClass(String)","4","56"
"URLClassLoader.java:382","4","57"
"ObjectInputStream.java:2078 java.io.ObjectStreamClass.invokeReadResolve(Object)","4","39"
"ObjectStreamClass.java:1260 java.lang.reflect.Method.invoke(Object, Object[])","4","40"
"Method.java:498 sun.reflect.DelegatingMethodAccessorImpl.invoke(Object, Object[])","4","41"
"DelegatingMethodAccessorImpl.java:43 sun.reflect.NativeMethodAccessorImpl.invoke(Object, Object[])","4","42"
"NativeMethodAccessorImpl.java:62 sun.reflect.NativeMethodAccessorImpl.invoke0(Method, Object, Object[])","4","43"
"NativeMethodAccessorImpl.java (native) java.lang.invoke.SerializedLambda.readResolve()","4","44"
"SerializedLambda.java:230 java.lang.reflect.Method.invoke(Object, Object[])","4","45"
"Method.java:498 sun.reflect.DelegatingMethodAccessorImpl.invoke(Object, Object[])","4","46"
"DelegatingMethodAccessorImpl.java:43 sun.reflect.NativeMethodAccessorImpl.invoke(Object, Object[])","4","47"
"NativeMethodAccessorImpl.java:62 sun.reflect.NativeMethodAccessorImpl.invoke0(Method, Object, Object[])","4","48"
"NativeMethodAccessorImpl.java (native) org.jgrapht.util.SupplierUtil.<clinit>()","4","49"
"SupplierUtil.java:38 org.jgrapht.util.SupplierUtil.createSupplier(Class)","4","50"
"SupplierUtil.java:60 java.lang.invoke.MethodHandleNatives.linkMethodHandleConstant(Class, int, Class, String, Object)","4","51"
"MethodHandleNatives.java:477 java.lang.invoke.MethodHandles$Lookup.linkMethodHandleConstant(byte, Class, String, Object)","4","52"
"MethodHandles.java:1750 java.lang.invoke.MethodHandles$Lookup.resolveOrFail(byte, MemberName)","4","53"
"MethodHandles.java:1394 java.lang.invoke.MemberName$Factory.resolveOrFail(byte, MemberName, Class, Class)","4","54"
"MemberName.java:1000 java.lang.invoke.MemberName$Factory.resolve(byte, MemberName, Class)","4","55"
"MemberName.java:976 java.lang.invoke.MemberName.checkForTypeAlias(Class)","4","56"
"MemberName.java:792 sun.invoke.util.VerifyAccess.isTypeVisible(MethodType, Class)","4","57"
"VerifyAccess.java:259 sun.invoke.util.VerifyAccess.isTypeVisible(Class, Class)","4","58"
"VerifyAccess.java:203","4","59"
"ObjectInputStream.java:2178 java.io.ObjectStreamClass.invokeReadObject(Object, ObjectInputStream)","60","36"
"ObjectStreamClass.java:1170 java.lang.reflect.Method.invoke(Object, Object[])","60","37"
"Method.java:498 sun.reflect.DelegatingMethodAccessorImpl.invoke(Object, Object[])","60","38"
"DelegatingMethodAccessorImpl.java:43 sun.reflect.NativeMethodAccessorImpl.invoke(Object, Object[])","60","39"
"NativeMethodAccessorImpl.java:62 sun.reflect.NativeMethodAccessorImpl.invoke0(Method, Object, Object[])","60","40"
"NativeMethodAccessorImpl.java (native) java.util.HashMap.readObject(ObjectInputStream)","60","41"
"HashMap.java:1410 java.io.ObjectInputStream.readObject()","56","42"
"ObjectInputStream.java:431 java.io.ObjectInputStream.readObject0(boolean)","56","43"
"ObjectInputStream.java:1573 java.io.ObjectInputStream.readOrdinaryObject(boolean)","56","44"
"ObjectInputStream.java:2069 java.io.ObjectInputStream.readSerialData(Object, ObjectStreamClass)","56","45"
"ObjectInputStream.java:2211 java.io.ObjectInputStream.defaultReadFields(Object, ObjectStreamClass)","56","46"
"ObjectInputStream.java:2287 java.io.ObjectInputStream.readObject0(boolean)","56","47"
"ObjectInputStream.java:1573 java.io.ObjectInputStream.readOrdinaryObject(boolean)","28","48"
"ObjectInputStream.java:2069 java.io.ObjectInputStream.readSerialData(Object, ObjectStreamClass)","16","49"
"ObjectInputStream.java:2211 java.io.ObjectInputStream.defaultReadFields(Object, ObjectStreamClass)","16","50"
"ObjectInputStream.java:2287 java.io.ObjectInputStream.readObject0(boolean)","16","51"
"ObjectInputStream.java:1540 java.io.ObjectInputStream$BlockDataInputStream.peekByte()","12","52"
"ObjectInputStream.java:2958 java.io.ObjectInputStream$BlockDataInputStream.peek()","12","53"
"ObjectInputStream.java:2948 java.io.ObjectInputStream$PeekInputStream.peek()","12","54"
"ObjectInputStream.java:2641 java.io.FileInputStream.read()","12","55"
"FileInputStream.java:207 java.io.FileInputStream.read0()","12","56"
"ObjectInputStream.java:1564 java.io.ObjectInputStream.readString(boolean)","4","52"
"ObjectInputStream.java:1905 java.io.ObjectInputStream$BlockDataInputStream.readUTF()","4","53"
"ObjectInputStream.java:3226 java.io.ObjectInputStream$BlockDataInputStream.readUTFBody(long)","4","54"
"ObjectInputStream.java:3426 java.io.ObjectInputStream$PeekInputStream.readFully(byte[], int, int)","4","55"
"ObjectInputStream.java:2679 java.io.ObjectInputStream$PeekInputStream.read(byte[], int, int)","4","56"
"ObjectInputStream.java:2663 java.io.FileInputStream.read(byte[], int, int)","4","57"
"FileInputStream.java:255 java.io.FileInputStream.readBytes(byte[], int, int)","4","58"
"ObjectInputStream.java:2042 java.io.ObjectInputStream.readClassDesc(boolean)","12","49"
"ObjectInputStream.java:1738 java.io.ObjectInputStream$BlockDataInputStream.peekByte()","12","50"
"ObjectInputStream.java:2958 java.io.ObjectInputStream$BlockDataInputStream.peek()","12","51"
"ObjectInputStream.java:2948 java.io.ObjectInputStream$PeekInputStream.peek()","12","52"
"ObjectInputStream.java:2641 java.io.FileInputStream.read()","12","53"
"FileInputStream.java:207 java.io.FileInputStream.read0()","12","54"
"ObjectInputStream.java:1553 java.io.ObjectInputStream.readHandle(boolean)","16","48"
"ObjectInputStream.java:1684 java.io.ObjectInputStream$BlockDataInputStream.readInt()","16","49"
"ObjectInputStream.java:3180 java.io.ObjectInputStream$PeekInputStream.readFully(byte[], int, int)","16","50"
"ObjectInputStream.java:2679 java.io.ObjectInputStream$PeekInputStream.read(byte[], int, int)","16","51"
"ObjectInputStream.java:2663 java.io.FileInputStream.read(byte[], int, int)","16","52"
"FileInputStream.java:255 java.io.FileInputStream.readBytes(byte[], int, int)","16","53"
"ObjectInputStream.java:1540 java.io.ObjectInputStream$BlockDataInputStream.peekByte()","12","48"
"ObjectInputStream.java:2958 java.io.ObjectInputStream$BlockDataInputStream.peek()","12","49"
"ObjectInputStream.java:2948 java.io.ObjectInputStream$PeekInputStream.peek()","12","50"
"ObjectInputStream.java:2641 java.io.FileInputStream.read()","12","51"
"FileInputStream.java:207 java.io.FileInputStream.read0()","12","52"
"HashMap.java:1412 java.io.ObjectInputStream.readObject()","4","42"
"ObjectInputStream.java:431 java.io.ObjectInputStream.readObject0(boolean)","4","43"
"ObjectInputStream.java:1540 java.io.ObjectInputStream$BlockDataInputStream.peekByte()","4","44"
"ObjectInputStream.java:2958 java.io.ObjectInputStream$BlockDataInputStream.peek()","4","45"
"ObjectInputStream.java:2948 java.io.ObjectInputStream$PeekInputStream.peek()","4","46"
"ObjectInputStream.java:2641 java.io.FileInputStream.read()","4","47"
"FileInputStream.java:207 java.io.FileInputStream.read0()","4","48"
"ObjectInputStream.java:2042 java.io.ObjectInputStream.readClassDesc(boolean)","8","35"
"ObjectInputStream.java:1751 java.io.ObjectInputStream.readNonProxyDesc(boolean)","8","36"
"ObjectInputStream.java:1885 java.io.ObjectInputStream.readClassDesc(boolean)","8","37"
"ObjectInputStream.java:1751 java.io.ObjectInputStream.readNonProxyDesc(boolean)","8","38"
"ObjectInputStream.java:1885 java.io.ObjectStreamClass.initNonProxy(ObjectStreamClass, Class, ClassNotFoundException, ObjectStreamClass)","8","39"
"ObjectStreamClass.java:681 java.io.ObjectStreamClass.lookup(Class, boolean)","8","40"
"ObjectStreamClass.java:391 java.io.ObjectStreamClass.<init>(Class)","8","41"
"ObjectStreamClass.java:544 java.io.ObjectStreamClass.getReflector(ObjectStreamField[], ObjectStreamClass)","8","42"
"ObjectStreamClass.java:2347 java.io.ObjectStreamClass.matchFields(ObjectStreamField[], ObjectStreamClass)","8","43"
"ObjectStreamClass.java:2457 java.io.ObjectStreamField.<init>(Field, boolean, boolean)","8","44"
"ObjectStreamField.java:139 java.lang.Class.isPrimitive()","8","45"
"ObjectInputStream.java:2178 java.io.ObjectStreamClass.invokeReadObject(Object, ObjectInputStream)","104","32"
"ObjectStreamClass.java:1170 java.lang.reflect.Method.invoke(Object, Object[])","104","33"
"Method.java:498 sun.reflect.DelegatingMethodAccessorImpl.invoke(Object, Object[])","104","34"
"DelegatingMethodAccessorImpl.java:43 sun.reflect.NativeMethodAccessorImpl.invoke(Object, Object[])","104","35"
"NativeMethodAccessorImpl.java:62 sun.reflect.NativeMethodAccessorImpl.invoke0(Method, Object, Object[])","104","36"
"NativeMethodAccessorImpl.java (native) java.util.HashMap.readObject(ObjectInputStream)","60","37"
"HashMap.java:1410 java.io.ObjectInputStream.readObject()","60","38"
"ObjectInputStream.java:431 java.io.ObjectInputStream.readObject0(boolean)","60","39"
"ObjectInputStream.java:1573 java.io.ObjectInputStream.readOrdinaryObject(boolean)","60","40"
"ObjectInputStream.java:2069 java.io.ObjectInputStream.readSerialData(Object, ObjectStreamClass)","52","41"
"ObjectInputStream.java:2211 java.io.ObjectInputStream.defaultReadFields(Object, ObjectStreamClass)","52","42"
"ObjectInputStream.java:2287 java.io.ObjectInputStream.readObject0(boolean)","52","43"
"ObjectInputStream.java:1573 java.io.ObjectInputStream.readOrdinaryObject(boolean)","32","44"
"ObjectInputStream.java:2042 java.io.ObjectInputStream.readClassDesc(boolean)","20","45"
"ObjectInputStream.java:1745 java.io.ObjectInputStream.readHandle(boolean)","20","46"
"ObjectInputStream.java:1684 java.io.ObjectInputStream$BlockDataInputStream.readInt()","20","47"
"ObjectInputStream.java:3180 java.io.ObjectInputStream$PeekInputStream.readFully(byte[], int, int)","20","48"
"ObjectInputStream.java:2679 java.io.ObjectInputStream$PeekInputStream.read(byte[], int, int)","20","49"
"ObjectInputStream.java:2663 java.io.FileInputStream.read(byte[], int, int)","20","50"
"FileInputStream.java:255 java.io.FileInputStream.readBytes(byte[], int, int)","20","51"
"ObjectInputStream.java:2069 java.io.ObjectInputStream.readSerialData(Object, ObjectStreamClass)","12","45"
"ObjectInputStream.java:2178 java.io.ObjectStreamClass.invokeReadObject(Object, ObjectInputStream)","12","46"
"ObjectStreamClass.java:1170 java.lang.reflect.Method.invoke(Object, Object[])","12","47"
"Method.java:498 sun.reflect.DelegatingMethodAccessorImpl.invoke(Object, Object[])","12","48"
"DelegatingMethodAccessorImpl.java:43 sun.reflect.GeneratedMethodAccessor2.invoke(Object, Object[])","8","49"
"java.util.ArrayList.readObject(ObjectInputStream)","8","50"
"ArrayList.java:783 java.io.ObjectInputStream.defaultReadObject()","4","51"
"ObjectInputStream.java:561 java.io.ObjectInputStream.defaultReadFields(Object, ObjectStreamClass)","4","52"
"ObjectInputStream.java:2276 java.io.ObjectInputStream$BlockDataInputStream.readFully(byte[], int, int, boolean)","4","53"
"ObjectInputStream.java:3104 java.io.ObjectInputStream$BlockDataInputStream.read(byte[], int, int, boolean)","4","54"
"ObjectInputStream.java:3080 java.io.ObjectInputStream$PeekInputStream.read(byte[], int, int)","4","55"
"ObjectInputStream.java:2663 java.io.FileInputStream.read(byte[], int, int)","4","56"
"FileInputStream.java:255 java.io.FileInputStream.readBytes(byte[], int, int)","4","57"
"ArrayList.java:797 java.io.ObjectInputStream.readObject()","4","51"
"ObjectInputStream.java:431 java.io.ObjectInputStream.readObject0(boolean)","4","52"
"ObjectInputStream.java:1540 java.io.ObjectInputStream$BlockDataInputStream.peekByte()","4","53"
"ObjectInputStream.java:2958 java.io.ObjectInputStream$BlockDataInputStream.peek()","4","54"
"ObjectInputStream.java:2948 java.io.ObjectInputStream$PeekInputStream.peek()","4","55"
"ObjectInputStream.java:2641 java.io.FileInputStream.read()","4","56"
"FileInputStream.java:207 java.io.FileInputStream.read0()","4","57"
"DelegatingMethodAccessorImpl.java:43 sun.reflect.GeneratedMethodAccessor1.invoke(Object, Object[])","4","49"
"java.math.BigInteger.readObject(ObjectInputStream)","4","50"
"BigInteger.java:4507 java.io.ObjectInputStream.readFields()","4","51"
"ObjectInputStream.java:601 java.io.ObjectInputStream$GetFieldImpl.readFields()","4","52"
"ObjectInputStream.java:2452 java.io.ObjectInputStream.access$800(ObjectInputStream, boolean)","4","53"
"ObjectInputStream.java:214 java.io.ObjectInputStream.readObject0(boolean)","4","54"
"ObjectInputStream.java:1567 java.io.ObjectInputStream.readArray(boolean)","4","55"
"ObjectInputStream.java:1930 java.io.ObjectInputStream.readClassDesc(boolean)","4","56"
"ObjectInputStream.java:1745 java.io.ObjectInputStream.readHandle(boolean)","4","57"
"ObjectInputStream.java:1684 java.io.ObjectInputStream$BlockDataInputStream.readInt()","4","58"
"ObjectInputStream.java:3180 java.io.ObjectInputStream$PeekInputStream.readFully(byte[], int, int)","4","59"
"ObjectInputStream.java:2679 java.io.ObjectInputStream$PeekInputStream.read(byte[], int, int)","4","60"
"ObjectInputStream.java:2663 java.io.FileInputStream.read(byte[], int, int)","4","61"
"FileInputStream.java:255 java.io.FileInputStream.readBytes(byte[], int, int)","4","62"
"ObjectInputStream.java:1564 java.io.ObjectInputStream.readString(boolean)","8","44"
"ObjectInputStream.java:1905 java.io.ObjectInputStream$BlockDataInputStream.readUTF()","8","45"
"ObjectInputStream.java:3226 java.io.ObjectInputStream$BlockDataInputStream.readUnsignedShort()","8","46"
"ObjectInputStream.java:3168 java.io.ObjectInputStream$PeekInputStream.readFully(byte[], int, int)","8","47"
"ObjectInputStream.java:2679 java.io.ObjectInputStream$PeekInputStream.read(byte[], int, int)","8","48"
"ObjectInputStream.java:2663 java.io.FileInputStream.read(byte[], int, int)","8","49"
"FileInputStream.java:255 java.io.FileInputStream.readBytes(byte[], int, int)","8","50"
"ObjectInputStream.java:1540 java.io.ObjectInputStream$BlockDataInputStream.peekByte()","8","44"
"ObjectInputStream.java:2958 java.io.ObjectInputStream$BlockDataInputStream.peek()","8","45"
"ObjectInputStream.java:2948 java.io.ObjectInputStream$PeekInputStream.peek()","8","46"
"ObjectInputStream.java:2641 java.io.FileInputStream.read()","8","47"
"FileInputStream.java:207 java.io.FileInputStream.read0()","8","48"
"ObjectInputStream.java:1553 java.io.ObjectInputStream.readHandle(boolean)","4","44"
"ObjectInputStream.java:1684 java.io.ObjectInputStream$BlockDataInputStream.readInt()","4","45"
"ObjectInputStream.java:3180 java.io.ObjectInputStream$PeekInputStream.readFully(byte[], int, int)","4","46"
"ObjectInputStream.java:2679 java.io.ObjectInputStream$PeekInputStream.read(byte[], int, int)","4","47"
"ObjectInputStream.java:2663 java.io.FileInputStream.read(byte[], int, int)","4","48"
"FileInputStream.java:255 java.io.FileInputStream.readBytes(byte[], int, int)","4","49"
"ObjectInputStream.java:2042 java.io.ObjectInputStream.readClassDesc(boolean)","8","41"
"ObjectInputStream.java:1738 java.io.ObjectInputStream$BlockDataInputStream.peekByte()","8","42"
"ObjectInputStream.java:2958 java.io.ObjectInputStream$BlockDataInputStream.peek()","8","43"
"ObjectInputStream.java:2948 java.io.ObjectInputStream$PeekInputStream.peek()","8","44"
"ObjectInputStream.java:2641 java.io.FileInputStream.read()","8","45"
"FileInputStream.java:207 java.io.FileInputStream.read0()","8","46"
"NativeMethodAccessorImpl.java (native) java.util.ArrayList.readObject(ObjectInputStream)","44","37"
"ArrayList.java:797 java.io.ObjectInputStream.readObject()","44","38"
"ObjectInputStream.java:431 java.io.ObjectInputStream.readObject0(boolean)","44","39"
"ObjectInputStream.java:1573 java.io.ObjectInputStream.readOrdinaryObject(boolean)","44","40"
"ObjectInputStream.java:2069 java.io.ObjectInputStream.readSerialData(Object, ObjectStreamClass)","44","41"
"ObjectInputStream.java:2211 java.io.ObjectInputStream.defaultReadFields(Object, ObjectStreamClass)","44","42"
"ObjectInputStream.java:2287 java.io.ObjectInputStream.readObject0(boolean)","40","43"
"ObjectInputStream.java:1573 java.io.ObjectInputStream.readOrdinaryObject(boolean)","40","44"
"ObjectInputStream.java:2069 java.io.ObjectInputStream.readSerialData(Object, ObjectStreamClass)","24","45"
"ObjectInputStream.java:2211 java.io.ObjectInputStream.defaultReadFields(Object, ObjectStreamClass)","20","46"
"ObjectInputStream.java:2287 java.io.ObjectInputStream.readObject0(boolean)","20","47"
"ObjectInputStream.java:1540 java.io.ObjectInputStream$BlockDataInputStream.peekByte()","16","48"
"ObjectInputStream.java:2958 java.io.ObjectInputStream$BlockDataInputStream.peek()","16","49"
"ObjectInputStream.java:2948 java.io.ObjectInputStream$PeekInputStream.peek()","16","50"
"ObjectInputStream.java:2641 java.io.FileInputStream.read()","16","51"
"FileInputStream.java:207 java.io.FileInputStream.read0()","16","52"
"ObjectInputStream.java:1573 java.io.ObjectInputStream.readOrdinaryObject(boolean)","4","48"
"ObjectInputStream.java:2069 java.io.ObjectInputStream.readSerialData(Object, ObjectStreamClass)","4","49"
"ObjectInputStream.java:2178 java.io.ObjectStreamClass.invokeReadObject(Object, ObjectInputStream)","4","50"
"ObjectStreamClass.java:1170 java.lang.reflect.Method.invoke(Object, Object[])","4","51"
"Method.java:498 sun.reflect.DelegatingMethodAccessorImpl.invoke(Object, Object[])","4","52"
"DelegatingMethodAccessorImpl.java:43 sun.reflect.GeneratedMethodAccessor1.invoke(Object, Object[])","4","53"
"java.math.BigInteger.readObject(ObjectInputStream)","4","54"
"BigInteger.java:4507 java.io.ObjectInputStream.readFields()","4","55"
"ObjectInputStream.java:601 java.io.ObjectInputStream$GetFieldImpl.readFields()","4","56"
"ObjectInputStream.java:2445 java.io.ObjectInputStream$BlockDataInputStream.readFully(byte[], int, int, boolean)","4","57"
"ObjectInputStream.java:3104 java.io.ObjectInputStream$BlockDataInputStream.read(byte[], int, int, boolean)","4","58"
"ObjectInputStream.java:3080 java.io.ObjectInputStream$PeekInputStream.read(byte[], int, int)","4","59"
"ObjectInputStream.java:2663 java.io.FileInputStream.read(byte[], int, int)","4","60"
"FileInputStream.java:255 java.io.FileInputStream.readBytes(byte[], int, int)","4","61"
"ObjectInputStream.java:2178 java.io.ObjectStreamClass.invokeReadObject(Object, ObjectInputStream)","4","46"
"ObjectStreamClass.java:1170 java.lang.reflect.Method.invoke(Object, Object[])","4","47"
"Method.java:498 sun.reflect.DelegatingMethodAccessorImpl.invoke(Object, Object[])","4","48"
"DelegatingMethodAccessorImpl.java:43 sun.reflect.GeneratedMethodAccessor1.invoke(Object, Object[])","4","49"
"java.math.BigInteger.readObject(ObjectInputStream)","4","50"
"BigInteger.java:4507 java.io.ObjectInputStream.readFields()","4","51"
"ObjectInputStream.java:601 java.io.ObjectInputStream$GetFieldImpl.readFields()","4","52"
"ObjectInputStream.java:2452 java.io.ObjectInputStream.access$800(ObjectInputStream, boolean)","4","53"
"ObjectInputStream.java:214 java.io.ObjectInputStream.readObject0(boolean)","4","54"
"ObjectInputStream.java:1540 java.io.ObjectInputStream$BlockDataInputStream.peekByte()","4","55"
"ObjectInputStream.java:2958 java.io.ObjectInputStream$BlockDataInputStream.peek()","4","56"
"ObjectInputStream.java:2948 java.io.ObjectInputStream$PeekInputStream.peek()","4","57"
"ObjectInputStream.java:2641 java.io.FileInputStream.read()","4","58"
"FileInputStream.java:207 java.io.FileInputStream.read0()","4","59"
"ObjectInputStream.java:2042 java.io.ObjectInputStream.readClassDesc(boolean)","16","45"
"ObjectInputStream.java:1745 java.io.ObjectInputStream.readHandle(boolean)","12","46"
"ObjectInputStream.java:1684 java.io.ObjectInputStream$BlockDataInputStream.readInt()","12","47"
"ObjectInputStream.java:3180 java.io.ObjectInputStream$PeekInputStream.readFully(byte[], int, int)","12","48"
"ObjectInputStream.java:2679 java.io.ObjectInputStream$PeekInputStream.read(byte[], int, int)","12","49"
"ObjectInputStream.java:2663 java.io.FileInputStream.read(byte[], int, int)","12","50"
"FileInputStream.java:255 java.io.FileInputStream.readBytes(byte[], int, int)","12","51"
"ObjectInputStream.java:1738 java.io.ObjectInputStream$BlockDataInputStream.peekByte()","4","46"
"ObjectInputStream.java:2958 java.io.ObjectInputStream$BlockDataInputStream.peek()","4","47"
"ObjectInputStream.java:2948 java.io.ObjectInputStream$PeekInputStream.peek()","4","48"
"ObjectInputStream.java:2641 java.io.FileInputStream.read()","4","49"
"FileInputStream.java:207 java.io.FileInputStream.read0()","4","50"
"ObjectInputStream.java:2276 java.io.ObjectInputStream$BlockDataInputStream.readFully(byte[], int, int, boolean)","4","43"
"ObjectInputStream.java:3104 java.io.ObjectInputStream$BlockDataInputStream.read(byte[], int, int, boolean)","4","44"
"ObjectInputStream.java:3080 java.io.ObjectInputStream$PeekInputStream.read(byte[], int, int)","4","45"
"ObjectInputStream.java:2663 java.io.FileInputStream.read(byte[], int, int)","4","46"
"FileInputStream.java:255 java.io.FileInputStream.readBytes(byte[], int, int)","4","47"
"ObjectInputStream.java:2042 java.io.ObjectInputStream.readClassDesc(boolean)","4","31"
"ObjectInputStream.java:1751 java.io.ObjectInputStream.readNonProxyDesc(boolean)","4","32"
"ObjectInputStream.java:1885 java.io.ObjectStreamClass.initNonProxy(ObjectStreamClass, Class, ClassNotFoundException, ObjectStreamClass)","4","33"
"ObjectStreamClass.java:681 java.io.ObjectStreamClass.lookup(Class, boolean)","4","34"
"ObjectStreamClass.java:391 java.io.ObjectStreamClass.<init>(Class)","4","35"
"ObjectStreamClass.java:494 java.security.AccessController.doPrivileged(PrivilegedAction)","4","36"
"AccessController.java (native) java.io.ObjectStreamClass$3.run()","4","37"
"ObjectStreamClass.java:494 java.io.ObjectStreamClass$3.run()","4","38"
"ObjectStreamClass.java:506 java.io.ObjectStreamClass.access$700(Class)","4","39"
"ObjectStreamClass.java:79 java.io.ObjectStreamClass.getDeclaredSUID(Class)","4","40"
"ObjectStreamClass.java:1857 java.lang.Class.getDeclaredField(String)","4","41"
"Class.java:2068 java.lang.Class.privateGetDeclaredFields(boolean)","4","42"
"Class.java:2583 java.lang.Class.getDeclaredFields0(boolean)","4","43"
"Class.java (native) java.lang.ClassLoader.loadClass(String)","4","44"
"ClassLoader.java:357 sun.misc.Launcher$AppClassLoader.loadClass(String, boolean)","4","45"
"Launcher.java:349 java.lang.ClassLoader.loadClass(String, boolean)","4","46"
"ClassLoader.java:424 java.net.URLClassLoader.findClass(String)","4","47"
"URLClassLoader.java:362 java.security.AccessController.doPrivileged(PrivilegedExceptionAction, AccessControlContext)","4","48"
"AccessController.java (native) java.net.URLClassLoader$1.run()","4","49"
"URLClassLoader.java:363 java.net.URLClassLoader$1.run()","4","50"
"URLClassLoader.java:369 java.net.URLClassLoader.access$100(URLClassLoader, String, Resource)","4","51"
"URLClassLoader.java:74 java.net.URLClassLoader.defineClass(String, Resource)","4","52"
"URLClassLoader.java:468 java.security.SecureClassLoader.defineClass(String, byte[], int, int, CodeSource)","4","53"
"SecureClassLoader.java:142 java.lang.ClassLoader.defineClass(String, byte[], int, int, ProtectionDomain)","4","54"
"ClassLoader.java:763 java.lang.ClassLoader.defineClass1(String, byte[], int, int, ProtectionDomain, String)","4","55"
"ClassLoader.java (native) java.lang.ClassLoader.loadClass(String)","4","56"
"ClassLoader.java:357 sun.misc.Launcher$AppClassLoader.loadClass(String, boolean)","4","57"
"Launcher.java:349 java.lang.ClassLoader.loadClass(String, boolean)","4","58"
"ClassLoader.java:424 java.net.URLClassLoader.findClass(String)","4","59"
"URLClassLoader.java:362 java.security.AccessController.doPrivileged(PrivilegedExceptionAction, AccessControlContext)","4","60"
"AccessController.java (native) java.net.URLClassLoader$1.run()","4","61"
"URLClassLoader.java:363 java.net.URLClassLoader$1.run()","4","62"
"URLClassLoader.java:369 java.net.URLClassLoader.access$100(URLClassLoader, String, Resource)","4","63"
"URLClassLoader.java:74 java.net.URLClassLoader.defineClass(String, Resource)","4","64"
"URLClassLoader.java:468 java.security.SecureClassLoader.defineClass(String, byte[], int, int, CodeSource)","4","65"
"SecureClassLoader.java:142 java.lang.ClassLoader.defineClass(String, byte[], int, int, ProtectionDomain)","4","66"
"ClassLoader.java:763 java.lang.ClassLoader.defineClass1(String, byte[], int, int, ProtectionDomain, String)","4","67"
"ClassLoader.java (native) java.lang.ClassLoader.loadClass(String)","4","68"
"ClassLoader.java:357 sun.misc.Launcher$AppClassLoader.loadClass(String, boolean)","4","69"
"Launcher.java:349 java.lang.ClassLoader.loadClass(String, boolean)","4","70"
"ClassLoader.java:424 java.net.URLClassLoader.findClass(String)","4","71"
"URLClassLoader.java:362 java.security.AccessController.doPrivileged(PrivilegedExceptionAction, AccessControlContext)","4","72"
"AccessController.java (native) java.net.URLClassLoader$1.run()","4","73"
"URLClassLoader.java:363 java.net.URLClassLoader$1.run()","4","74"
"URLClassLoader.java:369 java.net.URLClassLoader.access$100(URLClassLoader, String, Resource)","4","75"
"URLClassLoader.java:74 java.net.URLClassLoader.defineClass(String, Resource)","4","76"
"URLClassLoader.java:468 java.security.SecureClassLoader.defineClass(String, byte[], int, int, CodeSource)","4","77"
"SecureClassLoader.java:142 java.lang.ClassLoader.defineClass(String, byte[], int, int, ProtectionDomain)","4","78"
"ClassLoader.java:763 java.lang.ClassLoader.defineClass1(String, byte[], int, int, ProtectionDomain, String)","4","79"
"ObjectInputStream.java:2042 java.io.ObjectInputStream.readClassDesc(boolean)","4","23"
"ObjectInputStream.java:1751 java.io.ObjectInputStream.readNonProxyDesc(boolean)","4","24"
"ObjectInputStream.java:1868 java.io.ObjectInputStream.resolveClass(ObjectStreamClass)","4","25"
"ObjectInputStream.java:686 java.lang.Class.forName(String, boolean, ClassLoader)","4","26"
"Class.java:348 java.lang.Class.forName0(String, boolean, ClassLoader, Class)","4","27"
"Class.java (native) java.lang.ClassLoader.loadClass(String)","4","28"
"ClassLoader.java:357 sun.misc.Launcher$AppClassLoader.loadClass(String, boolean)","4","29"
"Launcher.java:349 java.lang.ClassLoader.loadClass(String, boolean)","4","30"
"ClassLoader.java:424 java.net.URLClassLoader.findClass(String)","4","31"
"URLClassLoader.java:362 java.security.AccessController.doPrivileged(PrivilegedExceptionAction, AccessControlContext)","4","32"
"AccessController.java (native) java.net.URLClassLoader$1.run()","4","33"
"URLClassLoader.java:363 java.net.URLClassLoader$1.run()","4","34"
"URLClassLoader.java:369 java.net.URLClassLoader.access$100(URLClassLoader, String, Resource)","4","35"
"URLClassLoader.java:74 java.net.URLClassLoader.defineClass(String, Resource)","4","36"
"URLClassLoader.java:452 java.net.URLClassLoader.definePackageInternal(String, Manifest, URL)","4","37"
"URLClassLoader.java:420 java.net.URLClassLoader.getAndVerifyPackage(String, Manifest, URL)","4","38"
"URLClassLoader.java:394 java.lang.ClassLoader.getPackage(String)","4","39"
"ClassLoader.java:1623 java.lang.ClassLoader.getPackage(String)","4","40"
"ClassLoader.java:1625 java.lang.Package.getSystemPackage(String)","4","41"
"Package.java:544 java.lang.Package.getSystemPackage0(String)","4","42"
"FilePersistenceUtil.java:35 java.io.ObjectInputStream.close()","8","20"
"ObjectInputStream.java:953 java.io.ObjectInputStream.clear()","8","21"
"ObjectInputStream.java:1514 java.io.ObjectInputStream$HandleTable.clear()","8","22"
"ObjectInputStream.java:3815 java.util.Arrays.fill(Object[], int, int, Object)","8","23"
"Arrays.java:3154","8","24"
"GSBenchmark.java:125 eu.prismacloud.primitives.zkpgs.orchestrator.VerifierOrchestrator.init()","16","18"
"VerifierOrchestrator.java:97 eu.prismacloud.primitives.zkpgs.store.URN.createZkpgsURN(String)","8","19"
"URN.java:181 eu.prismacloud.primitives.zkpgs.store.URN.<init>(NamespaceComponent, NamespaceComponent, boolean)","8","20"
"URN.java:39 eu.prismacloud.primitives.zkpgs.store.URNType.parseURNType(String)","8","21"
"URNType.java:708 eu.prismacloud.primitives.zkpgs.store.URNType.parseURNSuffix(String)","8","22"
"URNType.java:723 java.lang.String.matches(String)","8","23"
"String.java:2121 java.util.regex.Pattern.matches(String, CharSequence)","8","24"
"Pattern.java:1133 java.util.regex.Pattern.compile(String)","8","25"
"Pattern.java:1028 java.util.regex.Pattern.<init>(String, int)","8","26"
"Pattern.java:1351 java.util.regex.Pattern.compile()","8","27"
"Pattern.java:1711 java.util.regex.Pattern$BnM.optimize(Pattern$Node)","8","28"
"Pattern.java:5410","8","29"
"VerifierOrchestrator.java:89 eu.prismacloud.primitives.zkpgs.store.URN.createUnsafeZkpgsURN(String)","4","19"
"URN.java:224 eu.prismacloud.primitives.zkpgs.util.NamespaceComponent.fromString(String, NamespaceComponent$Type)","4","20"
"NamespaceComponent.java:48 eu.prismacloud.primitives.zkpgs.util.NamespaceComponent.validate(String, NamespaceComponent$Type)","4","21"
"NamespaceComponent.java:62 eu.prismacloud.primitives.zkpgs.util.NamespaceComponent.validateNSS(String)","4","22"
"NamespaceComponent.java:75 java.util.regex.Matcher.matches()","4","23"
"Matcher.java:604 java.util.regex.Matcher.match(int, int)","4","24"
"Matcher.java:1270 java.util.regex.Pattern$Begin.match(Matcher, int, CharSequence)","4","25"
"Pattern.java:3527 java.util.regex.Pattern$Prolog.match(Matcher, int, CharSequence)","4","26"
"Pattern.java:4743 java.util.regex.Pattern$Loop.matchInit(Matcher, int, CharSequence)","4","27"
"Pattern.java:4803 java.util.regex.Pattern$GroupHead.match(Matcher, int, CharSequence)","4","28"
"Pattern.java:4660 java.util.regex.Pattern$Branch.match(Matcher, int, CharSequence)","4","29"
"Pattern.java:4606 java.util.regex.Pattern$CharProperty.match(Matcher, int, CharSequence)","4","30"
"Pattern.java:3779","4","31"
"VerifierOrchestrator.java:94 eu.prismacloud.primitives.zkpgs.verifier.GSVerifier.computeNonce()","4","19"
"GSVerifier.java:65 eu.prismacloud.primitives.zkpgs.util.CryptoUtilsFacade.computeRandomNumber(int)","4","20"
"CryptoUtilsFacade.java:71 eu.prismacloud.primitives.zkpgs.util.GSUtils.createRandomNumber(int)","4","21"
"GSUtils.java:275 java.math.BigInteger.<init>(int, Random)","4","22"
"BigInteger.java:623 java.math.BigInteger.randomBits(int, Random)","4","23"
"BigInteger.java:634 java.security.SecureRandom.nextBytes(byte[])","4","24"
"SecureRandom.java:468 sun.security.provider.NativePRNG.engineNextBytes(byte[])","4","25"
"NativePRNG.java:220 sun.security.provider.NativePRNG$RandomIO.access$400(NativePRNG$RandomIO, byte[])","4","26"
"NativePRNG.java:331 sun.security.provider.NativePRNG$RandomIO.implNextBytes(byte[])","4","27"
"NativePRNG.java:534 sun.security.provider.NativePRNG$RandomIO.getMixRandom()","4","28"
"NativePRNG.java:404 sun.security.provider.NativePRNG$RandomIO.readFully(InputStream, byte[])","4","29"
"NativePRNG.java:424","4","30"
"GSBenchmark.java:115 eu.prismacloud.primitives.grs.bench.ProverOrchestratorPerf.<init>(ExtendedPublicKey, IMessageGateway)","8","18"
"ProverOrchestratorPerf.java:49 eu.prismacloud.primitives.zkpgs.orchestrator.ProverOrchestrator.<init>(ExtendedPublicKey, IMessageGateway)","8","19"
"ProverOrchestrator.java:49 java.lang.ClassLoader.loadClass(String)","8","20"
"ClassLoader.java:357 sun.misc.Launcher$AppClassLoader.loadClass(String, boolean)","8","21"
"Launcher.java:349 java.lang.ClassLoader.loadClass(String, boolean)","8","22"
"ClassLoader.java:424 java.net.URLClassLoader.findClass(String)","8","23"
"URLClassLoader.java:362 java.security.AccessController.doPrivileged(PrivilegedExceptionAction, AccessControlContext)","8","24"
"AccessController.java (native) java.net.URLClassLoader$1.run()","8","25"
"URLClassLoader.java:363 java.net.URLClassLoader$1.run()","8","26"
"URLClassLoader.java:369 java.net.URLClassLoader.access$100(URLClassLoader, String, Resource)","8","27"
"URLClassLoader.java:74 java.net.URLClassLoader.defineClass(String, Resource)","8","28"
"URLClassLoader.java:468 java.security.SecureClassLoader.defineClass(String, byte[], int, int, CodeSource)","8","29"
"SecureClassLoader.java:142 java.lang.ClassLoader.defineClass(String, byte[], int, int, ProtectionDomain)","8","30"
"ClassLoader.java:763 java.lang.ClassLoader.defineClass1(String, byte[], int, int, ProtectionDomain, String)","8","31"
"ProvingBenchmark_ProvingVerifyingBenchmark_compute_jmhTest.java:645 eu.prismacloud.primitives.grs.bench.generated.ProvingBenchmark_ProvingVerifyingBenchmark_compute_jmhTest._jmh_tryInit_f_provingverifyingbenchmark0_G(InfraControl)","16","15"
"ProvingBenchmark_ProvingVerifyingBenchmark_compute_jmhTest.java:739 java.lang.Class.getDeclaredField(String)","12","16"
"Class.java:2068 java.lang.Class.privateGetDeclaredFields(boolean)","12","17"
"Class.java:2583 java.lang.Class.getDeclaredFields0(boolean)","12","18"
"Class.java (native) java.lang.ClassLoader.loadClass(String)","12","19"
"ClassLoader.java:357 sun.misc.Launcher$AppClassLoader.loadClass(String, boolean)","12","20"
"Launcher.java:349 java.lang.ClassLoader.loadClass(String, boolean)","12","21"
"ClassLoader.java:424 java.net.URLClassLoader.findClass(String)","12","22"
"URLClassLoader.java:362 java.security.AccessController.doPrivileged(PrivilegedExceptionAction, AccessControlContext)","12","23"
"AccessController.java (native) java.net.URLClassLoader$1.run()","12","24"
"URLClassLoader.java:363 java.net.URLClassLoader$1.run()","12","25"
"URLClassLoader.java:369 java.net.URLClassLoader.access$100(URLClassLoader, String, Resource)","12","26"
"URLClassLoader.java:74 java.net.URLClassLoader.defineClass(String, Resource)","12","27"
"URLClassLoader.java:468 java.security.SecureClassLoader.defineClass(String, byte[], int, int, CodeSource)","8","28"
"SecureClassLoader.java:142 java.lang.ClassLoader.defineClass(String, byte[], int, int, ProtectionDomain)","8","29"
"ClassLoader.java:763 java.lang.ClassLoader.defineClass1(String, byte[], int, int, ProtectionDomain, String)","8","30"
"URLClassLoader.java:463 sun.misc.Resource.getBytes()","4","28"
"Resource.java:143 java.util.zip.ZipFile$ZipFileInflaterInputStream.close()","4","29"
"ZipFile.java:420 java.util.WeakHashMap.remove(Object)","4","30"
"WeakHashMap.java:591 java.util.WeakHashMap.hash(Object)","4","31"
"WeakHashMap.java:298 java.lang.Object.hashCode()","4","32"
"ProvingBenchmark_ProvingVerifyingBenchmark_compute_jmhTest.java:737 java.lang.ClassLoader.loadClass(String)","4","16"
"ClassLoader.java:357 sun.misc.Launcher$AppClassLoader.loadClass(String, boolean)","4","17"
"Launcher.java:349 java.lang.ClassLoader.loadClass(String, boolean)","4","18"
"ClassLoader.java:424 java.net.URLClassLoader.findClass(String)","4","19"
"URLClassLoader.java:362 java.security.AccessController.doPrivileged(PrivilegedExceptionAction, AccessControlContext)","4","20"
"AccessController.java (native) java.net.URLClassLoader$1.run()","4","21"
"URLClassLoader.java:363 java.net.URLClassLoader$1.run()","4","22"
"URLClassLoader.java:369 java.net.URLClassLoader.access$100(URLClassLoader, String, Resource)","4","23"
"URLClassLoader.java:74 java.net.URLClassLoader.defineClass(String, Resource)","4","24"
"URLClassLoader.java:468 java.security.SecureClassLoader.defineClass(String, byte[], int, int, CodeSource)","4","25"
"SecureClassLoader.java:142 java.lang.ClassLoader.defineClass(String, byte[], int, int, ProtectionDomain)","4","26"
"ClassLoader.java:763 java.lang.ClassLoader.defineClass1(String, byte[], int, int, ProtectionDomain, String)","4","27"
"ProvingBenchmark_ProvingVerifyingBenchmark_compute_jmhTest.java:664 java.lang.ClassLoader.loadClass(String)","8","15"
"ClassLoader.java:357 sun.misc.Launcher$AppClassLoader.loadClass(String, boolean)","8","16"
"Launcher.java:349 java.lang.ClassLoader.loadClass(String, boolean)","8","17"
"ClassLoader.java:424 java.net.URLClassLoader.findClass(String)","8","18"
"URLClassLoader.java:362 java.security.AccessController.doPrivileged(PrivilegedExceptionAction, AccessControlContext)","8","19"
"AccessController.java (native) java.net.URLClassLoader$1.run()","8","20"
"URLClassLoader.java:363 java.net.URLClassLoader$1.run()","8","21"
"URLClassLoader.java:369 java.net.URLClassLoader.access$100(URLClassLoader, String, Resource)","8","22"
"URLClassLoader.java:74 java.net.URLClassLoader.defineClass(String, Resource)","8","23"
"URLClassLoader.java:468 java.security.SecureClassLoader.defineClass(String, byte[], int, int, CodeSource)","8","24"
"SecureClassLoader.java:142 java.lang.ClassLoader.defineClass(String, byte[], int, int, ProtectionDomain)","8","25"
"ClassLoader.java:763 java.lang.ClassLoader.defineClass1(String, byte[], int, int, ProtectionDomain, String)","8","26"
"main Group: 'main' Native ID: 19641","320","1"
"org.openjdk.jmh.runner.ForkedMain.main(String[])","320","2"
"ForkedMain.java:72 org.openjdk.jmh.runner.link.BinaryLinkClient.<init>(String, int)","132","3"
"BinaryLinkClient.java:74 java.io.ObjectInputStream.<clinit>()","96","4"
"ObjectInputStream.java:3920 java.lang.invoke.MethodHandleNatives.linkCallSite(Object, Object, Object, Object, Object, Object[])","48","5"
"MethodHandleNatives.java:297 java.lang.invoke.MethodHandleNatives.linkCallSiteImpl(Class, MethodHandle, String, MethodType, Object, Object[])","48","6"
"MethodHandleNatives.java:307 java.lang.invoke.CallSite.<clinit>()","36","7"
"CallSite.java:226 java.lang.invoke.MethodHandles$Lookup.findStatic(Class, String, MethodType)","36","8"
"MethodHandles.java:781 java.lang.invoke.MethodHandles$Lookup.getDirectMethod(byte, Class, MemberName, Class)","36","9"
"MethodHandles.java:1605 java.lang.invoke.MethodHandles$Lookup.getDirectMethodCommon(byte, Class, MemberName, boolean, boolean, Class)","36","10"
"MethodHandles.java:1670 java.lang.invoke.MethodHandle.setVarargs(MemberName)","36","11"
"MethodHandle.java:1325 java.lang.invoke.MethodHandleImpl.makeVarargsCollector(MethodHandle, Class)","36","12"
"MethodHandleImpl.java:445 java.lang.invoke.MethodHandleImpl$AsVarargsCollector.<init>(MethodHandle, Class)","36","13"
"MethodHandleImpl.java:454 java.lang.invoke.MethodHandleImpl$AsVarargsCollector.<init>(MethodType, MethodHandle, Class)","36","14"
"MethodHandleImpl.java:460 java.lang.invoke.MethodHandle.asCollector(Class, int)","32","15"
"MethodHandle.java:999 java.lang.invoke.MethodHandleImpl.varargsArray(Class, int)","32","16"
"MethodHandleImpl.java:1623 java.lang.invoke.MethodHandleImpl.varargsArray(int)","32","17"
"MethodHandleImpl.java:1506 java.lang.invoke.MethodHandleImpl$Lazy.<clinit>()","32","18"
"MethodHandleImpl.java:610 java.lang.invoke.MethodHandleImpl.access$000()","20","19"
"MethodHandleImpl.java:49 java.lang.invoke.MethodHandleImpl.makeArrays()","20","20"
"MethodHandleImpl.java:1429 java.lang.invoke.MethodHandleImpl.makeIntrinsic(MethodHandle, MethodHandleImpl$Intrinsic)","12","21"
"MethodHandleImpl.java:1373 java.lang.invoke.MethodHandleImpl$IntrinsicMethodHandle.<init>(MethodHandle, MethodHandleImpl$Intrinsic)","12","22"
"MethodHandleImpl.java:1331 java.lang.invoke.DelegatingMethodHandle.<init>(MethodType, MethodHandle)","12","23"
"DelegatingMethodHandle.java:44 java.lang.invoke.MethodHandle.<init>(MethodType, LambdaForm)","8","24"
"MethodHandle.java:461 java.lang.invoke.LambdaForm.prepare()","8","25"
"LambdaForm.java:635 java.lang.invoke.LambdaForm.compileToBytecode()","8","26"
"LambdaForm.java:654 java.lang.invoke.InvokerBytecodeGenerator.generateCustomizedCode(LambdaForm, MethodType)","8","27"
"InvokerBytecodeGenerator.java:618 java.lang.invoke.InvokerBytecodeGenerator.loadMethod(byte[])","8","28"
"InvokerBytecodeGenerator.java:276 java.lang.invoke.InvokerBytecodeGenerator.loadAndInitializeInvokerClass(byte[], Object[])","8","29"
"InvokerBytecodeGenerator.java:284 sun.misc.Unsafe.defineAnonymousClass(Class, byte[], Object[])","8","30"
"DelegatingMethodHandle.java:44 java.lang.invoke.DelegatingMethodHandle.chooseDelegatingForm(MethodHandle)","4","24"
"DelegatingMethodHandle.java:92 java.lang.invoke.DelegatingMethodHandle.makeReinvokerForm(MethodHandle, int, Object, LambdaForm$NamedFunction)","4","25"
"DelegatingMethodHandle.java:106 java.lang.invoke.DelegatingMethodHandle.makeReinvokerForm(MethodHandle, int, Object, String, boolean, LambdaForm$NamedFunction, LambdaForm$NamedFunction)","4","26"
"DelegatingMethodHandle.java:146 java.lang.invoke.LambdaForm$Name.<init>(MethodType, Object[])","4","27"
"LambdaForm.java:1400 java.lang.invoke.LambdaForm$NamedFunction.<init>(MethodType)","4","28"
"LambdaForm.java:1042 java.lang.invoke.Invokers.basicInvoker()","4","29"
"Invokers.java:85 java.lang.invoke.DirectMethodHandle.make(MemberName)","4","30"
"DirectMethodHandle.java:115 java.lang.invoke.DirectMethodHandle.make(Class, MemberName)","4","31"
"DirectMethodHandle.java:110 java.lang.invoke.DirectMethodHandle.make(byte, Class, MemberName)","4","32"
"DirectMethodHandle.java:89 java.lang.invoke.DirectMethodHandle.preparedLambdaForm(MemberName)","4","33"
"DirectMethodHandle.java:183 java.lang.invoke.DirectMethodHandle.preparedLambdaForm(MethodType, int)","4","34"
"DirectMethodHandle.java:194 java.lang.invoke.DirectMethodHandle.makePreparedLambdaForm(MethodType, int)","4","35"
"DirectMethodHandle.java:260 java.lang.invoke.LambdaForm.compileToBytecode()","4","36"
"LambdaForm.java:654 java.lang.invoke.InvokerBytecodeGenerator.generateCustomizedCode(LambdaForm, MethodType)","4","37"
"InvokerBytecodeGenerator.java:618 java.lang.invoke.InvokerBytecodeGenerator.loadMethod(byte[])","4","38"
"InvokerBytecodeGenerator.java:276 java.lang.invoke.InvokerBytecodeGenerator.loadAndInitializeInvokerClass(byte[], Object[])","4","39"
"InvokerBytecodeGenerator.java:284 sun.misc.Unsafe.defineAnonymousClass(Class, byte[], Object[])","4","40"
"MethodHandleImpl.java:1427 java.lang.invoke.MethodHandleImpl.findCollector(String, int, Class, Class[])","8","21"
"MethodHandleImpl.java:1387 java.lang.invoke.MethodHandles$Lookup.findStatic(Class, String, MethodType)","8","22"
"MethodHandles.java:781 java.lang.invoke.MethodHandles$Lookup.getDirectMethod(byte, Class, MemberName, Class)","4","23"
"MethodHandles.java:1605 java.lang.invoke.MethodHandles$Lookup.getDirectMethodCommon(byte, Class, MemberName, boolean, boolean, Class)","4","24"
"MethodHandles.java:1660 java.lang.invoke.DirectMethodHandle.make(byte, Class, MemberName)","4","25"
"DirectMethodHandle.java:89 java.lang.invoke.DirectMethodHandle.preparedLambdaForm(MemberName)","4","26"
"DirectMethodHandle.java:183 java.lang.invoke.DirectMethodHandle.preparedLambdaForm(MethodType, int)","4","27"
"DirectMethodHandle.java:194 java.lang.invoke.DirectMethodHandle.makePreparedLambdaForm(MethodType, int)","4","28"
"DirectMethodHandle.java:260 java.lang.invoke.LambdaForm.compileToBytecode()","4","29"
"LambdaForm.java:654 java.lang.invoke.InvokerBytecodeGenerator.generateCustomizedCode(LambdaForm, MethodType)","4","30"
"InvokerBytecodeGenerator.java:618 java.lang.invoke.InvokerBytecodeGenerator.generateCustomizedCodeBytes()","4","31"
"InvokerBytecodeGenerator.java:634 java.lang.invoke.InvokerBytecodeGenerator.classFilePrologue()","4","32"
"InvokerBytecodeGenerator.java:312 jdk.internal.org.objectweb.asm.ClassWriter.visitMethod(int, String, String, String, String[])","4","33"
"ClassWriter.java:822 jdk.internal.org.objectweb.asm.MethodWriter.<init>(ClassWriter, int, String, String, String, String[], boolean, boolean)","4","34"
"MethodWriter.java:513 jdk.internal.org.objectweb.asm.Type.getArgumentsAndReturnSizes(String)","4","35"
"Type.java:461","4","36"
"MethodHandles.java:780 java.lang.invoke.MethodHandles$Lookup.resolveOrFail(byte, Class, String, MethodType)","4","23"
"MethodHandles.java:1386 java.lang.invoke.MemberName$Factory.resolveOrFail(byte, MemberName, Class, Class)","4","24"
"MemberName.java:1000 java.lang.invoke.MemberName$Factory.resolve(byte, MemberName, Class)","4","25"
"MemberName.java:975 java.lang.invoke.MethodHandleNatives.resolve(MemberName, Class)","4","26"
"MethodHandleImpl.java:627 java.lang.invoke.MethodHandles$Lookup.findStatic(Class, String, MethodType)","12","19"
"MethodHandles.java:781 java.lang.invoke.MethodHandles$Lookup.getDirectMethod(byte, Class, MemberName, Class)","12","20"
"MethodHandles.java:1605 java.lang.invoke.MethodHandles$Lookup.getDirectMethodCommon(byte, Class, MemberName, boolean, boolean, Class)","12","21"
"MethodHandles.java:1670 java.lang.invoke.MethodHandle.setVarargs(MemberName)","12","22"
"MethodHandle.java:1325 java.lang.invoke.MethodHandleImpl.makeVarargsCollector(MethodHandle, Class)","12","23"
"MethodHandleImpl.java:445 java.lang.invoke.MethodHandleImpl$AsVarargsCollector.<init>(MethodHandle, Class)","12","24"
"MethodHandleImpl.java:454 java.lang.invoke.MethodHandleImpl$AsVarargsCollector.<init>(MethodType, MethodHandle, Class)","12","25"
"MethodHandleImpl.java:460 java.lang.invoke.MethodHandle.asCollector(Class, int)","12","26"
"MethodHandle.java:1002 java.lang.invoke.BoundMethodHandle$Species_L.copyWith(MethodType, LambdaForm)","8","27"
"BoundMethodHandle.java:228 java.lang.invoke.BoundMethodHandle$Species_L.<init>(MethodType, LambdaForm, Object)","8","28"
"BoundMethodHandle.java:211 java.lang.invoke.BoundMethodHandle.<init>(MethodType, LambdaForm)","8","29"
"BoundMethodHandle.java:58 java.lang.invoke.MethodHandle.<init>(MethodType, LambdaForm)","8","30"
"MethodHandle.java:461 java.lang.invoke.LambdaForm.prepare()","8","31"
"LambdaForm.java:635 java.lang.invoke.LambdaForm.compileToBytecode()","8","32"
"LambdaForm.java:654 java.lang.invoke.InvokerBytecodeGenerator.generateCustomizedCode(LambdaForm, MethodType)","8","33"
"InvokerBytecodeGenerator.java:618 java.lang.invoke.InvokerBytecodeGenerator.generateCustomizedCodeBytes()","8","34"
"InvokerBytecodeGenerator.java:714 java.lang.invoke.InvokerBytecodeGenerator.isStaticallyInvocable(MemberName)","8","35"
"InvokerBytecodeGenerator.java:799 java.lang.invoke.MemberName.getMethodOrFieldType()","8","36"
"MemberName.java:112 java.lang.invoke.MethodType.methodType(Class)","8","37"
"MethodType.java:259 java.lang.invoke.MethodType.makeImpl(Class, Class[], boolean)","8","38"
"MethodType.java:301 java.lang.invoke.MethodType$ConcurrentWeakInternSet.get(Object)","8","39"
"MethodType.java:1226 java.lang.invoke.MethodType$ConcurrentWeakInternSet$WeakEntry.<init>(Object)","8","40"
"MethodType.java:1280 java.lang.invoke.MethodType.hashCode()","8","41"
"MethodType.java:775 java.lang.Object.hashCode()","8","42"
"MethodHandle.java:997 java.lang.invoke.DirectMethodHandle.rebind()","4","27"
"DirectMethodHandle.java:137 java.lang.invoke.BoundMethodHandle.makeReinvoker(MethodHandle)","4","28"
"BoundMethodHandle.java:141 java.lang.invoke.BoundMethodHandle$Species_L.make(MethodType, LambdaForm, Object)","4","29"
"BoundMethodHandle.java:224 java.lang.invoke.BoundMethodHandle$Species_L.<init>(MethodType, LambdaForm, Object)","4","30"
"BoundMethodHandle.java:211 java.lang.invoke.BoundMethodHandle.<init>(MethodType, LambdaForm)","4","31"
"BoundMethodHandle.java:58 java.lang.invoke.MethodHandle.<init>(MethodType, LambdaForm)","4","32"
"MethodHandle.java:461 java.lang.invoke.LambdaForm.prepare()","4","33"
"LambdaForm.java:635 java.lang.invoke.LambdaForm.compileToBytecode()","4","34"
"LambdaForm.java:654 java.lang.invoke.InvokerBytecodeGenerator.generateCustomizedCode(LambdaForm, MethodType)","4","35"
"InvokerBytecodeGenerator.java:618 java.lang.invoke.InvokerBytecodeGenerator.generateCustomizedCodeBytes()","4","36"
"InvokerBytecodeGenerator.java:715 java.lang.invoke.InvokerBytecodeGenerator.emitStaticInvoke(MemberName, LambdaForm$Name)","4","37"
"InvokerBytecodeGenerator.java:862 java.lang.invoke.InvokerBytecodeGenerator.emitPushArguments(LambdaForm$Name)","4","38"
"InvokerBytecodeGenerator.java:1139 java.lang.invoke.InvokerBytecodeGenerator.emitPushArguments(LambdaForm$Name, int)","4","39"
"InvokerBytecodeGenerator.java:1144 java.lang.invoke.InvokerBytecodeGenerator.emitPushArgument(LambdaForm$Name, int)","4","40"
"InvokerBytecodeGenerator.java:1151 java.lang.invoke.InvokerBytecodeGenerator.emitPushArgument(Class, Object)","4","41"
"InvokerBytecodeGenerator.java:1159 java.lang.invoke.InvokerBytecodeGenerator.emitImplicitConversion(LambdaForm$BasicType, Class, Object)","4","42"
"InvokerBytecodeGenerator.java:534 java.lang.invoke.InvokerBytecodeGenerator.emitReferenceCast(Class, Object)","4","43"
"InvokerBytecodeGenerator.java:569 jdk.internal.org.objectweb.asm.MethodWriter.visitTypeInsn(int, String)","4","44"
"MethodWriter.java:859 jdk.internal.org.objectweb.asm.Frame.execute(int, int, ClassWriter, Item)","4","45"
"Frame.java:1289 jdk.internal.org.objectweb.asm.ClassWriter.addType(String)","4","46"
"ClassWriter.java:1610 jdk.internal.org.objectweb.asm.ClassWriter.addType(Item)","4","47"
"ClassWriter.java:1652","4","48"
"MethodHandleImpl.java:457 java.lang.invoke.DelegatingMethodHandle.<init>(MethodType, MethodHandle)","4","15"
"DelegatingMethodHandle.java:44 java.lang.invoke.MethodHandle.<init>(MethodType, LambdaForm)","4","16"
"MethodHandle.java:461 java.lang.invoke.LambdaForm.prepare()","4","17"
"LambdaForm.java:635 java.lang.invoke.LambdaForm.compileToBytecode()","4","18"
"LambdaForm.java:654 java.lang.invoke.InvokerBytecodeGenerator.generateCustomizedCode(LambdaForm, MethodType)","4","19"
"InvokerBytecodeGenerator.java:618 java.lang.invoke.InvokerBytecodeGenerator.loadMethod(byte[])","4","20"
"InvokerBytecodeGenerator.java:276 java.lang.invoke.InvokerBytecodeGenerator.loadAndInitializeInvokerClass(byte[], Object[])","4","21"
"InvokerBytecodeGenerator.java:284 sun.misc.Unsafe.defineAnonymousClass(Class, byte[], Object[])","4","22"
"MethodHandleNatives.java:307 java.lang.invoke.CallSite.makeSite(MethodHandle, String, MethodType, Object, Class)","12","7"
"CallSite.java:302 java.lang.invoke.LambdaForm$MH.1831932724.invoke_MT(Object, Object, Object, Object, Object, Object, Object, Object)","12","8"
"LambdaForm$MH java.lang.invoke.Invokers.checkGenericType(Object, Object)","8","9"
"Invokers.java:321 java.lang.invoke.MethodHandle.asType(MethodType)","8","10"
"MethodHandle.java:761 java.lang.invoke.MethodHandle.asTypeUncached(MethodType)","8","11"
"MethodHandle.java:776 java.lang.invoke.MethodHandleImpl.makePairwiseConvert(MethodHandle, MethodType, boolean)","8","12"
"MethodHandleImpl.java:380 java.lang.invoke.MethodHandleImpl.makePairwiseConvert(MethodHandle, MethodType, boolean, boolean)","8","13"
"MethodHandleImpl.java:194 java.lang.invoke.MethodHandleImpl.makePairwiseConvertByEditor(MethodHandle, MethodType, boolean, boolean)","8","14"
"MethodHandleImpl.java:230 java.lang.invoke.LambdaFormEditor.filterArgumentForm(int, LambdaForm$BasicType)","4","15"
"LambdaFormEditor.java:645 java.lang.invoke.LambdaFormEditor.makeArgumentCombinationForm(int, MethodType, boolean, boolean)","4","16"
"LambdaFormEditor.java:664 java.lang.invoke.LambdaFormEditor.newSpeciesData(LambdaForm$BasicType)","4","17"
"LambdaFormEditor.java:396 java.lang.invoke.BoundMethodHandle$SpeciesData.extendWith(LambdaForm$BasicType)","4","18"
"BoundMethodHandle.java:378 java.lang.invoke.BoundMethodHandle$SpeciesData.get(String)","4","19"
"BoundMethodHandle.java:383 java.util.concurrent.ConcurrentHashMap.computeIfAbsent(Object, Function)","4","20"
"ConcurrentHashMap.java:1660 java.lang.invoke.BoundMethodHandle$SpeciesData$1.apply(Object)","4","21"
"BoundMethodHandle.java:383 java.lang.invoke.BoundMethodHandle$SpeciesData$1.apply(String)","4","22"
"BoundMethodHandle.java:386 java.lang.invoke.BoundMethodHandle$Factory.getConcreteBMHClass(String)","4","23"
"BoundMethodHandle.java:488 java.util.concurrent.ConcurrentHashMap.computeIfAbsent(Object, Function)","4","24"
"ConcurrentHashMap.java:1660 java.lang.invoke.BoundMethodHandle$Factory$1.apply(Object)","4","25"
"BoundMethodHandle.java:489 java.lang.invoke.BoundMethodHandle$Factory$1.apply(String)","4","26"
"BoundMethodHandle.java:492 java.lang.invoke.BoundMethodHandle$Factory.generateConcreteBMHClass(String)","4","27"
"BoundMethodHandle.java:707 sun.misc.Unsafe.defineClass(String, byte[], int, int, ClassLoader, ProtectionDomain)","4","28"
"MethodHandleImpl.java:221 java.lang.invoke.MethodHandle.bindTo(Object)","4","15"
"MethodHandle.java:1277 java.lang.invoke.MethodHandle.bindArgumentL(int, Object)","4","16"
"MethodHandle.java:1317 java.lang.invoke.BoundMethodHandle.bindArgumentL(int, Object)","4","17"
"BoundMethodHandle.java:99 java.lang.invoke.LambdaFormEditor.bindArgumentL(BoundMethodHandle, int, Object)","4","18"
"LambdaFormEditor.java:403 java.lang.invoke.LambdaFormEditor.bindArgumentForm(int)","4","19"
"LambdaFormEditor.java:459 java.lang.invoke.LambdaFormEditor.newSpeciesData(LambdaForm$BasicType)","4","20"
"LambdaFormEditor.java:396 java.lang.invoke.BoundMethodHandle$SpeciesData.extendWith(LambdaForm$BasicType)","4","21"
"BoundMethodHandle.java:378 java.lang.invoke.BoundMethodHandle$SpeciesData.get(String)","4","22"
"BoundMethodHandle.java:383 java.util.concurrent.ConcurrentHashMap.computeIfAbsent(Object, Function)","4","23"
"ConcurrentHashMap.java:1688 java.lang.invoke.BoundMethodHandle$SpeciesData$1.apply(Object)","4","24"
"BoundMethodHandle.java:383 java.lang.invoke.BoundMethodHandle$SpeciesData$1.apply(String)","4","25"
"BoundMethodHandle.java:386 java.lang.invoke.BoundMethodHandle$Factory.getConcreteBMHClass(String)","4","26"
"BoundMethodHandle.java:488 java.util.concurrent.ConcurrentHashMap.computeIfAbsent(Object, Function)","4","27"
"ConcurrentHashMap.java:1660 java.lang.invoke.BoundMethodHandle$Factory$1.apply(Object)","4","28"
"BoundMethodHandle.java:489 java.lang.invoke.BoundMethodHandle$Factory$1.apply(String)","4","29"
"BoundMethodHandle.java:492 java.lang.invoke.BoundMethodHandle$Factory.generateConcreteBMHClass(String)","4","30"
"BoundMethodHandle.java:572 jdk.internal.org.objectweb.asm.ClassWriter.visitField(int, String, String, String, Object)","4","31"
"ClassWriter.java:816","4","32"
"LambdaForm$MH java.lang.invoke.LambdaForm$BMH.1989780873.reinvoke(Object, Object, Object, Object, Object, Object, Object)","4","9"
"LambdaForm$BMH java.lang.invoke.LambdaForm$DMH.664740647.invokeStatic_L6_L(Object, Object, Object, Object, Object, Object, Object)","4","10"
"LambdaForm$DMH java.lang.invoke.LambdaMetafactory.metafactory(MethodHandles$Lookup, String, MethodType, MethodType, MethodHandle, MethodType)","4","11"
"LambdaMetafactory.java:299 java.lang.invoke.InnerClassLambdaMetafactory.<clinit>()","4","12"
"InnerClassLambdaMetafactory.java:91","4","13"
"ObjectInputStream.java:3920 java.lang.invoke.MethodHandleNatives.linkMethodHandleConstant(Class, int, Class, String, Object)","48","5"
"MethodHandleNatives.java:477 java.lang.invoke.MethodHandles$Lookup.linkMethodHandleConstant(byte, Class, String, Object)","44","6"
"MethodHandles.java:1751 java.lang.invoke.MethodHandles$Lookup.getDirectMethodForConstant(byte, Class, MemberName)","44","7"
"MethodHandles.java:1802 java.lang.invoke.MethodHandles$Lookup.getDirectMethodNoSecurityManager(byte, Class, MemberName, Class)","44","8"
"MethodHandles.java:1617 java.lang.invoke.MethodHandles$Lookup.getDirectMethodCommon(byte, Class, MemberName, boolean, boolean, Class)","44","9"
"MethodHandles.java:1660 java.lang.invoke.DirectMethodHandle.make(byte, Class, MemberName)","44","10"
"DirectMethodHandle.java:89 java.lang.invoke.DirectMethodHandle.preparedLambdaForm(MemberName)","44","11"
"DirectMethodHandle.java:183 java.lang.invoke.DirectMethodHandle.preparedLambdaForm(MethodType, int)","44","12"
"DirectMethodHandle.java:194 java.lang.invoke.DirectMethodHandle.makePreparedLambdaForm(MethodType, int)","44","13"
"DirectMethodHandle.java:231 java.lang.invoke.LambdaForm.<clinit>()","40","14"
"LambdaForm.java:1833 java.lang.invoke.LambdaForm.createIdentityForms()","28","15"
"LambdaForm.java:1778 java.lang.invoke.BoundMethodHandle.<clinit>()","28","16"
"BoundMethodHandle.java:830 java.lang.invoke.BoundMethodHandle$SpeciesData.<clinit>()","28","17"
"BoundMethodHandle.java:426 java.lang.invoke.BoundMethodHandle$SpeciesData.initForBootstrap()","20","18"
"BoundMethodHandle.java:361 java.lang.invoke.BoundMethodHandle$Factory.makeCtors(Class, String, MethodHandle[])","16","19"
"BoundMethodHandle.java:763 java.lang.invoke.BoundMethodHandle$Factory.makeCbmhCtor(Class, String)","16","20"
"BoundMethodHandle.java:818 java.lang.invoke.MethodHandles$Lookup.findStatic(Class, String, MethodType)","16","21"
"MethodHandles.java:781 java.lang.invoke.MethodHandles$Lookup.getDirectMethod(byte, Class, MemberName, Class)","16","22"
"MethodHandles.java:1605 java.lang.invoke.MethodHandles$Lookup.getDirectMethodCommon(byte, Class, MemberName, boolean, boolean, Class)","16","23"
"MethodHandles.java:1660 java.lang.invoke.DirectMethodHandle.make(byte, Class, MemberName)","16","24"
"DirectMethodHandle.java:89 java.lang.invoke.DirectMethodHandle.preparedLambdaForm(MemberName)","16","25"
"DirectMethodHandle.java:183 java.lang.invoke.DirectMethodHandle.preparedLambdaForm(MethodType, int)","16","26"
"DirectMethodHandle.java:194 java.lang.invoke.DirectMethodHandle.makePreparedLambdaForm(MethodType, int)","16","27"
"DirectMethodHandle.java:240 java.lang.invoke.DirectMethodHandle$Lazy.<clinit>()","16","28"
"DirectMethodHandle.java:727 java.lang.invoke.LambdaForm$NamedFunction.resolve()","16","29"
"LambdaForm.java:1078 java.lang.invoke.DirectMethodHandle.make(MemberName)","16","30"
"DirectMethodHandle.java:115 java.lang.invoke.DirectMethodHandle.make(Class, MemberName)","16","31"
"DirectMethodHandle.java:110 java.lang.invoke.DirectMethodHandle.make(byte, Class, MemberName)","16","32"
"DirectMethodHandle.java:89 java.lang.invoke.DirectMethodHandle.preparedLambdaForm(MemberName)","16","33"
"DirectMethodHandle.java:183 java.lang.invoke.DirectMethodHandle.preparedLambdaForm(MethodType, int)","16","34"
"DirectMethodHandle.java:194 java.lang.invoke.DirectMethodHandle.makePreparedLambdaForm(MethodType, int)","16","35"
"DirectMethodHandle.java:260 java.lang.invoke.LambdaForm.compileToBytecode()","16","36"
"LambdaForm.java:654 java.lang.invoke.InvokerBytecodeGenerator.generateCustomizedCode(LambdaForm, MethodType)","12","37"
"InvokerBytecodeGenerator.java:618 java.lang.invoke.InvokerBytecodeGenerator.generateCustomizedCodeBytes()","12","38"
"InvokerBytecodeGenerator.java:634 java.lang.invoke.InvokerBytecodeGenerator.classFilePrologue()","8","39"
"InvokerBytecodeGenerator.java:312 jdk.internal.org.objectweb.asm.ClassWriter.visitMethod(int, String, String, String, String[])","8","40"
"ClassWriter.java:822","8","41"
"InvokerBytecodeGenerator.java:715 java.lang.invoke.InvokerBytecodeGenerator.emitStaticInvoke(MemberName, LambdaForm$Name)","4","39"
"InvokerBytecodeGenerator.java:862 java.lang.invoke.InvokerBytecodeGenerator.emitPushArguments(LambdaForm$Name)","4","40"
"InvokerBytecodeGenerator.java:1139 java.lang.invoke.InvokerBytecodeGenerator.emitPushArguments(LambdaForm$Name, int)","4","41"
"InvokerBytecodeGenerator.java:1144 java.lang.invoke.InvokerBytecodeGenerator.emitPushArgument(LambdaForm$Name, int)","4","42"
"InvokerBytecodeGenerator.java:1151 java.lang.invoke.InvokerBytecodeGenerator.emitPushArgument(Class, Object)","4","43"
"InvokerBytecodeGenerator.java:1159 java.lang.invoke.InvokerBytecodeGenerator.emitImplicitConversion(LambdaForm$BasicType, Class, Object)","4","44"
"InvokerBytecodeGenerator.java:534 java.lang.invoke.InvokerBytecodeGenerator.emitReferenceCast(Class, Object)","4","45"
"InvokerBytecodeGenerator.java:562","4","46"
"LambdaForm.java:654","4","37"
"BoundMethodHandle.java:362 java.lang.invoke.BoundMethodHandle$Factory.makeGetters(Class, String, MethodHandle[])","4","19"
"BoundMethodHandle.java:754 java.lang.invoke.BoundMethodHandle$Factory.makeGetter(Class, String, int)","4","20"
"BoundMethodHandle.java:745 java.lang.invoke.MethodHandles$Lookup.findGetter(Class, String, Class)","4","21"
"MethodHandles.java:1027 java.lang.invoke.MethodHandles$Lookup.getDirectField(byte, Class, MemberName)","4","22"
"MethodHandles.java:1688 java.lang.invoke.MethodHandles$Lookup.getDirectFieldCommon(byte, Class, MemberName, boolean)","4","23"
"MethodHandles.java:1702 java.lang.invoke.DirectMethodHandle.make(Class, MemberName)","4","24"
"DirectMethodHandle.java:110 java.lang.invoke.DirectMethodHandle.make(byte, Class, MemberName)","4","25"
"DirectMethodHandle.java:94 java.lang.invoke.DirectMethodHandle.preparedFieldLambdaForm(MemberName)","4","26"
"DirectMethodHandle.java:586 java.lang.invoke.DirectMethodHandle.maybeCompile(LambdaForm, MemberName)","4","27"
"DirectMethodHandle.java:277 java.lang.invoke.LambdaForm.compileToBytecode()","4","28"
"LambdaForm.java:654 java.lang.invoke.InvokerBytecodeGenerator.generateCustomizedCode(LambdaForm, MethodType)","4","29"
"InvokerBytecodeGenerator.java:618 java.lang.invoke.InvokerBytecodeGenerator.generateCustomizedCodeBytes()","4","30"
"InvokerBytecodeGenerator.java:715 java.lang.invoke.InvokerBytecodeGenerator.emitStaticInvoke(MemberName, LambdaForm$Name)","4","31"
"InvokerBytecodeGenerator.java:862 java.lang.invoke.InvokerBytecodeGenerator.emitPushArguments(LambdaForm$Name)","4","32"
"InvokerBytecodeGenerator.java:1139 java.lang.invoke.InvokerBytecodeGenerator.emitPushArguments(LambdaForm$Name, int)","4","33"
"InvokerBytecodeGenerator.java:1144 java.lang.invoke.InvokerBytecodeGenerator.emitPushArgument(LambdaForm$Name, int)","4","34"
"InvokerBytecodeGenerator.java:1151 java.lang.invoke.InvokerBytecodeGenerator.emitPushArgument(Class, Object)","4","35"
"InvokerBytecodeGenerator.java:1166 java.lang.invoke.InvokerBytecodeGenerator.constantPlaceholder(Object)","4","36"
"InvokerBytecodeGenerator.java:231","4","37"
"BoundMethodHandle.java:426","8","18"
"LambdaForm.java:1835 java.lang.invoke.LambdaForm.computeInitialPreparedForms()","8","15"
"LambdaForm.java:666 java.lang.invoke.MemberName$Factory.getMethods(Class, boolean, String, MethodType, Class)","8","16"
"MemberName.java:1038 java.lang.invoke.MemberName$Factory.getMembers(Class, String, Object, int, Class)","8","17"
"MemberName.java:937 java.util.AbstractList.subList(int, int)","8","18"
"AbstractList.java:484","8","19"
"LambdaForm.java:1699 java.lang.invoke.LambdaForm$Name.<init>(int, LambdaForm$BasicType)","4","15"
"LambdaForm.java:1414 java.lang.invoke.LambdaForm$Name.<init>(int, LambdaForm$BasicType, LambdaForm$NamedFunction, Object[])","4","16"
"LambdaForm.java:1379","4","17"
"DirectMethodHandle.java:260 java.lang.invoke.LambdaForm.compileToBytecode()","4","14"
"LambdaForm.java:654 java.lang.invoke.InvokerBytecodeGenerator.generateCustomizedCode(LambdaForm, MethodType)","4","15"
"InvokerBytecodeGenerator.java:618 java.lang.invoke.InvokerBytecodeGenerator.loadMethod(byte[])","4","16"
"InvokerBytecodeGenerator.java:276 java.lang.invoke.InvokerBytecodeGenerator.loadAndInitializeInvokerClass(byte[], Object[])","4","17"
"InvokerBytecodeGenerator.java:284 sun.misc.Unsafe.defineAnonymousClass(Class, byte[], Object[])","4","18"
"MethodHandleNatives.java:475 java.lang.invoke.MethodHandles$Lookup.<clinit>()","4","6"
"MethodHandles.java:663 java.lang.invoke.MethodHandles.<clinit>()","4","7"
"MethodHandles.java:2304 sun.invoke.util.Wrapper.<clinit>()","4","8"
"Wrapper.java:34 java.lang.Character.valueOf(char)","4","9"
"Character.java:4571 java.lang.Character$CharacterCache.<clinit>()","4","10"
"Character.java:4544","4","11"
"BinaryLinkClient.java:78 java.lang.reflect.Proxy.newProxyInstance(ClassLoader, Class[], InvocationHandler)","24","4"
"Proxy.java:719 java.lang.reflect.Proxy.getProxyClass0(ClassLoader, Class[])","16","5"
"Proxy.java:419 java.lang.reflect.WeakCache.get(Object, Object)","16","6"
"WeakCache.java:127 java.lang.reflect.WeakCache$Factory.get()","16","7"
"WeakCache.java:230 java.lang.reflect.Proxy$ProxyClassFactory.apply(Object, Object)","16","8"
"Proxy.java:557 java.lang.reflect.Proxy$ProxyClassFactory.apply(ClassLoader, Class[])","16","9"
"Proxy.java:639 sun.misc.ProxyGenerator.generateProxyClass(String, Class[], int)","16","10"
"ProxyGenerator.java:339 sun.misc.ProxyGenerator.generateClassFile()","16","11"
"ProxyGenerator.java:451 java.lang.Class.getMethods()","8","12"
"Class.java:1615 java.lang.Class.privateGetPublicMethods()","8","13"
"Class.java:2902 java.lang.Class.privateGetDeclaredMethods(boolean)","8","14"
"Class.java:2701 java.lang.Class.getDeclaredMethods0(boolean)","8","15"
"Class.java (native) java.lang.ClassLoader.loadClass(String)","8","16"
"ClassLoader.java:357 sun.misc.Launcher$AppClassLoader.loadClass(String, boolean)","8","17"
"Launcher.java:349 java.lang.ClassLoader.loadClass(String, boolean)","8","18"
"ClassLoader.java:424 java.net.URLClassLoader.findClass(String)","8","19"
"URLClassLoader.java:362 java.security.AccessController.doPrivileged(PrivilegedExceptionAction, AccessControlContext)","8","20"
"AccessController.java (native) java.net.URLClassLoader$1.run()","8","21"
"URLClassLoader.java:363 java.net.URLClassLoader$1.run()","8","22"
"URLClassLoader.java:369 java.net.URLClassLoader.access$100(URLClassLoader, String, Resource)","8","23"
"URLClassLoader.java:74 java.net.URLClassLoader.defineClass(String, Resource)","8","24"
"URLClassLoader.java:468 java.security.SecureClassLoader.defineClass(String, byte[], int, int, CodeSource)","8","25"
"SecureClassLoader.java:142 java.lang.ClassLoader.defineClass(String, byte[], int, int, ProtectionDomain)","8","26"
"ClassLoader.java:763 java.lang.ClassLoader.defineClass1(String, byte[], int, int, ProtectionDomain, String)","8","27"
"ClassLoader.java (native) java.lang.ClassLoader.loadClass(String)","8","28"
"ClassLoader.java:357 sun.misc.Launcher$AppClassLoader.loadClass(String, boolean)","8","29"
"Launcher.java:349 java.lang.ClassLoader.loadClass(String, boolean)","8","30"
"ClassLoader.java:411 java.lang.ClassLoader.loadClass(String, boolean)","4","31"
"ClassLoader.java:424 java.net.URLClassLoader.findClass(String)","4","32"
"URLClassLoader.java:382","4","33"
"ClassLoader.java:424 java.net.URLClassLoader.findClass(String)","4","31"
"URLClassLoader.java:362 java.security.AccessController.doPrivileged(PrivilegedExceptionAction, AccessControlContext)","4","32"
"AccessController.java (native) java.net.URLClassLoader$1.run()","4","33"
"URLClassLoader.java:363 java.net.URLClassLoader$1.run()","4","34"
"URLClassLoader.java:369 java.net.URLClassLoader.access$100(URLClassLoader, String, Resource)","4","35"
"URLClassLoader.java:74 java.net.URLClassLoader.defineClass(String, Resource)","4","36"
"URLClassLoader.java:468 java.security.SecureClassLoader.defineClass(String, byte[], int, int, CodeSource)","4","37"
"SecureClassLoader.java:142 java.lang.ClassLoader.defineClass(String, byte[], int, int, ProtectionDomain)","4","38"
"ClassLoader.java:763 java.lang.ClassLoader.defineClass1(String, byte[], int, int, ProtectionDomain, String)","4","39"
"ClassLoader.java (native) java.lang.ClassLoader.loadClass(String)","4","40"
"ClassLoader.java:357 sun.misc.Launcher$AppClassLoader.loadClass(String, boolean)","4","41"
"Launcher.java:349 java.lang.ClassLoader.loadClass(String, boolean)","4","42"
"ClassLoader.java:424 java.net.URLClassLoader.findClass(String)","4","43"
"URLClassLoader.java:362 java.security.AccessController.doPrivileged(PrivilegedExceptionAction, AccessControlContext)","4","44"
"AccessController.java (native) java.net.URLClassLoader$1.run()","4","45"
"URLClassLoader.java:363 java.net.URLClassLoader$1.run()","4","46"
"URLClassLoader.java:369 java.net.URLClassLoader.access$100(URLClassLoader, String, Resource)","4","47"
"URLClassLoader.java:74 java.net.URLClassLoader.defineClass(String, Resource)","4","48"
"URLClassLoader.java:468 java.security.SecureClassLoader.defineClass(String, byte[], int, int, CodeSource)","4","49"
"SecureClassLoader.java:142 java.lang.ClassLoader.defineClass(String, byte[], int, int, ProtectionDomain)","4","50"
"ClassLoader.java:763 java.lang.ClassLoader.defineClass1(String, byte[], int, int, ProtectionDomain, String)","4","51"
"ClassLoader.java (native) java.lang.ClassLoader.loadClass(String)","4","52"
"ClassLoader.java:357 sun.misc.Launcher$AppClassLoader.loadClass(String, boolean)","4","53"
"Launcher.java:349 java.lang.ClassLoader.loadClass(String, boolean)","4","54"
"ClassLoader.java:424 java.net.URLClassLoader.findClass(String)","4","55"
"URLClassLoader.java:362 java.security.AccessController.doPrivileged(PrivilegedExceptionAction, AccessControlContext)","4","56"
"AccessController.java (native) java.net.URLClassLoader$1.run()","4","57"
"URLClassLoader.java:363 java.net.URLClassLoader$1.run()","4","58"
"URLClassLoader.java:369 java.net.URLClassLoader.access$100(URLClassLoader, String, Resource)","4","59"
"URLClassLoader.java:74 java.net.URLClassLoader.defineClass(String, Resource)","4","60"
"URLClassLoader.java:468 java.security.SecureClassLoader.defineClass(String, byte[], int, int, CodeSource)","4","61"
"SecureClassLoader.java:142 java.lang.ClassLoader.defineClass(String, byte[], int, int, ProtectionDomain)","4","62"
"ClassLoader.java:763 java.lang.ClassLoader.defineClass1(String, byte[], int, int, ProtectionDomain, String)","4","63"
"ClassLoader.java (native) java.lang.ClassLoader.loadClass(String)","4","64"
"ClassLoader.java:357 sun.misc.Launcher$AppClassLoader.loadClass(String, boolean)","4","65"
"Launcher.java:349 java.lang.ClassLoader.loadClass(String, boolean)","4","66"
"ClassLoader.java:424 java.net.URLClassLoader.findClass(String)","4","67"
"URLClassLoader.java:362 java.security.AccessController.doPrivileged(PrivilegedExceptionAction, AccessControlContext)","4","68"
"AccessController.java (native) java.net.URLClassLoader$1.run()","4","69"
"URLClassLoader.java:363 java.net.URLClassLoader$1.run()","4","70"
"URLClassLoader.java:369 java.net.URLClassLoader.access$100(URLClassLoader, String, Resource)","4","71"
"URLClassLoader.java:74 java.net.URLClassLoader.defineClass(String, Resource)","4","72"
"URLClassLoader.java:468 java.security.SecureClassLoader.defineClass(String, byte[], int, int, CodeSource)","4","73"
"SecureClassLoader.java:142 java.lang.ClassLoader.defineClass(String, byte[], int, int, ProtectionDomain)","4","74"
"ClassLoader.java:763 java.lang.ClassLoader.defineClass1(String, byte[], int, int, ProtectionDomain, String)","4","75"
"ProxyGenerator.java:553","8","12"
"Proxy.java:739 java.lang.reflect.Constructor.newInstance(Object[])","8","5"
"Constructor.java:423 sun.reflect.DelegatingConstructorAccessorImpl.newInstance(Object[])","8","6"
"DelegatingConstructorAccessorImpl.java:45 sun.reflect.NativeConstructorAccessorImpl.newInstance(Object[])","8","7"
"NativeConstructorAccessorImpl.java:62 sun.reflect.NativeConstructorAccessorImpl.newInstance0(Constructor, Object[])","8","8"
"NativeConstructorAccessorImpl.java (native) com.sun.proxy.$Proxy5.<clinit>()","8","9"
"java.lang.Class.forName(String)","8","10"
"Class.java:264 java.lang.Class.forName0(String, boolean, ClassLoader, Class)","8","11"
"Class.java (native) org.openjdk.jmh.infra.BenchmarkParams.<clinit>()","8","12"
"BenchmarkParams.java:63 org.openjdk.jmh.util.Utils.check(Class, String[])","4","13"
"Utils.java:339 org.openjdk.jmh.util.Utils.check(Class, String)","4","14"
"Utils.java:347 org.openjdk.jmh.util.Utils.getOffset(Class, String)","4","15"
"Utils.java:356 java.lang.Class.getDeclaredField(String)","4","16"
"Class.java:2070","4","17"
"BenchmarkParams.java:59","4","13"
"BinaryLinkClient.java:74 java.io.ObjectInputStream.<init>(InputStream)","8","4"
"ObjectInputStream.java:356 sun.misc.ObjectInputFilter$Config.<clinit>()","8","5"
"ObjectInputFilter.java:249 java.security.AccessController.doPrivileged(PrivilegedAction)","8","6"
"AccessController.java (native) sun.misc.ObjectInputFilter$Config$$Lambda$2.run()","8","7"
"sun.misc.ObjectInputFilter$Config.lambda$static$0()","8","8"
"ObjectInputFilter.java:252 java.security.Security.<clinit>()","8","9"
"Security.java:69 java.security.AccessController.doPrivileged(PrivilegedAction)","8","10"
"AccessController.java (native) java.security.Security$1.run()","8","11"
"Security.java:69 java.security.Security$1.run()","8","12"
"Security.java:71 java.security.Security.access$000()","8","13"
"Security.java:49 java.security.Security.initialize()","8","14"
"Security.java:90 java.util.Properties.load(InputStream)","8","15"
"Properties.java:341 java.util.Properties.load0(Properties$LineReader)","8","16"
"Properties.java:353 java.util.Properties$LineReader.readLine()","8","17"
"Properties.java:433","8","18"
"BinaryLinkClient.java:74 java.net.Socket.getInputStream()","4","4"
"Socket.java:911 java.security.AccessController.doPrivileged(PrivilegedExceptionAction)","4","5"
"AccessController.java (native) java.net.Socket$2.run()","4","6"
"Socket.java:912 java.net.Socket$2.run()","4","7"
"Socket.java:914 java.net.AbstractPlainSocketImpl.getInputStream()","4","8"
"AbstractPlainSocketImpl.java:425 java.net.SocketInputStream.<clinit>()","4","9"
"SocketInputStream.java:46 java.net.SocketInputStream.init()","4","10"
"ForkedMain.java:84 org.openjdk.jmh.runner.ForkedRunner.run()","124","3"
"ForkedRunner.java:72 org.openjdk.jmh.runner.BaseRunner.runBenchmarksForked(ActionPlan, IterationResultAcceptor)","88","4"
"BaseRunner.java:76 org.openjdk.jmh.runner.BaseRunner.doSingle(BenchmarkParams, ActionMode, IterationResultAcceptor)","88","5"
"BaseRunner.java:139 org.openjdk.jmh.runner.BaseRunner.runBenchmark(BenchmarkParams, IterationResultAcceptor)","88","6"
"BaseRunner.java:233 org.openjdk.jmh.runner.BenchmarkHandler.<init>(OutputFormat, Options, BenchmarkParams)","60","7"
"BenchmarkHandler.java:71 org.openjdk.jmh.profile.ProfilerFactory.<clinit>()","16","8"
"ProfilerFactory.java:180 java.lang.ClassLoader.loadClass(String)","8","9"
"ClassLoader.java:357 sun.misc.Launcher$AppClassLoader.loadClass(String, boolean)","8","10"
"Launcher.java:349 java.lang.ClassLoader.loadClass(String, boolean)","8","11"
"ClassLoader.java:424 java.net.URLClassLoader.findClass(String)","8","12"
"URLClassLoader.java:362 java.security.AccessController.doPrivileged(PrivilegedExceptionAction, AccessControlContext)","8","13"
"AccessController.java (native) java.net.URLClassLoader$1.run()","8","14"
"URLClassLoader.java:363 java.net.URLClassLoader$1.run()","8","15"
"URLClassLoader.java:369 java.net.URLClassLoader.access$100(URLClassLoader, String, Resource)","8","16"
"URLClassLoader.java:74 java.net.URLClassLoader.defineClass(String, Resource)","8","17"
"URLClassLoader.java:468 java.security.SecureClassLoader.defineClass(String, byte[], int, int, CodeSource)","8","18"
"SecureClassLoader.java:142 java.lang.ClassLoader.defineClass(String, byte[], int, int, ProtectionDomain)","8","19"
"ClassLoader.java:763 java.lang.ClassLoader.defineClass1(String, byte[], int, int, ProtectionDomain, String)","8","20"
"ProfilerFactory.java:170 java.lang.ClassLoader.loadClass(String)","4","9"
"ClassLoader.java:357 sun.misc.Launcher$AppClassLoader.loadClass(String, boolean)","4","10"
"Launcher.java:349 java.lang.ClassLoader.loadClass(String, boolean)","4","11"
"ClassLoader.java:424 java.net.URLClassLoader.findClass(String)","4","12"
"URLClassLoader.java:362 java.security.AccessController.doPrivileged(PrivilegedExceptionAction, AccessControlContext)","4","13"
"AccessController.java (native) java.net.URLClassLoader$1.run()","4","14"
"URLClassLoader.java:363 java.net.URLClassLoader$1.run()","4","15"
"URLClassLoader.java:369 java.net.URLClassLoader.access$100(URLClassLoader, String, Resource)","4","16"
"URLClassLoader.java:74 java.net.URLClassLoader.defineClass(String, Resource)","4","17"
"URLClassLoader.java:468 java.security.SecureClassLoader.defineClass(String, byte[], int, int, CodeSource)","4","18"
"SecureClassLoader.java:142 java.lang.ClassLoader.defineClass(String, byte[], int, int, ProtectionDomain)","4","19"
"ClassLoader.java:763 java.lang.ClassLoader.defineClass1(String, byte[], int, int, ProtectionDomain, String)","4","20"
"ClassLoader.java (native) java.lang.ClassLoader.loadClass(String)","4","21"
"ClassLoader.java:357 sun.misc.Launcher$AppClassLoader.loadClass(String, boolean)","4","22"
"Launcher.java:349 java.lang.ClassLoader.loadClass(String, boolean)","4","23"
"ClassLoader.java:424 java.net.URLClassLoader.findClass(String)","4","24"
"URLClassLoader.java:362 java.security.AccessController.doPrivileged(PrivilegedExceptionAction, AccessControlContext)","4","25"
"AccessController.java (native) java.net.URLClassLoader$1.run()","4","26"
"URLClassLoader.java:363 java.net.URLClassLoader$1.run()","4","27"
"URLClassLoader.java:369 java.net.URLClassLoader.access$100(URLClassLoader, String, Resource)","4","28"
"URLClassLoader.java:74 java.net.URLClassLoader.defineClass(String, Resource)","4","29"
"URLClassLoader.java:468 java.security.SecureClassLoader.defineClass(String, byte[], int, int, CodeSource)","4","30"
"SecureClassLoader.java:142 java.lang.ClassLoader.defineClass(String, byte[], int, int, ProtectionDomain)","4","31"
"ClassLoader.java:763 java.lang.ClassLoader.defineClass1(String, byte[], int, int, ProtectionDomain, String)","4","32"
"ProfilerFactory.java:178 java.lang.ClassLoader.loadClass(String)","4","9"
"ClassLoader.java:357 sun.misc.Launcher$AppClassLoader.loadClass(String, boolean)","4","10"
"Launcher.java:349 java.lang.ClassLoader.loadClass(String, boolean)","4","11"
"ClassLoader.java:424 java.net.URLClassLoader.findClass(String)","4","12"
"URLClassLoader.java:362 java.security.AccessController.doPrivileged(PrivilegedExceptionAction, AccessControlContext)","4","13"
"AccessController.java (native) java.net.URLClassLoader$1.run()","4","14"
"URLClassLoader.java:363 java.net.URLClassLoader$1.run()","4","15"
"URLClassLoader.java:369 java.net.URLClassLoader.access$100(URLClassLoader, String, Resource)","4","16"
"URLClassLoader.java:74 java.net.URLClassLoader.defineClass(String, Resource)","4","17"
"URLClassLoader.java:463 sun.misc.Resource.getBytes()","4","18"
"Resource.java:124 java.util.zip.InflaterInputStream.read(byte[], int, int)","4","19"
"InflaterInputStream.java:152 java.util.zip.Inflater.inflate(byte[], int, int)","4","20"
"Inflater.java:259 java.util.zip.Inflater.inflateBytes(long, byte[], int, int)","4","21"
"BenchmarkHandler.java:70 org.openjdk.jmh.runner.BenchmarkHandler.findBenchmarkMethod(Class, String)","16","8"
"BenchmarkHandler.java:140 org.openjdk.jmh.util.ClassUtils.enumerateMethods(Class)","16","9"
"ClassUtils.java:63 java.lang.Class.getDeclaredMethods()","16","10"
"Class.java:1975 java.lang.Class.privateGetDeclaredMethods(boolean)","16","11"
"Class.java:2701 java.lang.Class.getDeclaredMethods0(boolean)","16","12"
"Class.java (native) java.lang.ClassLoader.loadClass(String)","16","13"
"ClassLoader.java:357 sun.misc.Launcher$AppClassLoader.loadClass(String, boolean)","16","14"
"Launcher.java:349 java.lang.ClassLoader.loadClass(String, boolean)","16","15"
"ClassLoader.java:424 java.net.URLClassLoader.findClass(String)","16","16"
"URLClassLoader.java:362 java.security.AccessController.doPrivileged(PrivilegedExceptionAction, AccessControlContext)","16","17"
"AccessController.java (native) java.net.URLClassLoader$1.run()","8","18"
"URLClassLoader.java:363 java.net.URLClassLoader$1.run()","8","19"
"URLClassLoader.java:369 java.net.URLClassLoader.access$100(URLClassLoader, String, Resource)","8","20"
"URLClassLoader.java:74 java.net.URLClassLoader.defineClass(String, Resource)","8","21"
"URLClassLoader.java:468 java.security.SecureClassLoader.defineClass(String, byte[], int, int, CodeSource)","8","22"
"SecureClassLoader.java:142 java.lang.ClassLoader.defineClass(String, byte[], int, int, ProtectionDomain)","8","23"
"ClassLoader.java:763 java.lang.ClassLoader.defineClass1(String, byte[], int, int, ProtectionDomain, String)","8","24"
"ClassLoader.java (native) java.lang.ClassLoader.loadClass(String)","4","25"
"ClassLoader.java:357 sun.misc.Launcher$AppClassLoader.loadClass(String, boolean)","4","26"
"Launcher.java:349 java.lang.ClassLoader.loadClass(String, boolean)","4","27"
"ClassLoader.java:424 java.net.URLClassLoader.findClass(String)","4","28"
"URLClassLoader.java:362 java.security.AccessController.doPrivileged(PrivilegedExceptionAction, AccessControlContext)","4","29"
"AccessController.java (native) java.net.URLClassLoader$1.run()","4","30"
"URLClassLoader.java:363 java.net.URLClassLoader$1.run()","4","31"
"URLClassLoader.java:369 java.net.URLClassLoader.access$100(URLClassLoader, String, Resource)","4","32"
"URLClassLoader.java:74 java.net.URLClassLoader.defineClass(String, Resource)","4","33"
"URLClassLoader.java:468 java.security.SecureClassLoader.defineClass(String, byte[], int, int, CodeSource)","4","34"
"SecureClassLoader.java:142 java.lang.ClassLoader.defineClass(String, byte[], int, int, ProtectionDomain)","4","35"
"ClassLoader.java:763 java.lang.ClassLoader.defineClass1(String, byte[], int, int, ProtectionDomain, String)","4","36"
"ClassLoader.java (native) java.lang.ClassLoader.loadClass(String)","4","37"
"ClassLoader.java:357 sun.misc.Launcher$AppClassLoader.loadClass(String, boolean)","4","38"
"Launcher.java:349 java.lang.ClassLoader.loadClass(String, boolean)","4","39"
"ClassLoader.java:424 java.net.URLClassLoader.findClass(String)","4","40"
"URLClassLoader.java:362 java.security.AccessController.doPrivileged(PrivilegedExceptionAction, AccessControlContext)","4","41"
"AccessController.java (native) java.net.URLClassLoader$1.run()","4","42"
"URLClassLoader.java:363 java.net.URLClassLoader$1.run()","4","43"
"URLClassLoader.java:369 java.net.URLClassLoader.access$100(URLClassLoader, String, Resource)","4","44"
"URLClassLoader.java:74 java.net.URLClassLoader.defineClass(String, Resource)","4","45"
"URLClassLoader.java:468 java.security.SecureClassLoader.defineClass(String, byte[], int, int, CodeSource)","4","46"
"SecureClassLoader.java:142 java.lang.ClassLoader.defineClass(String, byte[], int, int, ProtectionDomain)","4","47"
"ClassLoader.java:763 java.lang.ClassLoader.defineClass1(String, byte[], int, int, ProtectionDomain, String)","4","48"
"ClassLoader.java (native) java.lang.ClassLoader.loadClass(String)","4","49"
"ClassLoader.java:357 sun.misc.Launcher$AppClassLoader.loadClass(String, boolean)","4","50"
"Launcher.java:349 java.lang.ClassLoader.loadClass(String, boolean)","4","51"
"ClassLoader.java:424 java.net.URLClassLoader.findClass(String)","4","52"
"URLClassLoader.java:362 java.security.AccessController.doPrivileged(PrivilegedExceptionAction, AccessControlContext)","4","53"
"AccessController.java (native) java.net.URLClassLoader$1.run()","4","54"
"URLClassLoader.java:363 java.net.URLClassLoader$1.run()","4","55"
"URLClassLoader.java:369 java.net.URLClassLoader.access$100(URLClassLoader, String, Resource)","4","56"
"URLClassLoader.java:74 java.net.URLClassLoader.defineClass(String, Resource)","4","57"
"URLClassLoader.java:468 java.security.SecureClassLoader.defineClass(String, byte[], int, int, CodeSource)","4","58"
"SecureClassLoader.java:142 java.lang.ClassLoader.defineClass(String, byte[], int, int, ProtectionDomain)","4","59"
"ClassLoader.java:763 java.lang.ClassLoader.defineClass1(String, byte[], int, int, ProtectionDomain, String)","4","60"
"ClassLoader.java (native) java.lang.ClassLoader.loadClass(String)","4","61"
"ClassLoader.java:357 sun.misc.Launcher$AppClassLoader.loadClass(String, boolean)","4","62"
"Launcher.java:349 java.lang.ClassLoader.loadClass(String, boolean)","4","63"
"ClassLoader.java:428 sun.misc.PerfCounter.addElapsedTimeFrom(long)","4","64"
"PerfCounter.java:119 sun.misc.PerfCounter.add(long)","4","65"
"PerfCounter.java:98 java.nio.DirectLongBufferU.put(int, long)","4","66"
"DirectLongBufferU.java:306 sun.misc.Unsafe.putLong(long, long)","4","67"
"BenchmarkHandler.java:71 org.openjdk.jmh.profile.ProfilerFactory.getSupportedInternal(Collection)","8","8"
"ProfilerFactory.java:110 org.openjdk.jmh.profile.ProfilerFactory.getProfilerOrNull(ProfilerConfig)","8","9"
"ProfilerFactory.java:52 org.openjdk.jmh.profile.ProfilerFactory.getProfiler(ProfilerConfig)","8","10"
"ProfilerFactory.java:76 java.lang.Class.forName(String)","4","11"
"Class.java:264 java.lang.Class.forName0(String, boolean, ClassLoader, Class)","4","12"
"Class.java (native) net.nicoulaj.jmh.profilers.YourkitProfiler.<clinit>()","4","13"
"YourkitProfiler.java:62 net.nicoulaj.jmh.profilers.YourkitUtils.detectYourkitAgentLib()","4","14"
"YourkitUtils.java:63","4","15"
"ProfilerFactory.java:68 org.openjdk.jmh.profile.ProfilerFactory.getDiscoveredProfilers()","4","11"
"ProfilerFactory.java:187 java.util.ServiceLoader$1.hasNext()","4","12"
"ServiceLoader.java:474 java.util.ServiceLoader$LazyIterator.hasNext()","4","13"
"ServiceLoader.java:393 java.util.ServiceLoader$LazyIterator.hasNextService()","4","14"
"ServiceLoader.java:354 sun.misc.CompoundEnumeration.hasMoreElements()","4","15"
"CompoundEnumeration.java:54 sun.misc.CompoundEnumeration.next()","4","16"
"CompoundEnumeration.java:45 sun.misc.CompoundEnumeration.hasMoreElements()","4","17"
"CompoundEnumeration.java:54 sun.misc.CompoundEnumeration.next()","4","18"
"CompoundEnumeration.java:45 java.lang.ClassLoader$2.hasMoreElements()","4","19"
"ClassLoader.java:1281 sun.misc.URLClassPath$2.hasMoreElements()","4","20"
"URLClassPath.java:335 sun.misc.URLClassPath$2.next()","4","21"
"URLClassPath.java:324 sun.misc.URLClassPath.access$100(URLClassPath, int[], int)","4","22"
"URLClassPath.java:66 sun.misc.URLClassPath.getNextLoader(int[], int)","4","23"
"URLClassPath.java:494 sun.misc.URLClassPath.getLoader(int)","4","24"
"URLClassPath.java:532 sun.misc.URLClassPath$JarLoader.getClassPath()","4","25"
"URLClassPath.java:1198 java.util.jar.JavaUtilJarAccessImpl.jarFileHasClassPathAttribute(JarFile)","4","26"
"JavaUtilJarAccessImpl.java:37 java.util.jar.JarFile.hasClassPathAttribute()","4","27"
"JarFile.java:518 java.util.jar.JarFile.checkForSpecialAttributes()","4","28"
"JarFile.java:555 java.util.jar.JarFile.getBytes(ZipEntry)","4","29"
"JarFile.java:425 sun.misc.IOUtils.readFully(InputStream, int, boolean)","4","30"
"IOUtils.java:65 java.util.zip.ZipFile$ZipFileInputStream.read(byte[], int, int)","4","31"
"ZipFile.java:734 java.util.zip.ZipFile.access$1400(long, long, long, byte[], int, int)","4","32"
"ZipFile.java:60 java.util.zip.ZipFile.read(long, long, long, byte[], int, int)","4","33"
"BenchmarkHandler.java:68 org.openjdk.jmh.util.ClassUtils.loadClass(String)","8","8"
"ClassUtils.java:72 java.lang.Class.forName(String)","8","9"
"Class.java:264 java.lang.Class.forName0(String, boolean, ClassLoader, Class)","8","10"
"Class.java (native) java.lang.ClassLoader.loadClass(String)","8","11"
"ClassLoader.java:357 sun.misc.Launcher$AppClassLoader.loadClass(String, boolean)","8","12"
"Launcher.java:349 java.lang.ClassLoader.loadClass(String, boolean)","8","13"
"ClassLoader.java:424 java.net.URLClassLoader.findClass(String)","8","14"
"URLClassLoader.java:362 java.security.AccessController.doPrivileged(PrivilegedExceptionAction, AccessControlContext)","8","15"
"AccessController.java (native) java.net.URLClassLoader$1.run()","8","16"
"URLClassLoader.java:363 java.net.URLClassLoader$1.run()","8","17"
"URLClassLoader.java:369 java.net.URLClassLoader.access$100(URLClassLoader, String, Resource)","8","18"
"URLClassLoader.java:74 java.net.URLClassLoader.defineClass(String, Resource)","8","19"
"URLClassLoader.java:468 java.security.SecureClassLoader.defineClass(String, byte[], int, int, CodeSource)","8","20"
"SecureClassLoader.java:142 java.lang.ClassLoader.defineClass(String, byte[], int, int, ProtectionDomain)","8","21"
"ClassLoader.java:763 java.lang.ClassLoader.defineClass1(String, byte[], int, int, ProtectionDomain, String)","8","22"
"ClassLoader.java (native) java.lang.ClassLoader.loadClass(String)","8","23"
"ClassLoader.java:357 sun.misc.Launcher$AppClassLoader.loadClass(String, boolean)","8","24"
"Launcher.java:349 java.lang.ClassLoader.loadClass(String, boolean)","8","25"
"ClassLoader.java:424 java.net.URLClassLoader.findClass(String)","8","26"
"URLClassLoader.java:362 java.security.AccessController.doPrivileged(PrivilegedExceptionAction, AccessControlContext)","8","27"
"AccessController.java (native) java.net.URLClassLoader$1.run()","8","28"
"URLClassLoader.java:363 java.net.URLClassLoader$1.run()","8","29"
"URLClassLoader.java:369 java.net.URLClassLoader.access$100(URLClassLoader, String, Resource)","8","30"
"URLClassLoader.java:74 java.net.URLClassLoader.defineClass(String, Resource)","8","31"
"URLClassLoader.java:468 java.security.SecureClassLoader.defineClass(String, byte[], int, int, CodeSource)","8","32"
"SecureClassLoader.java:142 java.lang.ClassLoader.defineClass(String, byte[], int, int, ProtectionDomain)","8","33"
"ClassLoader.java:763 java.lang.ClassLoader.defineClass1(String, byte[], int, int, ProtectionDomain, String)","8","34"
"ClassLoader.java (native) java.lang.ClassLoader.loadClass(String)","8","35"
"ClassLoader.java:357 sun.misc.Launcher$AppClassLoader.loadClass(String, boolean)","8","36"
"Launcher.java:349 java.lang.ClassLoader.loadClass(String, boolean)","8","37"
"ClassLoader.java:424 java.net.URLClassLoader.findClass(String)","8","38"
"URLClassLoader.java:362 java.security.AccessController.doPrivileged(PrivilegedExceptionAction, AccessControlContext)","8","39"
"AccessController.java (native) java.net.URLClassLoader$1.run()","8","40"
"URLClassLoader.java:363 java.net.URLClassLoader$1.run()","8","41"
"URLClassLoader.java:369 java.net.URLClassLoader.access$100(URLClassLoader, String, Resource)","8","42"
"URLClassLoader.java:74 java.net.URLClassLoader.defineClass(String, Resource)","8","43"
"URLClassLoader.java:468 java.security.SecureClassLoader.defineClass(String, byte[], int, int, CodeSource)","8","44"
"SecureClassLoader.java:142 java.lang.ClassLoader.defineClass(String, byte[], int, int, ProtectionDomain)","8","45"
"ClassLoader.java:763 java.lang.ClassLoader.defineClass1(String, byte[], int, int, ProtectionDomain, String)","8","46"
"ClassLoader.java (native) java.lang.ClassLoader.loadClass(String)","8","47"
"ClassLoader.java:357 sun.misc.Launcher$AppClassLoader.loadClass(String, boolean)","8","48"
"Launcher.java:349 java.lang.ClassLoader.loadClass(String, boolean)","8","49"
"ClassLoader.java:411 java.lang.ClassLoader.loadClass(String, boolean)","8","50"
"ClassLoader.java:406 java.lang.ClassLoader.findLoadedClass(String)","8","51"
"ClassLoader.java:1038 java.lang.ClassLoader.findLoadedClass0(String)","8","52"
"BenchmarkHandler.java:68 java.lang.ClassLoader.loadClass(String)","4","8"
"ClassLoader.java:357 sun.misc.Launcher$AppClassLoader.loadClass(String, boolean)","4","9"
"Launcher.java:349 java.lang.ClassLoader.loadClass(String, boolean)","4","10"
"ClassLoader.java:424 java.net.URLClassLoader.findClass(String)","4","11"
"URLClassLoader.java:362 java.security.AccessController.doPrivileged(PrivilegedExceptionAction, AccessControlContext)","4","12"
"AccessController.java (native) java.net.URLClassLoader$1.run()","4","13"
"URLClassLoader.java:363 java.net.URLClassLoader$1.run()","4","14"
"URLClassLoader.java:369 java.net.URLClassLoader.access$100(URLClassLoader, String, Resource)","4","15"
"URLClassLoader.java:74 java.net.URLClassLoader.defineClass(String, Resource)","4","16"
"URLClassLoader.java:468 java.security.SecureClassLoader.defineClass(String, byte[], int, int, CodeSource)","4","17"
"SecureClassLoader.java:142 java.lang.ClassLoader.defineClass(String, byte[], int, int, ProtectionDomain)","4","18"
"ClassLoader.java:763 java.lang.ClassLoader.defineClass1(String, byte[], int, int, ProtectionDomain, String)","4","19"
"BenchmarkHandler.java:76 org.openjdk.jmh.runner.BenchmarkHandler.distributeThreads(int, int[])","4","8"
"BenchmarkHandler.java:123 org.openjdk.jmh.infra.ThreadParams.<clinit>()","4","9"
"ThreadParams.java:44 org.openjdk.jmh.util.Utils.check(Class, String[])","4","10"
"Utils.java:339 org.openjdk.jmh.util.Utils.check(Class, String)","4","11"
"Utils.java:346 org.openjdk.jmh.util.Utils.getOffset(Class, String)","4","12"
"Utils.java:356 java.lang.Class.getDeclaredField(String)","4","13"
"Class.java:2070 java.lang.NoSuchFieldException.<init>(String)","4","14"
"NoSuchFieldException.java:50 java.lang.ReflectiveOperationException.<init>(String)","4","15"
"ReflectiveOperationException.java:56 java.lang.Exception.<init>(String)","4","16"
"Exception.java:66 java.lang.Throwable.<init>(String)","4","17"
"Throwable.java:265 java.lang.Throwable.fillInStackTrace()","4","18"
"Throwable.java:783 java.lang.Throwable.fillInStackTrace(int)","4","19"
"BenchmarkHandler.java:96 org.openjdk.jmh.runner.BenchmarkHandler$ExecutorType$2.createExecutor(int, String)","4","8"
"BenchmarkHandler.java:205 java.util.concurrent.Executors.newFixedThreadPool(int, ThreadFactory)","4","9"
"Executors.java:151","4","10"
"BaseRunner.java:234 org.openjdk.jmh.runner.BaseRunner.runBenchmark(BenchmarkParams, BenchmarkHandler, IterationResultAcceptor)","24","7"
"BaseRunner.java:282 org.openjdk.jmh.runner.BenchmarkHandler.runIteration(BenchmarkParams, IterationParams, boolean)","12","8"
"BenchmarkHandler.java:320 org.openjdk.jmh.infra.Control.<clinit>()","8","9"
"Control.java:40 org.openjdk.jmh.util.Utils.check(Class, String[])","8","10"
"Utils.java:339 org.openjdk.jmh.util.Utils.check(Class, String)","8","11"
"Utils.java:347 org.openjdk.jmh.util.Utils.getOffset(Class, String)","8","12"
"Utils.java:358","8","13"
"BenchmarkHandler.java:314 java.lang.ClassLoader.loadClass(String)","4","9"
"ClassLoader.java:357 sun.misc.Launcher$AppClassLoader.loadClass(String, boolean)","4","10"
"Launcher.java:349 java.lang.ClassLoader.loadClass(String, boolean)","4","11"
"ClassLoader.java:411 java.lang.ClassLoader.loadClass(String, boolean)","4","12"
"ClassLoader.java:413 java.lang.ClassLoader.findBootstrapClassOrNull(String)","4","13"
"ClassLoader.java:1015 java.lang.ClassLoader.findBootstrapClass(String)","4","14"
"BaseRunner.java:283 com.sun.proxy.$Proxy5.iterationResult(BenchmarkParams, IterationParams, int, IterationResult)","8","8"
"org.openjdk.jmh.runner.link.BinaryLinkClient$1.invoke(Object, Method, Object[])","8","9"
"BinaryLinkClient.java:84 org.openjdk.jmh.runner.link.BinaryLinkClient.access$000(BinaryLinkClient, Serializable)","8","10"
"BinaryLinkClient.java:50 org.openjdk.jmh.runner.link.BinaryLinkClient.pushFrame(Serializable)","8","11"
"BinaryLinkClient.java:111 java.io.ObjectOutputStream.writeObject(Object)","8","12"
"ObjectOutputStream.java:348 java.io.ObjectOutputStream.writeObject0(Object, boolean)","8","13"
"ObjectOutputStream.java:1178 java.io.ObjectOutputStream.writeOrdinaryObject(Object, ObjectStreamClass, boolean)","8","14"
"ObjectOutputStream.java:1432 java.io.ObjectOutputStream.writeSerialData(Object, ObjectStreamClass)","8","15"
"ObjectOutputStream.java:1509 java.io.ObjectOutputStream.defaultWriteFields(Object, ObjectStreamClass)","8","16"
"ObjectOutputStream.java:1548 java.io.ObjectOutputStream.writeObject0(Object, boolean)","8","17"
"ObjectOutputStream.java:1174 java.io.ObjectOutputStream.writeArray(Object, ObjectStreamClass, boolean)","8","18"
"ObjectOutputStream.java:1378 java.io.ObjectOutputStream.writeObject0(Object, boolean)","8","19"
"ObjectOutputStream.java:1178 java.io.ObjectOutputStream.writeOrdinaryObject(Object, ObjectStreamClass, boolean)","4","20"
"ObjectOutputStream.java:1432 java.io.ObjectOutputStream.writeSerialData(Object, ObjectStreamClass)","4","21"
"ObjectOutputStream.java:1509 java.io.ObjectOutputStream.defaultWriteFields(Object, ObjectStreamClass)","4","22"
"ObjectOutputStream.java:1548 java.io.ObjectOutputStream.writeObject0(Object, boolean)","4","23"
"ObjectOutputStream.java:1178 java.io.ObjectOutputStream.writeOrdinaryObject(Object, ObjectStreamClass, boolean)","4","24"
"ObjectOutputStream.java:1432 java.io.ObjectOutputStream.writeSerialData(Object, ObjectStreamClass)","4","25"
"ObjectOutputStream.java:1509 java.io.ObjectOutputStream.defaultWriteFields(Object, ObjectStreamClass)","4","26"
"ObjectOutputStream.java:1548 java.io.ObjectOutputStream.writeObject0(Object, boolean)","4","27"
"ObjectOutputStream.java:1134 java.io.ObjectStreamClass.lookup(Class, boolean)","4","28"
"ObjectStreamClass.java:391 java.io.ObjectStreamClass.<init>(Class)","4","29"
"ObjectStreamClass.java:494 java.security.AccessController.doPrivileged(PrivilegedAction)","4","30"
"AccessController.java (native) java.io.ObjectStreamClass$3.run()","4","31"
"ObjectStreamClass.java:494 java.io.ObjectStreamClass$3.run()","4","32"
"ObjectStreamClass.java:519 java.io.ObjectStreamClass.access$1500(Class)","4","33"
"ObjectStreamClass.java:79 java.io.ObjectStreamClass.getSerializableConstructor(Class)","4","34"
"ObjectStreamClass.java:1574 sun.reflect.ReflectionFactory.newConstructorForSerialization(Class, Constructor)","4","35"
"ReflectionFactory.java:360 sun.reflect.ReflectionFactory.generateConstructor(Class, Constructor)","4","36"
"ReflectionFactory.java:398 sun.reflect.MethodAccessorGenerator.generateSerializationConstructor(Class, Class[], Class[], int, Class)","4","37"
"MethodAccessorGenerator.java:112 sun.reflect.MethodAccessorGenerator.generate(Class, String, Class[], Class, Class[], int, boolean, boolean, Class)","4","38"
"MethodAccessorGenerator.java:393 java.security.AccessController.doPrivileged(PrivilegedAction)","4","39"
"AccessController.java (native) sun.reflect.MethodAccessorGenerator$1.run()","4","40"
"MethodAccessorGenerator.java:394 sun.reflect.MethodAccessorGenerator$1.run()","4","41"
"MethodAccessorGenerator.java:399 sun.reflect.ClassDefiner.defineClass(String, byte[], int, int, ClassLoader)","4","42"
"ClassDefiner.java:63 sun.misc.Unsafe.defineClass(String, byte[], int, int, ClassLoader, ProtectionDomain)","4","43"
"ObjectOutputStream.java:1134 java.io.ObjectStreamClass.lookup(Class, boolean)","4","20"
"ObjectStreamClass.java:391 java.io.ObjectStreamClass.<init>(Class)","4","21"
"ObjectStreamClass.java:494 java.security.AccessController.doPrivileged(PrivilegedAction)","4","22"
"AccessController.java (native) java.io.ObjectStreamClass$3.run()","4","23"
"ObjectStreamClass.java:494 java.io.ObjectStreamClass$3.run()","4","24"
"ObjectStreamClass.java:526 java.io.ObjectStreamClass.access$1700(Class, String, Class[], Class)","4","25"
"ObjectStreamClass.java:79 java.io.ObjectStreamClass.getPrivateMethod(Class, String, Class[], Class)","4","26"
"ObjectStreamClass.java:1629 java.lang.Class.getDeclaredMethod(String, Class[])","4","27"
"Class.java:2130","4","28"
"BaseRunner.java:288 org.openjdk.jmh.runner.ForkedRunner$1.accept(IterationResult)","4","8"
"ForkedRunner.java:54 org.openjdk.jmh.runner.link.BinaryLinkClient.pushResults(IterationResult)","4","9"
"BinaryLinkClient.java:172 java.lang.ClassLoader.loadClass(String)","4","10"
"ClassLoader.java:357 sun.misc.Launcher$AppClassLoader.loadClass(String, boolean)","4","11"
"Launcher.java:349 java.lang.ClassLoader.loadClass(String, boolean)","4","12"
"ClassLoader.java:411 java.lang.ClassLoader.loadClass(String, boolean)","4","13"
"ClassLoader.java:436","4","14"
"BaseRunner.java:233 java.lang.ClassLoader.loadClass(String)","4","7"
"ClassLoader.java:357 sun.misc.Launcher$AppClassLoader.loadClass(String, boolean)","4","8"
"Launcher.java:349 java.lang.ClassLoader.loadClass(String, boolean)","4","9"
"ClassLoader.java:424 java.net.URLClassLoader.findClass(String)","4","10"
"URLClassLoader.java:362 java.security.AccessController.doPrivileged(PrivilegedExceptionAction, AccessControlContext)","4","11"
"AccessController.java (native) java.net.URLClassLoader$1.run()","4","12"
"URLClassLoader.java:363 java.net.URLClassLoader$1.run()","4","13"
"URLClassLoader.java:369 java.net.URLClassLoader.access$100(URLClassLoader, String, Resource)","4","14"
"URLClassLoader.java:74 java.net.URLClassLoader.defineClass(String, Resource)","4","15"
"URLClassLoader.java:468 java.security.SecureClassLoader.defineClass(String, byte[], int, int, CodeSource)","4","16"
"SecureClassLoader.java:142 java.lang.ClassLoader.defineClass(String, byte[], int, int, ProtectionDomain)","4","17"
"ClassLoader.java:763 java.lang.ClassLoader.defineClass1(String, byte[], int, int, ProtectionDomain, String)","4","18"
"ForkedRunner.java:47 org.openjdk.jmh.runner.link.BinaryLinkClient.requestPlan()","36","4"
"BinaryLinkClient.java:162 org.openjdk.jmh.runner.link.BinaryLinkClient.readFrame()","28","5"
"BinaryLinkClient.java:122 java.io.ObjectInputStream.readObject()","28","6"
"ObjectInputStream.java:431 java.io.ObjectInputStream.readObject0(boolean)","28","7"
"ObjectInputStream.java:1573 java.io.ObjectInputStream.readOrdinaryObject(boolean)","28","8"
"ObjectInputStream.java:2069 java.io.ObjectInputStream.readSerialData(Object, ObjectStreamClass)","28","9"
"ObjectInputStream.java:2211 java.io.ObjectInputStream.defaultReadFields(Object, ObjectStreamClass)","28","10"
"ObjectInputStream.java:2287 java.io.ObjectInputStream.readObject0(boolean)","28","11"
"ObjectInputStream.java:1573 java.io.ObjectInputStream.readOrdinaryObject(boolean)","28","12"
"ObjectInputStream.java:2069 java.io.ObjectInputStream.readSerialData(Object, ObjectStreamClass)","28","13"
"ObjectInputStream.java:2211 java.io.ObjectInputStream.defaultReadFields(Object, ObjectStreamClass)","28","14"
"ObjectInputStream.java:2287 java.io.ObjectInputStream.readObject0(boolean)","28","15"
"ObjectInputStream.java:1573 java.io.ObjectInputStream.readOrdinaryObject(boolean)","28","16"
"ObjectInputStream.java:2069 java.io.ObjectInputStream.readSerialData(Object, ObjectStreamClass)","28","17"
"ObjectInputStream.java:2178 java.io.ObjectStreamClass.invokeReadObject(Object, ObjectInputStream)","28","18"
"ObjectStreamClass.java:1170 java.lang.reflect.Method.invoke(Object, Object[])","28","19"
"Method.java:498 sun.reflect.DelegatingMethodAccessorImpl.invoke(Object, Object[])","28","20"
"DelegatingMethodAccessorImpl.java:43 sun.reflect.NativeMethodAccessorImpl.invoke(Object, Object[])","28","21"
"NativeMethodAccessorImpl.java:62 sun.reflect.NativeMethodAccessorImpl.invoke0(Method, Object, Object[])","28","22"
"NativeMethodAccessorImpl.java (native) java.util.ArrayList.readObject(ObjectInputStream)","28","23"
"ArrayList.java:797 java.io.ObjectInputStream.readObject()","28","24"
"ObjectInputStream.java:431 java.io.ObjectInputStream.readObject0(boolean)","28","25"
"ObjectInputStream.java:1573 java.io.ObjectInputStream.readOrdinaryObject(boolean)","28","26"
"ObjectInputStream.java:2069 java.io.ObjectInputStream.readSerialData(Object, ObjectStreamClass)","24","27"
"ObjectInputStream.java:2211 java.io.ObjectInputStream.defaultReadFields(Object, ObjectStreamClass)","24","28"
"ObjectInputStream.java:2287 java.io.ObjectInputStream.readObject0(boolean)","24","29"
"ObjectInputStream.java:1573 java.io.ObjectInputStream.readOrdinaryObject(boolean)","24","30"
"ObjectInputStream.java:2069 java.io.ObjectInputStream.readSerialData(Object, ObjectStreamClass)","16","31"
"ObjectInputStream.java:2211 java.io.ObjectInputStream.defaultReadFields(Object, ObjectStreamClass)","16","32"
"ObjectInputStream.java:2287 java.io.ObjectInputStream.readObject0(boolean)","16","33"
"ObjectInputStream.java:1573 java.io.ObjectInputStream.readOrdinaryObject(boolean)","16","34"
"ObjectInputStream.java:2042 java.io.ObjectInputStream.readClassDesc(boolean)","8","35"
"ObjectInputStream.java:1751 java.io.ObjectInputStream.readNonProxyDesc(boolean)","8","36"
"ObjectInputStream.java:1885 java.io.ObjectInputStream.readClassDesc(boolean)","4","37"
"ObjectInputStream.java:1751 java.io.ObjectInputStream.readNonProxyDesc(boolean)","4","38"
"ObjectInputStream.java:1885 java.io.ObjectInputStream.readClassDesc(boolean)","4","39"
"ObjectInputStream.java:1751 java.io.ObjectInputStream.readNonProxyDesc(boolean)","4","40"
"ObjectInputStream.java:1885 java.io.ObjectStreamClass.initNonProxy(ObjectStreamClass, Class, ClassNotFoundException, ObjectStreamClass)","4","41"
"ObjectStreamClass.java:681 java.io.ObjectStreamClass.lookup(Class, boolean)","4","42"
"ObjectStreamClass.java:391 java.io.ObjectStreamClass.<init>(Class)","4","43"
"ObjectStreamClass.java:494 java.security.AccessController.doPrivileged(PrivilegedAction)","4","44"
"AccessController.java (native) java.io.ObjectStreamClass$3.run()","4","45"
"ObjectStreamClass.java:494 java.io.ObjectStreamClass$3.run()","4","46"
"ObjectStreamClass.java:533 java.io.ObjectStreamClass.access$2400(Class, String, Class[], Class)","4","47"
"ObjectStreamClass.java:79 java.io.ObjectStreamClass.getInheritableMethod(Class, String, Class[], Class)","4","48"
"ObjectStreamClass.java:1596 java.lang.Class.getDeclaredMethod(String, Class[])","4","49"
"Class.java:2130","4","50"
"ObjectInputStream.java:1885 java.io.ObjectStreamClass.initNonProxy(ObjectStreamClass, Class, ClassNotFoundException, ObjectStreamClass)","4","37"
"ObjectStreamClass.java:681 java.io.ObjectStreamClass.lookup(Class, boolean)","4","38"
"ObjectStreamClass.java:391 java.io.ObjectStreamClass.<init>(Class)","4","39"
"ObjectStreamClass.java:494 java.security.AccessController.doPrivileged(PrivilegedAction)","4","40"
"AccessController.java (native) java.io.ObjectStreamClass$3.run()","4","41"
"ObjectStreamClass.java:494 java.io.ObjectStreamClass$3.run()","4","42"
"ObjectStreamClass.java:519 java.io.ObjectStreamClass.access$1500(Class)","4","43"
"ObjectStreamClass.java:79 java.io.ObjectStreamClass.getSerializableConstructor(Class)","4","44"
"ObjectStreamClass.java:1574 sun.reflect.ReflectionFactory.newConstructorForSerialization(Class, Constructor)","4","45"
"ReflectionFactory.java:360 sun.reflect.ReflectionFactory.generateConstructor(Class, Constructor)","4","46"
"ReflectionFactory.java:398 sun.reflect.MethodAccessorGenerator.generateSerializationConstructor(Class, Class[], Class[], int, Class)","4","47"
"MethodAccessorGenerator.java:112 sun.reflect.MethodAccessorGenerator.generate(Class, String, Class[], Class, Class[], int, boolean, boolean, Class)","4","48"
"MethodAccessorGenerator.java:393 java.security.AccessController.doPrivileged(PrivilegedAction)","4","49"
"AccessController.java (native) sun.reflect.MethodAccessorGenerator$1.run()","4","50"
"MethodAccessorGenerator.java:394 sun.reflect.MethodAccessorGenerator$1.run()","4","51"
"MethodAccessorGenerator.java:403 java.lang.Class.newInstance()","4","52"
"Class.java:412 java.lang.Class.getConstructor0(Class[], int)","4","53"
"Class.java:3075 java.lang.Class.privateGetDeclaredConstructors(boolean)","4","54"
"Class.java:2660 java.lang.Class.reflectionData()","4","55"
"Class.java:2503 java.lang.Class.newReflectionData(SoftReference, int)","4","56"
"Class.java:2513 java.lang.Class$Atomic.casReflectionData(Class, SoftReference, SoftReference)","4","57"
"Class.java:2440 sun.misc.Unsafe.compareAndSwapObject(Object, long, Object, Object)","4","58"
"ObjectInputStream.java:2069 java.io.ObjectInputStream.readSerialData(Object, ObjectStreamClass)","8","35"
"ObjectInputStream.java:2211 java.io.ObjectInputStream.defaultReadFields(Object, ObjectStreamClass)","8","36"
"ObjectInputStream.java:2287 java.io.ObjectInputStream.readObject0(boolean)","8","37"
"ObjectInputStream.java:1573 java.io.ObjectInputStream.readOrdinaryObject(boolean)","8","38"
"ObjectInputStream.java:2042 java.io.ObjectInputStream.readClassDesc(boolean)","8","39"
"ObjectInputStream.java:1751 java.io.ObjectInputStream.readNonProxyDesc(boolean)","8","40"
"ObjectInputStream.java:1885 java.io.ObjectStreamClass.initNonProxy(ObjectStreamClass, Class, ClassNotFoundException, ObjectStreamClass)","8","41"
"ObjectStreamClass.java:681 java.io.ObjectStreamClass.lookup(Class, boolean)","8","42"
"ObjectStreamClass.java:391 java.io.ObjectStreamClass.<init>(Class)","8","43"
"ObjectStreamClass.java:494 java.security.AccessController.doPrivileged(PrivilegedAction)","8","44"
"AccessController.java (native) java.io.ObjectStreamClass$3.run()","8","45"
"ObjectStreamClass.java:494 java.io.ObjectStreamClass$3.run()","8","46"
"ObjectStreamClass.java:519 java.io.ObjectStreamClass.access$1500(Class)","8","47"
"ObjectStreamClass.java:79 java.io.ObjectStreamClass.getSerializableConstructor(Class)","8","48"
"ObjectStreamClass.java:1574 sun.reflect.ReflectionFactory.newConstructorForSerialization(Class, Constructor)","8","49"
"ReflectionFactory.java:360 sun.reflect.ReflectionFactory.generateConstructor(Class, Constructor)","8","50"
"ReflectionFactory.java:398 sun.reflect.MethodAccessorGenerator.generateSerializationConstructor(Class, Class[], Class[], int, Class)","8","51"
"MethodAccessorGenerator.java:112 sun.reflect.MethodAccessorGenerator.generate(Class, String, Class[], Class, Class[], int, boolean, boolean, Class)","8","52"
"MethodAccessorGenerator.java:393 java.security.AccessController.doPrivileged(PrivilegedAction)","8","53"
"AccessController.java (native) sun.reflect.MethodAccessorGenerator$1.run()","8","54"
"MethodAccessorGenerator.java:394 sun.reflect.MethodAccessorGenerator$1.run()","8","55"
"MethodAccessorGenerator.java:399 sun.reflect.ClassDefiner.defineClass(String, byte[], int, int, ClassLoader)","8","56"
"ClassDefiner.java:63 sun.misc.Unsafe.defineClass(String, byte[], int, int, ClassLoader, ProtectionDomain)","8","57"
"ObjectInputStream.java:2042 java.io.ObjectInputStream.readClassDesc(boolean)","8","31"
"ObjectInputStream.java:1751 java.io.ObjectInputStream.readNonProxyDesc(boolean)","8","32"
"ObjectInputStream.java:1885 java.io.ObjectInputStream.readClassDesc(boolean)","8","33"
"ObjectInputStream.java:1751 java.io.ObjectInputStream.readNonProxyDesc(boolean)","8","34"
"ObjectInputStream.java:1885 java.io.ObjectInputStream.readClassDesc(boolean)","4","35"
"ObjectInputStream.java:1751 java.io.ObjectInputStream.readNonProxyDesc(boolean)","4","36"
"ObjectInputStream.java:1885 java.io.ObjectStreamClass.initNonProxy(ObjectStreamClass, Class, ClassNotFoundException, ObjectStreamClass)","4","37"
"ObjectStreamClass.java:681 java.io.ObjectStreamClass.lookup(Class, boolean)","4","38"
"ObjectStreamClass.java:391 java.io.ObjectStreamClass.<init>(Class)","4","39"
"ObjectStreamClass.java:494 java.security.AccessController.doPrivileged(PrivilegedAction)","4","40"
"AccessController.java (native) java.io.ObjectStreamClass$3.run()","4","41"
"ObjectStreamClass.java:494 java.io.ObjectStreamClass$3.run()","4","42"
"ObjectStreamClass.java:526 java.io.ObjectStreamClass.access$1700(Class, String, Class[], Class)","4","43"
"ObjectStreamClass.java:79 java.io.ObjectStreamClass.getPrivateMethod(Class, String, Class[], Class)","4","44"
"ObjectStreamClass.java:1635","4","45"
"ObjectInputStream.java:1885 java.io.ObjectStreamClass.initNonProxy(ObjectStreamClass, Class, ClassNotFoundException, ObjectStreamClass)","4","35"
"ObjectStreamClass.java:681 java.io.ObjectStreamClass.lookup(Class, boolean)","4","36"
"ObjectStreamClass.java:391 java.io.ObjectStreamClass.<init>(Class)","4","37"
"ObjectStreamClass.java:494 java.security.AccessController.doPrivileged(PrivilegedAction)","4","38"
"AccessController.java (native) java.io.ObjectStreamClass$3.run()","4","39"
"ObjectStreamClass.java:494 java.io.ObjectStreamClass$3.run()","4","40"
"ObjectStreamClass.java:531 java.io.ObjectStreamClass.access$2400(Class, String, Class[], Class)","4","41"
"ObjectStreamClass.java:79 java.io.ObjectStreamClass.getInheritableMethod(Class, String, Class[], Class)","4","42"
"ObjectStreamClass.java:1596 java.lang.Class.getDeclaredMethod(String, Class[])","4","43"
"Class.java:2128 java.lang.Class.searchMethods(Method[], String, Class[])","4","44"
"Class.java:3003 java.lang.String.intern()","4","45"
"ObjectInputStream.java:2042 java.io.ObjectInputStream.readClassDesc(boolean)","4","27"
"ObjectInputStream.java:1751 java.io.ObjectInputStream.readNonProxyDesc(boolean)","4","28"
"ObjectInputStream.java:1885 java.io.ObjectStreamClass.initNonProxy(ObjectStreamClass, Class, ClassNotFoundException, ObjectStreamClass)","4","29"
"ObjectStreamClass.java:681 java.io.ObjectStreamClass.lookup(Class, boolean)","4","30"
"ObjectStreamClass.java:391 java.io.ObjectStreamClass.<init>(Class)","4","31"
"ObjectStreamClass.java:494 java.security.AccessController.doPrivileged(PrivilegedAction)","4","32"
"AccessController.java (native) java.io.ObjectStreamClass$3.run()","4","33"
"ObjectStreamClass.java:494 java.io.ObjectStreamClass$3.run()","4","34"
"ObjectStreamClass.java:508 java.io.ObjectStreamClass.access$800(Class)","4","35"
"ObjectStreamClass.java:79 java.io.ObjectStreamClass.getSerialFields(Class)","4","36"
"ObjectStreamClass.java:1758 java.io.ObjectStreamClass.getDeclaredSerialFields(Class)","4","37"
"ObjectStreamClass.java:1784 java.lang.Class.getDeclaredField(String)","4","38"
"Class.java:2070","4","39"
"BinaryLinkClient.java:160 java.lang.ClassLoader.loadClass(String)","8","5"
"ClassLoader.java:357 sun.misc.Launcher$AppClassLoader.loadClass(String, boolean)","8","6"
"Launcher.java:349 java.lang.ClassLoader.loadClass(String, boolean)","8","7"
"ClassLoader.java:424 java.net.URLClassLoader.findClass(String)","8","8"
"URLClassLoader.java:362 java.security.AccessController.doPrivileged(PrivilegedExceptionAction, AccessControlContext)","8","9"
"AccessController.java (native) java.net.URLClassLoader$1.run()","8","10"
"URLClassLoader.java:363 java.net.URLClassLoader$1.run()","8","11"
"URLClassLoader.java:369 java.net.URLClassLoader.access$100(URLClassLoader, String, Resource)","8","12"
"URLClassLoader.java:74 java.net.URLClassLoader.defineClass(String, Resource)","8","13"
"URLClassLoader.java:468 java.security.SecureClassLoader.defineClass(String, byte[], int, int, CodeSource)","8","14"
"SecureClassLoader.java:142 java.lang.ClassLoader.defineClass(String, byte[], int, int, ProtectionDomain)","8","15"
"ClassLoader.java:763 java.lang.ClassLoader.defineClass1(String, byte[], int, int, ProtectionDomain, String)","8","16"
"ForkedMain.java:75 org.openjdk.jmh.runner.link.BinaryLinkClient.handshake()","64","3"
"BinaryLinkClient.java:149 org.openjdk.jmh.runner.link.BinaryLinkClient.readFrame()","48","4"
"BinaryLinkClient.java:122 java.io.ObjectInputStream.readObject()","48","5"
"ObjectInputStream.java:431 java.io.ObjectInputStream.readObject0(boolean)","48","6"
"ObjectInputStream.java:1573 java.io.ObjectInputStream.readOrdinaryObject(boolean)","48","7"
"ObjectInputStream.java:2069 java.io.ObjectInputStream.readSerialData(Object, ObjectStreamClass)","48","8"
"ObjectInputStream.java:2211 java.io.ObjectInputStream.defaultReadFields(Object, ObjectStreamClass)","48","9"
"ObjectInputStream.java:2287 java.io.ObjectInputStream.readObject0(boolean)","48","10"
"ObjectInputStream.java:1573 java.io.ObjectInputStream.readOrdinaryObject(boolean)","48","11"
"ObjectInputStream.java:2069 java.io.ObjectInputStream.readSerialData(Object, ObjectStreamClass)","36","12"
"ObjectInputStream.java:2211 java.io.ObjectInputStream.defaultReadFields(Object, ObjectStreamClass)","36","13"
"ObjectInputStream.java:2287 java.io.ObjectInputStream.readObject0(boolean)","36","14"
"ObjectInputStream.java:1573 java.io.ObjectInputStream.readOrdinaryObject(boolean)","36","15"
"ObjectInputStream.java:2069 java.io.ObjectInputStream.readSerialData(Object, ObjectStreamClass)","32","16"
"ObjectInputStream.java:2211 java.io.ObjectInputStream.defaultReadFields(Object, ObjectStreamClass)","16","17"
"ObjectInputStream.java:2287 java.io.ObjectInputStream.readObject0(boolean)","16","18"
"ObjectInputStream.java:1573 java.io.ObjectInputStream.readOrdinaryObject(boolean)","16","19"
"ObjectInputStream.java:2042 java.io.ObjectInputStream.readClassDesc(boolean)","16","20"
"ObjectInputStream.java:1751 java.io.ObjectInputStream.readNonProxyDesc(boolean)","16","21"
"ObjectInputStream.java:1885 java.io.ObjectStreamClass.initNonProxy(ObjectStreamClass, Class, ClassNotFoundException, ObjectStreamClass)","16","22"
"ObjectStreamClass.java:681 java.io.ObjectStreamClass.lookup(Class, boolean)","16","23"
"ObjectStreamClass.java:391 java.io.ObjectStreamClass.<init>(Class)","16","24"
"ObjectStreamClass.java:494 java.security.AccessController.doPrivileged(PrivilegedAction)","16","25"
"AccessController.java (native) java.io.ObjectStreamClass$3.run()","16","26"
"ObjectStreamClass.java:494 java.io.ObjectStreamClass$3.run()","16","27"
"ObjectStreamClass.java:519 java.io.ObjectStreamClass.access$1500(Class)","8","28"
"ObjectStreamClass.java:79 java.io.ObjectStreamClass.getSerializableConstructor(Class)","8","29"
"ObjectStreamClass.java:1574 sun.reflect.ReflectionFactory.newConstructorForSerialization(Class, Constructor)","8","30"
"ReflectionFactory.java:360 sun.reflect.ReflectionFactory.generateConstructor(Class, Constructor)","8","31"
"ReflectionFactory.java:399 java.lang.reflect.Constructor.getParameterTypes()","8","32"
"Constructor.java:216 java.lang.Object.clone()","8","33"
"ObjectStreamClass.java:533 java.io.ObjectStreamClass.access$2400(Class, String, Class[], Class)","4","28"
"ObjectStreamClass.java:79 java.io.ObjectStreamClass.getInheritableMethod(Class, String, Class[], Class)","4","29"
"ObjectStreamClass.java:1598","4","30"
"ObjectStreamClass.java:508 java.io.ObjectStreamClass.access$800(Class)","4","28"
"ObjectStreamClass.java:79 java.io.ObjectStreamClass.getSerialFields(Class)","4","29"
"ObjectStreamClass.java:1758 java.io.ObjectStreamClass.getDeclaredSerialFields(Class)","4","30"
"ObjectStreamClass.java:1784 java.lang.Class.getDeclaredField(String)","4","31"
"Class.java:2070","4","32"
"ObjectInputStream.java:2178 java.io.ObjectStreamClass.invokeReadObject(Object, ObjectInputStream)","16","17"
"ObjectStreamClass.java:1170 java.lang.reflect.Method.invoke(Object, Object[])","16","18"
"Method.java:498 sun.reflect.DelegatingMethodAccessorImpl.invoke(Object, Object[])","16","19"
"DelegatingMethodAccessorImpl.java:43 sun.reflect.NativeMethodAccessorImpl.invoke(Object, Object[])","16","20"
"NativeMethodAccessorImpl.java:62 sun.reflect.NativeMethodAccessorImpl.invoke0(Method, Object, Object[])","16","21"
"NativeMethodAccessorImpl.java (native) java.util.ArrayList.readObject(ObjectInputStream)","16","22"
"ArrayList.java:797 java.io.ObjectInputStream.readObject()","16","23"
"ObjectInputStream.java:431 java.io.ObjectInputStream.readObject0(boolean)","16","24"
"ObjectInputStream.java:1573 java.io.ObjectInputStream.readOrdinaryObject(boolean)","16","25"
"ObjectInputStream.java:2042 java.io.ObjectInputStream.readClassDesc(boolean)","16","26"
"ObjectInputStream.java:1751 java.io.ObjectInputStream.readNonProxyDesc(boolean)","16","27"
"ObjectInputStream.java:1885 java.io.ObjectStreamClass.initNonProxy(ObjectStreamClass, Class, ClassNotFoundException, ObjectStreamClass)","16","28"
"ObjectStreamClass.java:694 java.io.ObjectStreamClass.getSerialVersionUID()","16","29"
"ObjectStreamClass.java:272 java.security.AccessController.doPrivileged(PrivilegedAction)","16","30"
"AccessController.java (native) java.io.ObjectStreamClass$2.run()","16","31"
"ObjectStreamClass.java:273 java.io.ObjectStreamClass$2.run()","16","32"
"ObjectStreamClass.java:275 java.io.ObjectStreamClass.access$100(Class)","16","33"
"ObjectStreamClass.java:79 java.io.ObjectStreamClass.computeDefaultSUID(Class)","16","34"
"ObjectStreamClass.java:2000 java.security.MessageDigest.getInstance(String)","16","35"
"MessageDigest.java:167 java.security.Security.getImpl(String, String, String)","16","36"
"Security.java:695 sun.security.jca.GetInstance.getInstance(String, Class, String)","16","37"
"GetInstance.java:156 sun.security.jca.Providers.<clinit>()","8","38"
"Providers.java:53 sun.security.jca.ProviderList.<clinit>()","8","39"
"ProviderList.java:70 sun.security.jca.ProviderList$1.<init>(String, double, String)","8","40"
"ProviderList.java:71 java.security.Provider.<init>(String, double, String)","8","41"
"Provider.java:138 java.security.Provider.putId()","8","42"
"Provider.java:688 java.lang.String.valueOf(double)","8","43"
"String.java:3141 java.lang.Double.toString(double)","8","44"
"Double.java:204 sun.misc.FloatingDecimal.toJavaFormatString(double)","8","45"
"FloatingDecimal.java:70 sun.misc.FloatingDecimal.getBinaryToASCIIConverter(double)","8","46"
"FloatingDecimal.java:1738 sun.misc.FloatingDecimal.getBinaryToASCIIConverter(double, boolean)","8","47"
"FloatingDecimal.java:1785 sun.misc.FloatingDecimal$BinaryToASCIIBuffer.access$100(FloatingDecimal$BinaryToASCIIBuffer, int, long, int, boolean)","8","48"
"FloatingDecimal.java:259 sun.misc.FloatingDecimal$BinaryToASCIIBuffer.dtoa(int, long, int, boolean)","8","49"
"FloatingDecimal.java:448","8","50"
"GetInstance.java:156","4","38"
"GetInstance.java:157 sun.security.jca.ProviderList.getService(String, String)","4","38"
"ProviderList.java:331 sun.security.jca.ProviderList.getProvider(int)","4","39"
"ProviderList.java:233 sun.security.jca.ProviderConfig.getProvider()","4","40"
"ProviderConfig.java:187 sun.security.jca.ProviderConfig.doLoadProvider()","4","41"
"ProviderConfig.java:206 java.security.AccessController.doPrivileged(PrivilegedAction)","4","42"
"AccessController.java (native) sun.security.jca.ProviderConfig$2.run()","4","43"
"ProviderConfig.java:206 sun.security.jca.ProviderConfig$2.run()","4","44"
"ProviderConfig.java:221 java.lang.Class.newInstance()","4","45"
"Class.java:442 java.lang.reflect.Constructor.newInstance(Object[])","4","46"
"Constructor.java:423 sun.reflect.DelegatingConstructorAccessorImpl.newInstance(Object[])","4","47"
"DelegatingConstructorAccessorImpl.java:45 sun.reflect.NativeConstructorAccessorImpl.newInstance(Object[])","4","48"
"NativeConstructorAccessorImpl.java:62 sun.reflect.NativeConstructorAccessorImpl.newInstance0(Constructor, Object[])","4","49"
"NativeConstructorAccessorImpl.java (native) sun.security.provider.Sun.<init>()","4","50"
"Sun.java:56 sun.security.provider.SunEntries.putEntries(Map)","4","51"
"SunEntries.java:225 java.security.Provider.put(Object, Object)","4","52"
"Provider.java:322 java.security.Provider.implPut(Object, Object)","4","53"
"Provider.java:832 java.util.HashMap.put(Object, Object)","4","54"
"HashMap.java:612 java.util.HashMap.putVal(int, Object, Object, boolean, boolean)","4","55"
"HashMap.java:631 java.util.LinkedHashMap.newNode(int, Object, Object, HashMap$Node)","4","56"
"LinkedHashMap.java:256","4","57"
"ObjectInputStream.java:2042 java.io.ObjectInputStream.readClassDesc(boolean)","4","16"
"ObjectInputStream.java:1751 java.io.ObjectInputStream.readNonProxyDesc(boolean)","4","17"
"ObjectInputStream.java:1885 java.io.ObjectStreamClass.initNonProxy(ObjectStreamClass, Class, ClassNotFoundException, ObjectStreamClass)","4","18"
"ObjectStreamClass.java:681 java.io.ObjectStreamClass.lookup(Class, boolean)","4","19"
"ObjectStreamClass.java:391 java.io.ObjectStreamClass.<init>(Class)","4","20"
"ObjectStreamClass.java:494 java.security.AccessController.doPrivileged(PrivilegedAction)","4","21"
"AccessController.java (native) java.io.ObjectStreamClass$3.run()","4","22"
"ObjectStreamClass.java:494 java.io.ObjectStreamClass$3.run()","4","23"
"ObjectStreamClass.java:519 java.io.ObjectStreamClass.access$1500(Class)","4","24"
"ObjectStreamClass.java:79 java.io.ObjectStreamClass.getSerializableConstructor(Class)","4","25"
"ObjectStreamClass.java:1574 sun.reflect.ReflectionFactory.newConstructorForSerialization(Class, Constructor)","4","26"
"ReflectionFactory.java:360 sun.reflect.ReflectionFactory.generateConstructor(Class, Constructor)","4","27"
"ReflectionFactory.java:398 sun.reflect.MethodAccessorGenerator.generateSerializationConstructor(Class, Class[], Class[], int, Class)","4","28"
"MethodAccessorGenerator.java:112 sun.reflect.MethodAccessorGenerator.generate(Class, String, Class[], Class, Class[], int, boolean, boolean, Class)","4","29"
"MethodAccessorGenerator.java:353 sun.reflect.AccessorGenerator.emitBoxingContantPoolEntries()","4","30"
"AccessorGenerator.java:327 sun.reflect.ClassFileAssembler.emitConstantPoolUTF8(String)","4","31"
"ClassFileAssembler.java:103 sun.reflect.UTF8.encode(String)","4","32"
"UTF8.java:36","4","33"
"ObjectInputStream.java:2042 java.io.ObjectInputStream.readClassDesc(boolean)","12","12"
"ObjectInputStream.java:1751 java.io.ObjectInputStream.readNonProxyDesc(boolean)","12","13"
"ObjectInputStream.java:1857 java.io.ObjectInputStream.readClassDescriptor()","8","14"
"ObjectInputStream.java:891 java.io.ObjectStreamClass.readNonProxy(ObjectInputStream)","8","15"
"ObjectStreamClass.java:803 java.io.ObjectInputStream.readTypeString()","8","16"
"ObjectInputStream.java:1654 java.io.ObjectInputStream.readString(boolean)","8","17"
"ObjectInputStream.java:1905 java.io.ObjectInputStream$BlockDataInputStream.readUTF()","8","18"
"ObjectInputStream.java:3226 java.io.ObjectInputStream$BlockDataInputStream.readUnsignedShort()","8","19"
"ObjectInputStream.java:3168 java.io.ObjectInputStream$PeekInputStream.readFully(byte[], int, int)","8","20"
"ObjectInputStream.java:2679 java.io.ObjectInputStream$PeekInputStream.read(byte[], int, int)","8","21"
"ObjectInputStream.java:2663 java.io.BufferedInputStream.read(byte[], int, int)","8","22"
"BufferedInputStream.java:345 java.io.BufferedInputStream.read1(byte[], int, int)","8","23"
"BufferedInputStream.java:291 java.io.BufferedInputStream.getBufIfOpen()","8","24"
"BufferedInputStream.java:168","8","25"
"ObjectInputStream.java:1885 java.io.ObjectStreamClass.initNonProxy(ObjectStreamClass, Class, ClassNotFoundException, ObjectStreamClass)","4","14"
"ObjectStreamClass.java:681 java.io.ObjectStreamClass.lookup(Class, boolean)","4","15"
"ObjectStreamClass.java:391 java.io.ObjectStreamClass.<init>(Class)","4","16"
"ObjectStreamClass.java:494 java.security.AccessController.doPrivileged(PrivilegedAction)","4","17"
"AccessController.java (native) java.io.ObjectStreamClass$3.run()","4","18"
"ObjectStreamClass.java:494 java.io.ObjectStreamClass$3.run()","4","19"
"ObjectStreamClass.java:520 java.io.ObjectStreamClass.access$1700(Class, String, Class[], Class)","4","20"
"ObjectStreamClass.java:79 java.io.ObjectStreamClass.getPrivateMethod(Class, String, Class[], Class)","4","21"
"ObjectStreamClass.java:1629 java.lang.Class.getDeclaredMethod(String, Class[])","4","22"
"Class.java:2128 java.lang.Class.privateGetDeclaredMethods(boolean)","4","23"
"Class.java:2701 java.lang.Class.getDeclaredMethods0(boolean)","4","24"
"Class.java (native) java.lang.ClassLoader.loadClass(String)","4","25"
"ClassLoader.java:357 sun.misc.Launcher$AppClassLoader.loadClass(String, boolean)","4","26"
"Launcher.java:349 java.lang.ClassLoader.loadClass(String, boolean)","4","27"
"ClassLoader.java:424 java.net.URLClassLoader.findClass(String)","4","28"
"URLClassLoader.java:362 java.security.AccessController.doPrivileged(PrivilegedExceptionAction, AccessControlContext)","4","29"
"AccessController.java (native) java.net.URLClassLoader$1.run()","4","30"
"URLClassLoader.java:363 java.net.URLClassLoader$1.run()","4","31"
"URLClassLoader.java:366 sun.misc.URLClassPath.getResource(String, boolean)","4","32"
"URLClassPath.java:249 sun.misc.URLClassPath$JarLoader.getResource(String, boolean)","4","33"
"URLClassPath.java:1054 java.util.jar.JarFile.getJarEntry(String)","4","34"
"JarFile.java:223 java.util.jar.JarFile.getEntry(String)","4","35"
"JarFile.java:240 java.util.zip.ZipFile.getEntry(String)","4","36"
"ZipFile.java:316 java.util.zip.ZipCoder.getBytes(String)","4","37"
"ZipCoder.java:80","4","38"
"BinaryLinkClient.java:147 org.openjdk.jmh.runner.link.BinaryLinkClient.pushFrame(Serializable)","8","4"
"BinaryLinkClient.java:111 java.io.ObjectOutputStream.writeObject(Object)","8","5"
"ObjectOutputStream.java:348 java.io.ObjectOutputStream.writeObject0(Object, boolean)","8","6"
"ObjectOutputStream.java:1134 java.io.ObjectStreamClass.<clinit>()","4","7"
"ObjectStreamClass.java:90","4","8"
"ObjectOutputStream.java:1134 java.io.ObjectStreamClass.lookup(Class, boolean)","4","7"
"ObjectStreamClass.java:391 java.io.ObjectStreamClass.<init>(Class)","4","8"
"ObjectStreamClass.java:494 java.security.AccessController.doPrivileged(PrivilegedAction)","4","9"
"AccessController.java (native) java.io.ObjectStreamClass$3.run()","4","10"
"ObjectStreamClass.java:494 java.io.ObjectStreamClass$3.run()","4","11"
"ObjectStreamClass.java:519 java.io.ObjectStreamClass.access$1500(Class)","4","12"
"ObjectStreamClass.java:79 java.io.ObjectStreamClass.getSerializableConstructor(Class)","4","13"
"ObjectStreamClass.java:1574 sun.reflect.ReflectionFactory.newConstructorForSerialization(Class, Constructor)","4","14"
"ReflectionFactory.java:360 sun.reflect.ReflectionFactory.generateConstructor(Class, Constructor)","4","15"
"ReflectionFactory.java:398 sun.reflect.MethodAccessorGenerator.generateSerializationConstructor(Class, Class[], Class[], int, Class)","4","16"
"MethodAccessorGenerator.java:112 sun.reflect.MethodAccessorGenerator.generate(Class, String, Class[], Class, Class[], int, boolean, boolean, Class)","4","17"
"MethodAccessorGenerator.java:379 sun.reflect.AccessorGenerator.emitConstructor()","4","18"
"AccessorGenerator.java:437 sun.reflect.AccessorGenerator.emitMethod(short, int, ClassFileAssembler, ClassFileAssembler, short[])","4","19"
"AccessorGenerator.java:477","4","20"
"BinaryLinkClient.java:147 org.openjdk.jmh.util.Utils.getPid()","8","4"
"Utils.java:402 sun.management.RuntimeImpl.getName()","8","5"
"RuntimeImpl.java:59 sun.management.VMManagementImpl.getVmId()","8","6"
"VMManagementImpl.java:140 java.net.InetAddress.getLocalHost()","8","7"
"InetAddress.java:1501 java.net.InetAddress.getAddressesFromNameService(String, InetAddress)","8","8"
"InetAddress.java:1324 java.net.InetAddress$2.lookupAllHostAddr(String)","8","9"
"InetAddress.java:929 java.net.Inet6AddressImpl.lookupAllHostAddr(String)","8","10"
