"Call Tree","Time (ms)","Level"
"eu.prismacloud.primitives.grs.bench.IssuingBenchmark.SerializeGSBenchmark.issuing-jmh-worker-1 Group: 'main' Native ID: 8450","2040","1"
"<...> java.lang.Thread.run()","2040","2"
"<14 calls> IssuingBenchmark.java:303 eu.prismacloud.primitives.zkpgs.orchestrator.SignerOrchestrator.round2()","936","3"
"SignerOrchestrator.java:282 eu.prismacloud.primitives.zkpgs.orchestrator.SignerOrchestrator.encodeSignerGraph()","716","4"
"SignerOrchestrator.java:358 eu.prismacloud.primitives.zkpgs.graph.GSGraph.createGraph(String)","424","5"
"GSGraph.java:64 <...> org.jgrapht.io.GraphImporter.importGraph(Graph, InputStream)","400","6"
"<2 calls> GraphMLImporter.java:408 eu.prismacloud.primitives.zkpgs.graph.GraphMLProvider$$Lambda$5.buildEdge(Object, Object, String, Map)","8","7"
"eu.prismacloud.primitives.zkpgs.graph.GraphMLProvider.lambda$createImporter$1(GSVertex, GSVertex, String, Map)","8","8"
"GraphMLProvider.java:67 eu.prismacloud.primitives.zkpgs.graph.GSEdge.<init>(GSVertex, GSVertex)","8","9"
"GSEdge.java:25","8","10"
"<6 calls> HashMap.java:339 eu.prismacloud.primitives.zkpgs.graph.GSEdge.hashCode()","4","7"
"GSEdge.java:88","4","8"
"GSGraph.java:60 <...> org.jgrapht.graph.DefaultUndirectedGraph.<init>(Class)","12","6"
"GSGraph.java:62 eu.prismacloud.primitives.zkpgs.graph.GraphMLProvider.createImporter()","8","6"
"GraphMLProvider.java:53 <...> java.lang.invoke.MethodHandleNatives.linkCallSite(Object, Object, Object, Object, Object, Object[])","4","7"
"GraphMLProvider.java:79 <...> org.jgrapht.io.GraphMLImporter.<init>(VertexProvider, EdgeProvider)","4","7"
"GSGraph.java:60","4","6"
"SignerOrchestrator.java:362 eu.prismacloud.primitives.zkpgs.graph.GraphRepresentation.encodeGraph(GSGraph, ExtendedPublicKey)","244","5"
"GraphRepresentation.java:71 eu.prismacloud.primitives.zkpgs.graph.GraphRepresentation.encodeEdges()","132","6"
"GraphRepresentation.java:127 eu.prismacloud.primitives.zkpgs.keys.ExtendedPublicKey.getRandomEdgeBase(Map)","100","7"
"ExtendedPublicKey.java:271 eu.prismacloud.primitives.zkpgs.keys.ExtendedPublicKey.getRandomEdgeBase()","76","8"
"ExtendedPublicKey.java:309 <...> java.security.SecureRandom.<init>()","40","9"
"ExtendedPublicKey.java:311 eu.prismacloud.primitives.zkpgs.keys.ExtendedPublicKey.getPrototypeEdgeBase(int)","20","9"
"ExtendedPublicKey.java:196 eu.prismacloud.primitives.zkpgs.store.URNType.buildURN(URNType, Class, int)","20","10"
"URNType.java:617 eu.prismacloud.primitives.zkpgs.store.URNType.buildURNComponent(URNType, Class, int)","12","11"
"URNType.java:634 eu.prismacloud.primitives.zkpgs.store.URNType.isURNGoverner(Class)","8","12"
"URNType.java:650 <...> java.lang.Class.getInterfaces()","8","13"
"URNType.java:640 <...> java.lang.reflect.Field.get(Object)","4","12"
"URNType.java:617 eu.prismacloud.primitives.zkpgs.store.URN.createZkpgsURN(String)","8","11"
"URN.java:181 eu.prismacloud.primitives.zkpgs.store.URN.<init>(NamespaceComponent, NamespaceComponent, boolean)","8","12"
"URN.java:39 eu.prismacloud.primitives.zkpgs.store.URNType.parseURNType(String)","8","13"
"URNType.java:708 eu.prismacloud.primitives.zkpgs.store.URNType.parseURNSuffix(String)","8","14"
"URNType.java:720 eu.prismacloud.primitives.zkpgs.store.URNType.values()","8","15"
"URNType.java:15 java.lang.Object.clone()","8","16"
"ExtendedPublicKey.java:311 eu.prismacloud.primitives.zkpgs.BaseRepresentation.clone()","12","9"
"BaseRepresentation.java:84 java.lang.Object.clone()","12","10"
"ExtendedPublicKey.java:310 <...> java.util.Random.nextInt(int)","4","9"
"ExtendedPublicKey.java:274 eu.prismacloud.primitives.zkpgs.BaseRepresentation.clone()","12","8"
"BaseRepresentation.java:84 java.lang.Object.clone()","12","9"
"ExtendedPublicKey.java:270 <...> java.util.HashMap$Values.contains(Object)","12","8"
"GraphRepresentation.java:152 eu.prismacloud.primitives.zkpgs.graph.GraphRepresentation.encodeEdge(BigInteger, BigInteger, List)","8","7"
"GraphRepresentation.java:236 <...> java.math.BigInteger.multiply(BigInteger)","8","8"
"GraphRepresentation.java:129","8","7"
"GraphRepresentation.java:129 eu.prismacloud.primitives.zkpgs.store.URNType.buildURN(URNType, Class, int)","4","7"
"URNType.java:617 eu.prismacloud.primitives.zkpgs.store.URN.createZkpgsURN(String)","4","8"
"URN.java:181 eu.prismacloud.primitives.zkpgs.store.URN.<init>(NamespaceComponent, NamespaceComponent, boolean)","4","9"
"URN.java:39 eu.prismacloud.primitives.zkpgs.store.URNType.parseURNType(String)","4","10"
"URNType.java:708 eu.prismacloud.primitives.zkpgs.store.URNType.parseURNSuffix(String)","4","11"
"URNType.java:720 eu.prismacloud.primitives.zkpgs.store.URNType.values()","4","12"
"URNType.java:15 java.lang.Object.clone()","4","13"
"GraphRepresentation.java:158 java.lang.Object.getClass()","4","7"
"GraphRepresentation.java:158","4","7"
"GraphRepresentation.java:125","4","7"
"GraphRepresentation.java:70 eu.prismacloud.primitives.zkpgs.graph.GraphRepresentation.encodeVertices()","112","6"
"GraphRepresentation.java:87 eu.prismacloud.primitives.zkpgs.keys.ExtendedPublicKey.getRandomVertexBase(Map)","64","7"
"ExtendedPublicKey.java:250 eu.prismacloud.primitives.zkpgs.keys.ExtendedPublicKey.getRandomVertexBase()","56","8"
"ExtendedPublicKey.java:293 eu.prismacloud.primitives.zkpgs.keys.ExtendedPublicKey.getPrototypeVertexBase(int)","36","9"
"ExtendedPublicKey.java:172 eu.prismacloud.primitives.zkpgs.store.URNType.buildURN(URNType, Class, int)","36","10"
"URNType.java:617 eu.prismacloud.primitives.zkpgs.store.URN.createZkpgsURN(String)","36","11"
"URN.java:181 eu.prismacloud.primitives.zkpgs.store.URN.<init>(NamespaceComponent, NamespaceComponent, boolean)","32","12"
"URN.java:39 eu.prismacloud.primitives.zkpgs.store.URNType.parseURNType(String)","32","13"
"URNType.java:708 eu.prismacloud.primitives.zkpgs.store.URNType.parseURNSuffix(String)","20","14"
"URNType.java:720 eu.prismacloud.primitives.zkpgs.store.URNType.values()","20","15"
"URNType.java:15 java.lang.Object.clone()","20","16"
"URNType.java:708","8","14"
"URNType.java:708 eu.prismacloud.primitives.zkpgs.store.URN.parseSuffix(String)","4","14"
"URN.java:307 <...> java.util.StringTokenizer.nextToken()","4","15"
"URN.java:179 eu.prismacloud.primitives.zkpgs.util.NamespaceComponent.fromString(String, NamespaceComponent$Type)","4","12"
"NamespaceComponent.java:48 eu.prismacloud.primitives.zkpgs.util.NamespaceComponent.validate(String, NamespaceComponent$Type)","4","13"
"NamespaceComponent.java:62 eu.prismacloud.primitives.zkpgs.util.NamespaceComponent.validateNSS(String)","4","14"
"NamespaceComponent.java:75 <...> java.util.regex.Matcher.matches()","4","15"
"ExtendedPublicKey.java:293 eu.prismacloud.primitives.zkpgs.BaseRepresentation.clone()","12","9"
"BaseRepresentation.java:84 java.lang.Object.clone()","12","10"
"ExtendedPublicKey.java:290 <...> java.security.SecureRandom.<init>()","8","9"
"ExtendedPublicKey.java:253 eu.prismacloud.primitives.zkpgs.BaseRepresentation.clone()","4","8"
"BaseRepresentation.java:84 java.lang.Object.clone()","4","9"
"ExtendedPublicKey.java:249 java.util.HashMap$Values.contains(Object)","4","8"
"GraphRepresentation.java:89 eu.prismacloud.primitives.zkpgs.store.URNType.buildURN(URNType, Class, int)","20","7"
"URNType.java:617 eu.prismacloud.primitives.zkpgs.store.URN.createZkpgsURN(String)","20","8"
"URN.java:181 eu.prismacloud.primitives.zkpgs.store.URN.<init>(NamespaceComponent, NamespaceComponent, boolean)","20","9"
"URN.java:39 eu.prismacloud.primitives.zkpgs.store.URNType.parseURNType(String)","20","10"
"URNType.java:708 eu.prismacloud.primitives.zkpgs.store.URNType.parseURNSuffix(String)","20","11"
"URNType.java:720 eu.prismacloud.primitives.zkpgs.store.URNType.values()","20","12"
"URNType.java:15 java.lang.Object.clone()","20","13"
"GraphRepresentation.java:110 eu.prismacloud.primitives.zkpgs.store.URNType.buildURN(URNType, Class, int)","16","7"
"URNType.java:617 eu.prismacloud.primitives.zkpgs.store.URN.createZkpgsURN(String)","12","8"
"URN.java:181 eu.prismacloud.primitives.zkpgs.store.URN.<init>(NamespaceComponent, NamespaceComponent, boolean)","12","9"
"URN.java:39 eu.prismacloud.primitives.zkpgs.store.URNType.parseURNType(String)","12","10"
"URNType.java:708 eu.prismacloud.primitives.zkpgs.store.URNType.parseURNSuffix(String)","12","11"
"URNType.java:723 <...> java.lang.String.matches(String)","12","12"
"URNType.java:617","4","8"
"GraphRepresentation.java:105 eu.prismacloud.primitives.zkpgs.graph.GraphRepresentation.encodeVertex(BigInteger, List)","12","7"
"GraphRepresentation.java:207","8","8"
"GraphRepresentation.java:201 java.math.BigInteger.multiply(BigInteger)","4","8"
"SignerOrchestrator.java:360 eu.prismacloud.primitives.zkpgs.graph.GSGraph.encodeGraph(IGraphEncoding)","48","5"
"GSGraph.java:86 eu.prismacloud.primitives.zkpgs.graph.GSGraph.encodeVertices(IGraphEncoding)","44","6"
"GSGraph.java:97 eu.prismacloud.primitives.zkpgs.graph.GSGraph.encodeVertex(GSVertex, IGraphEncoding)","44","7"
"GSGraph.java:112 eu.prismacloud.primitives.zkpgs.encoding.GeoLocationGraphEncoding.getVertexRepresentative(String)","28","8"
"GeoLocationGraphEncoding.java:187 eu.prismacloud.primitives.zkpgs.store.URN.createZkpgsURN(String)","28","9"
"URN.java:181 eu.prismacloud.primitives.zkpgs.store.URN.<init>(NamespaceComponent, NamespaceComponent, boolean)","28","10"
"URN.java:39 eu.prismacloud.primitives.zkpgs.store.URNType.parseURNType(String)","28","11"
"URNType.java:708 eu.prismacloud.primitives.zkpgs.store.URNType.parseURNSuffix(String)","24","12"
"URNType.java:721","12","13"
"URNType.java:723 <...> java.lang.String.matches(String)","8","13"
"URNType.java:723","4","13"
"URNType.java:708","4","12"
"GSGraph.java:118 eu.prismacloud.primitives.zkpgs.encoding.GeoLocationGraphEncoding.getVertexLabelRepresentative(String)","16","8"
"GeoLocationGraphEncoding.java:193 eu.prismacloud.primitives.zkpgs.store.URN.createUnsafeZkpgsURN(String)","8","9"
"URN.java:222","8","10"
"GeoLocationGraphEncoding.java:193 <...> java.util.HashMap.get(Object)","8","9"
"<1 call> HashMap.java:572 eu.prismacloud.primitives.zkpgs.store.URN.equals(Object)","8","10"
"URN.java:252 java.lang.Object.getClass()","8","11"
"GSGraph.java:87 eu.prismacloud.primitives.zkpgs.graph.GSGraph.encodeEdges(IGraphEncoding)","4","6"
"GSGraph.java:128 <...> org.jgrapht.graph.AbstractBaseGraph.edgeSet()","4","7"
"SignerOrchestrator.java:302 eu.prismacloud.primitives.zkpgs.orchestrator.SignerOrchestrator.createPartialSignature(SignerOrchestrator$SignatureData, ExtendedPublicKey)","108","4"
"SignerOrchestrator.java:439 eu.prismacloud.primitives.zkpgs.orchestrator.SignerOrchestrator.computeQ(SignerOrchestrator$SignatureData)","76","5"
"SignerOrchestrator.java:486 eu.prismacloud.primitives.zkpgs.util.crypto.QRElement.modPow(BigInteger)","72","6"
"QRElement.java:15 eu.prismacloud.primitives.zkpgs.util.crypto.QRElement.modPow(BigInteger)","72","7"
"QRElement.java:108 <...> java.math.BigInteger.modPow(BigInteger, BigInteger)","68","8"
"QRElement.java:109","4","8"
"SignerOrchestrator.java:487","4","6"
"SignerOrchestrator.java:441 eu.prismacloud.primitives.zkpgs.orchestrator.SignerOrchestrator$SignatureData.computeRandomPrimeE()","16","5"
"SignerOrchestrator.java:191 eu.prismacloud.primitives.zkpgs.util.CryptoUtilsFacade.computePrimeInRange(BigInteger, BigInteger)","16","6"
"CryptoUtilsFacade.java:67 eu.prismacloud.primitives.zkpgs.util.GSUtils.generatePrimeInRange(BigInteger, BigInteger)","16","7"
"GSUtils.java:186 eu.prismacloud.primitives.zkpgs.util.GSUtils.generatePrimeWithPositiveMin(BigInteger, BigInteger)","16","8"
"GSUtils.java:214 eu.prismacloud.primitives.zkpgs.util.GSUtils.isPrime(BigInteger)","12","9"
"GSUtils.java:715 <...> java.math.BigInteger.isProbablePrime(int)","12","10"
"GSUtils.java:213 <...> java.math.BigInteger.add(BigInteger)","4","9"
"SignerOrchestrator.java:450 eu.prismacloud.primitives.zkpgs.signature.GSSignature.verify(SignerPublicKey, GroupElement)","16","5"
"GSSignature.java:173 eu.prismacloud.primitives.zkpgs.signature.GSSignature.hasValidE()","8","6"
"GSSignature.java:192 <...> java.math.BigInteger.isProbablePrime(int)","8","7"
"GSSignature.java:176 eu.prismacloud.primitives.zkpgs.util.crypto.QRElement.modPow(BigInteger)","8","6"
"QRElement.java:15 eu.prismacloud.primitives.zkpgs.util.crypto.QRElement.modPow(BigInteger)","8","7"
"QRElement.java:108 <...> java.math.BigInteger.modPow(BigInteger, BigInteger)","8","8"
"SignerOrchestrator.java:292 eu.prismacloud.primitives.zkpgs.orchestrator.SignerOrchestrator.verifyRecipientCommitment(GroupElement, BaseCollection)","64","4"
"SignerOrchestrator.java:347 eu.prismacloud.primitives.zkpgs.orchestrator.SignerOrchestrator.computeChallenge()","60","5"
"SignerOrchestrator.java:372 eu.prismacloud.primitives.zkpgs.orchestrator.SignerOrchestrator.populateChallengeList()","48","6"
"SignerOrchestrator.java:525 eu.prismacloud.primitives.zkpgs.context.GSContext.computeChallengeContext()","48","7"
"GSContext.java:25 eu.prismacloud.primitives.zkpgs.context.GSContext.addToChallengeContext(List)","48","8"
"GSContext.java:31 eu.prismacloud.primitives.zkpgs.keys.ExtendedPublicKey.addToChallengeContext(List)","48","9"
"ExtendedPublicKey.java:148 eu.prismacloud.primitives.zkpgs.BaseRepresentation.addToChallengeContext(List)","32","10"
"BaseRepresentation.java:102 <...> java.lang.String.valueOf(Object)","32","11"
"ExtendedPublicKey.java:149","8","10"
"ExtendedPublicKey.java:145 eu.prismacloud.primitives.zkpgs.keys.SignerPublicKey.addToChallengeContext(List)","4","10"
"SignerPublicKey.java:95 <...> java.lang.String.valueOf(Object)","4","11"
"ExtendedPublicKey.java:148","4","10"
"SignerOrchestrator.java:373 eu.prismacloud.primitives.zkpgs.util.CryptoUtilsFacade.computeHash(List, int)","12","6"
"CryptoUtilsFacade.java:76 eu.prismacloud.primitives.zkpgs.util.GSUtils.computeHash(List, int)","12","7"
"GSUtils.java:601","8","8"
"GSUtils.java:599","4","8"
"SignerOrchestrator.java:345 eu.prismacloud.primitives.zkpgs.verifier.AbstractCommitmentVerifier.executeVerification(BigInteger)","4","5"
"AbstractCommitmentVerifier.java:74 eu.prismacloud.primitives.zkpgs.verifier.AbstractCommitmentVerifier.computeVerifierWitness(BigInteger)","4","6"
"AbstractCommitmentVerifier.java:80 eu.prismacloud.primitives.zkpgs.util.crypto.QRElement.modPow(BigInteger)","4","7"
"QRElement.java:15 eu.prismacloud.primitives.zkpgs.util.crypto.QRElement.modPow(BigInteger)","4","8"
"QRElement.java:108 <...> java.math.BigInteger.modPow(BigInteger, BigInteger)","4","9"
"SignerOrchestrator.java:307 eu.prismacloud.primitives.zkpgs.orchestrator.SignerOrchestrator.prepareProvingSigningQ(GSSignature)","40","4"
"SignerOrchestrator.java:321 eu.prismacloud.primitives.zkpgs.orchestrator.SigningQProverOrchestrator.computeChallenge()","40","5"
"SigningQProverOrchestrator.java:89 eu.prismacloud.primitives.zkpgs.orchestrator.SigningQProverOrchestrator.populateChallengeList()","32","6"
"SigningQProverOrchestrator.java:114 eu.prismacloud.primitives.zkpgs.context.GSContext.addToChallengeContext(List)","32","7"
"GSContext.java:31 eu.prismacloud.primitives.zkpgs.keys.ExtendedPublicKey.addToChallengeContext(List)","32","8"
"ExtendedPublicKey.java:149","16","9"
"ExtendedPublicKey.java:148 eu.prismacloud.primitives.zkpgs.BaseRepresentation.addToChallengeContext(List)","12","9"
"BaseRepresentation.java:102 <...> java.lang.String.valueOf(Object)","12","10"
"ExtendedPublicKey.java:147","4","9"
"SigningQProverOrchestrator.java:90 eu.prismacloud.primitives.zkpgs.util.CryptoUtilsFacade.computeHash(List, int)","8","6"
"CryptoUtilsFacade.java:76 eu.prismacloud.primitives.zkpgs.util.GSUtils.computeHash(List, int)","8","7"
"GSUtils.java:600","8","8"
"SignerOrchestrator.java:288 <...> java.lang.ClassLoader.loadClass(String)","8","4"
"<16 calls> IssuingBenchmark.java:117 eu.prismacloud.primitives.zkpgs.util.FilePersistenceUtil.read(String)","276","3"
"FilePersistenceUtil.java:34 <...> java.io.ObjectInputStream.readObject()","276","4"
"<36 calls> Unsafe.java (native) eu.prismacloud.primitives.zkpgs.util.NamespaceComponent.<clinit>()","8","5"
"NamespaceComponent.java:19 <...> java.util.regex.Pattern.compile(String)","8","6"
"<14 calls> IssuingBenchmark.java:305 eu.prismacloud.primitives.zkpgs.orchestrator.RecipientOrchestrator.serializeFinalSignature(String)","232","3"
"RecipientOrchestrator.java:361 eu.prismacloud.primitives.zkpgs.util.FilePersistenceUtil.write(Object, String)","232","4"
"FilePersistenceUtil.java:23 <...> java.io.ObjectOutputStream.writeObject(Object)","232","5"
"<14 calls> IssuingBenchmark.java:304 eu.prismacloud.primitives.zkpgs.orchestrator.RecipientOrchestrator.round3()","212","3"
"RecipientOrchestrator.java:220 eu.prismacloud.primitives.zkpgs.orchestrator.SigningQVerifierOrchestrator.executeVerification(BigInteger)","48","4"
"SigningQVerifierOrchestrator.java:139 eu.prismacloud.primitives.zkpgs.orchestrator.SigningQVerifierOrchestrator.computeChallenge()","48","5"
"SigningQVerifierOrchestrator.java:102 eu.prismacloud.primitives.zkpgs.orchestrator.SigningQVerifierOrchestrator.populateChallengeList()","36","6"
"SigningQVerifierOrchestrator.java:118 eu.prismacloud.primitives.zkpgs.context.GSContext.addToChallengeContext(List)","36","7"
"GSContext.java:31 eu.prismacloud.primitives.zkpgs.keys.ExtendedPublicKey.addToChallengeContext(List)","36","8"
"ExtendedPublicKey.java:149","24","9"
"ExtendedPublicKey.java:148 eu.prismacloud.primitives.zkpgs.BaseRepresentation.addToChallengeContext(List)","12","9"
"BaseRepresentation.java:102 <...> java.lang.String.valueOf(Object)","12","10"
"SigningQVerifierOrchestrator.java:104 eu.prismacloud.primitives.zkpgs.util.CryptoUtilsFacade.computeHash(List, int)","12","6"
"CryptoUtilsFacade.java:76 eu.prismacloud.primitives.zkpgs.util.GSUtils.computeHash(List, int)","12","7"
"GSUtils.java:601","12","8"
"RecipientOrchestrator.java:207 eu.prismacloud.primitives.zkpgs.signature.GSSignatureValidator.verify()","48","4"
"GSSignatureValidator.java:108 eu.prismacloud.primitives.zkpgs.signature.GSSignatureValidator.verifySignature()","44","5"
"GSSignatureValidator.java:112 eu.prismacloud.primitives.zkpgs.signature.GSSignatureValidator.computeQ()","44","6"
"GSSignatureValidator.java:79 eu.prismacloud.primitives.zkpgs.util.crypto.QRElement.modPow(BigInteger)","24","7"
"QRElement.java:15 eu.prismacloud.primitives.zkpgs.util.crypto.QRElement.modPow(BigInteger)","24","8"
"QRElement.java:108 <...> java.math.BigInteger.modPow(BigInteger, BigInteger)","24","9"
"GSSignatureValidator.java:67 eu.prismacloud.primitives.zkpgs.util.BaseIteratorImpl.iterator()","8","7"
"BaseIteratorImpl.java:54 eu.prismacloud.primitives.zkpgs.util.BaseIteratorImpl.filter()","8","8"
"BaseIteratorImpl.java:74","8","9"
"GSSignatureValidator.java:78","8","7"
"GSSignatureValidator.java:86 eu.prismacloud.primitives.zkpgs.util.crypto.QRElement.modPow(BigInteger)","4","7"
"QRElement.java:15 eu.prismacloud.primitives.zkpgs.util.crypto.QRElement.modPow(BigInteger)","4","8"
"QRElement.java:108 <...> java.math.BigInteger.modPow(BigInteger, BigInteger)","4","9"
"GSSignatureValidator.java:103 eu.prismacloud.primitives.zkpgs.signature.GSSignatureValidator.checkE(BigInteger)","4","5"
"GSSignatureValidator.java:45 <...> java.math.BigInteger.isProbablePrime(int)","4","6"
"RecipientOrchestrator.java:203 eu.prismacloud.primitives.zkpgs.signature.GSSignatureValidator.computeQ()","40","4"
"GSSignatureValidator.java:79 eu.prismacloud.primitives.zkpgs.util.crypto.QRElement.modPow(BigInteger)","16","5"
"QRElement.java:15 eu.prismacloud.primitives.zkpgs.util.crypto.QRElement.modPow(BigInteger)","16","6"
"QRElement.java:108 <...> java.math.BigInteger.modPow(BigInteger, BigInteger)","16","7"
"GSSignatureValidator.java:78","12","5"
"GSSignatureValidator.java:67 eu.prismacloud.primitives.zkpgs.util.BaseIteratorImpl.iterator()","8","5"
"BaseIteratorImpl.java:54 eu.prismacloud.primitives.zkpgs.util.BaseIteratorImpl.filter()","8","6"
"BaseIteratorImpl.java:74","8","7"
"GSSignatureValidator.java:67","4","5"
"RecipientOrchestrator.java:243 eu.prismacloud.primitives.zkpgs.store.ProofStore.store(String, Object)","40","4"
"ProofStore.java:71 eu.prismacloud.primitives.zkpgs.store.ProofStore.save(URN, Object)","24","5"
"ProofStore.java:59 eu.prismacloud.primitives.zkpgs.store.ProofStore.add(URN, Object)","12","6"
"ProofStore.java:141 <...> java.util.HashSet.add(Object)","8","7"
"<2 calls> HashMap.java:339 eu.prismacloud.primitives.zkpgs.BaseRepresentation.hashCode()","8","8"
"BaseRepresentation.java:120 <...> java.lang.Enum.hashCode()","8","9"
"ProofStore.java:134 <...> java.util.HashMap.get(Object)","4","7"
"ProofStore.java:59","8","6"
"ProofStore.java:53 <...> java.util.HashMap.containsKey(Object)","4","6"
"ProofStore.java:71 eu.prismacloud.primitives.zkpgs.store.URN.createURN(String, String)","16","5"
"URN.java:161 eu.prismacloud.primitives.zkpgs.store.URN.<init>(NamespaceComponent, NamespaceComponent, boolean)","16","6"
"URN.java:39 eu.prismacloud.primitives.zkpgs.store.URNType.parseURNType(String)","16","7"
"URNType.java:708 eu.prismacloud.primitives.zkpgs.store.URNType.parseURNSuffix(String)","16","8"
"URNType.java:720 eu.prismacloud.primitives.zkpgs.store.URNType.values()","16","9"
"URNType.java:15 java.lang.Object.clone()","16","10"
"RecipientOrchestrator.java:229 eu.prismacloud.primitives.zkpgs.signature.GSSignature.verify(ExtendedPublicKey, BaseCollection)","32","4"
"GSSignature.java:132","16","5"
"GSSignature.java:134 eu.prismacloud.primitives.zkpgs.signature.GSSignature.verify(SignerPublicKey, GroupElement)","8","5"
"GSSignature.java:173 eu.prismacloud.primitives.zkpgs.signature.GSSignature.hasValidE()","8","6"
"GSSignature.java:192 <...> java.math.BigInteger.isProbablePrime(int)","8","7"
"GSSignature.java:132 eu.prismacloud.primitives.zkpgs.util.crypto.QRElement.modPow(BigInteger)","8","5"
"QRElement.java:15 eu.prismacloud.primitives.zkpgs.util.crypto.QRElement.modPow(BigInteger)","8","6"
"QRElement.java:108 <...> java.math.BigInteger.modPow(BigInteger, BigInteger)","8","7"
"RecipientOrchestrator.java:204 eu.prismacloud.primitives.zkpgs.store.ProofStore.store(String, Object)","4","4"
"ProofStore.java:71 eu.prismacloud.primitives.zkpgs.store.URN.createURN(String, String)","4","5"
"URN.java:161 eu.prismacloud.primitives.zkpgs.store.URN.<init>(NamespaceComponent, NamespaceComponent, boolean)","4","6"
"URN.java:39 eu.prismacloud.primitives.zkpgs.store.URNType.parseURNType(String)","4","7"
"URNType.java:708 eu.prismacloud.primitives.zkpgs.store.URNType.parseURNSuffix(String)","4","8"
"URNType.java:723 <...> java.lang.String.matches(String)","4","9"
"<16 calls> IssuingBenchmark.java:121 eu.prismacloud.primitives.zkpgs.util.FilePersistenceUtil.write(Object, String)","160","3"
"FilePersistenceUtil.java:23 <...> java.io.ObjectOutputStream.writeObject(Object)","152","4"
"FilePersistenceUtil.java:24 <...> java.io.ObjectOutputStream.close()","8","4"
"<14 calls> IssuingBenchmark.java:302 eu.prismacloud.primitives.zkpgs.orchestrator.RecipientOrchestrator.round1()","128","3"
"RecipientOrchestrator.java:153 eu.prismacloud.primitives.zkpgs.orchestrator.RecipientOrchestrator.computeChallenge()","92","4"
"RecipientOrchestrator.java:253 eu.prismacloud.primitives.zkpgs.orchestrator.RecipientOrchestrator.populateChallengeList()","56","5"
"RecipientOrchestrator.java:260 eu.prismacloud.primitives.zkpgs.context.GSContext.computeChallengeContext()","56","6"
"GSContext.java:25 eu.prismacloud.primitives.zkpgs.context.GSContext.addToChallengeContext(List)","56","7"
"GSContext.java:31 eu.prismacloud.primitives.zkpgs.keys.ExtendedPublicKey.addToChallengeContext(List)","56","8"
"ExtendedPublicKey.java:148 eu.prismacloud.primitives.zkpgs.BaseRepresentation.addToChallengeContext(List)","44","9"
"BaseRepresentation.java:102 <...> java.lang.String.valueOf(Object)","44","10"
"ExtendedPublicKey.java:148","8","9"
"ExtendedPublicKey.java:149","4","9"
"RecipientOrchestrator.java:254 eu.prismacloud.primitives.zkpgs.util.CryptoUtilsFacade.computeHash(List, int)","36","5"
"CryptoUtilsFacade.java:76 eu.prismacloud.primitives.zkpgs.util.GSUtils.computeHash(List, int)","36","6"
"GSUtils.java:600 <...> java.lang.String.getBytes(Charset)","8","7"
"GSUtils.java:597 <...> java.security.MessageDigest.getInstance(String)","8","7"
"GSUtils.java:600 <...> java.security.MessageDigest.update(byte[])","8","7"
"GSUtils.java:601","8","7"
"GSUtils.java:600","4","7"
"RecipientOrchestrator.java:151 eu.prismacloud.primitives.zkpgs.prover.AbstractCommitmentProver.executePreChallengePhase()","12","4"
"AbstractCommitmentProver.java:70 eu.prismacloud.primitives.zkpgs.prover.AbstractCommitmentProver.computeWitness()","12","5"
"AbstractCommitmentProver.java:145 eu.prismacloud.primitives.zkpgs.prover.AbstractCommitmentProver.getURNbyBaseType(BaseRepresentation, URNClass)","8","6"
"AbstractCommitmentProver.java:270 eu.prismacloud.primitives.zkpgs.store.URNType.buildURNbyBaseType(BaseRepresentation, URNClass, Class)","8","7"
"URNType.java:515 eu.prismacloud.primitives.zkpgs.store.URNType.buildURN(URNType, Class)","8","8"
"URNType.java:603 eu.prismacloud.primitives.zkpgs.store.URN.createZkpgsURN(String)","8","9"
"URN.java:181 eu.prismacloud.primitives.zkpgs.store.URN.<init>(NamespaceComponent, NamespaceComponent, boolean)","8","10"
"URN.java:39 eu.prismacloud.primitives.zkpgs.store.URNType.parseURNType(String)","8","11"
"URNType.java:708 eu.prismacloud.primitives.zkpgs.store.URNType.parseURNSuffix(String)","8","12"
"URNType.java:723 <...> java.lang.String.matches(String)","8","13"
"AbstractCommitmentProver.java:136 eu.prismacloud.primitives.zkpgs.prover.IssuingCommitmentProver.getTildeRandomnessURN()","4","6"
"IssuingCommitmentProver.java:79 eu.prismacloud.primitives.zkpgs.store.URNType.buildURN(URNType, Class)","4","7"
"URNType.java:603 eu.prismacloud.primitives.zkpgs.store.URN.createZkpgsURN(String)","4","8"
"URN.java:181 eu.prismacloud.primitives.zkpgs.store.URN.<init>(NamespaceComponent, NamespaceComponent, boolean)","4","9"
"URN.java:39 eu.prismacloud.primitives.zkpgs.store.URNType.parseURNType(String)","4","10"
"URNType.java:708 eu.prismacloud.primitives.zkpgs.store.URNType.parseURNSuffix(String)","4","11"
"URNType.java:723 <...> java.lang.String.matches(String)","4","12"
"RecipientOrchestrator.java:145 eu.prismacloud.primitives.zkpgs.recipient.GSRecipient.commit(BaseCollection, BigInteger)","8","4"
"GSRecipient.java:46 eu.prismacloud.primitives.zkpgs.commitment.GSCommitment.createCommitment(BaseCollection, BigInteger, ExtendedPublicKey)","8","5"
"GSCommitment.java:118 eu.prismacloud.primitives.zkpgs.util.crypto.QRElement.modPow(BigInteger)","8","6"
"QRElement.java:15 eu.prismacloud.primitives.zkpgs.util.crypto.QRElement.modPow(BigInteger)","8","7"
"QRElement.java:108 <...> java.math.BigInteger.modPow(BigInteger, BigInteger)","8","8"
"RecipientOrchestrator.java:158 eu.prismacloud.primitives.zkpgs.orchestrator.RecipientOrchestrator.createProofSignature()","4","4"
"RecipientOrchestrator.java:296 eu.prismacloud.primitives.zkpgs.store.ProofStore.retrieve(String)","4","5"
"ProofStore.java:94 eu.prismacloud.primitives.zkpgs.store.URN.createURN(String, String)","4","6"
"URN.java:161 eu.prismacloud.primitives.zkpgs.store.URN.<init>(NamespaceComponent, NamespaceComponent, boolean)","4","7"
"URN.java:39 eu.prismacloud.primitives.zkpgs.store.URNType.parseURNType(String)","4","8"
"URNType.java:708 eu.prismacloud.primitives.zkpgs.store.URNType.parseURNSuffix(String)","4","9"
"URNType.java:723 <...> java.lang.String.matches(String)","4","10"
"RecipientOrchestrator.java:155 eu.prismacloud.primitives.zkpgs.prover.AbstractCommitmentProver.executePostChallengePhase(BigInteger)","4","4"
"AbstractCommitmentProver.java:165 eu.prismacloud.primitives.zkpgs.prover.AbstractCommitmentProver.computeResponses(BigInteger)","4","5"
"AbstractCommitmentProver.java:201 eu.prismacloud.primitives.zkpgs.prover.AbstractCommitmentProver.getURNbyBaseType(BaseRepresentation, URNClass)","4","6"
"AbstractCommitmentProver.java:270 eu.prismacloud.primitives.zkpgs.store.URNType.buildURNbyBaseType(BaseRepresentation, URNClass, Class)","4","7"
"URNType.java:515 eu.prismacloud.primitives.zkpgs.store.URNType.buildURN(URNType, Class)","4","8"
"URNType.java:603 eu.prismacloud.primitives.zkpgs.store.URN.createZkpgsURN(String)","4","9"
"URN.java:179 eu.prismacloud.primitives.zkpgs.util.NamespaceComponent.fromString(String, NamespaceComponent$Type)","4","10"
"NamespaceComponent.java:48 eu.prismacloud.primitives.zkpgs.util.NamespaceComponent.validate(String, NamespaceComponent$Type)","4","11"
"NamespaceComponent.java:62 eu.prismacloud.primitives.zkpgs.util.NamespaceComponent.validateNSS(String)","4","12"
"NamespaceComponent.java:75 <...> java.util.regex.Pattern.matcher(CharSequence)","4","13"
"RecipientOrchestrator.java:170 eu.prismacloud.primitives.zkpgs.store.URN.createZkpgsURN(String)","4","4"
"URN.java:181 eu.prismacloud.primitives.zkpgs.store.URN.<init>(NamespaceComponent, NamespaceComponent, boolean)","4","5"
"URN.java:39 eu.prismacloud.primitives.zkpgs.store.URNType.parseURNType(String)","4","6"
"URNType.java:708 eu.prismacloud.primitives.zkpgs.store.URNType.parseURNSuffix(String)","4","7"
"URNType.java:723 <...> java.lang.String.matches(String)","4","8"
"RecipientOrchestrator.java:148 <...> java.lang.ClassLoader.loadClass(String)","4","4"
"<16 calls> IssuingBenchmark.java:107 eu.prismacloud.primitives.zkpgs.util.FilePersistenceUtil.read(String)","32","3"
"FilePersistenceUtil.java:34 <...> java.io.ObjectInputStream.readObject()","32","4"
"<16 calls> IssuingBenchmark.java:100 eu.prismacloud.primitives.zkpgs.parameters.GraphEncodingParameters.<init>(int, int, int, int, int)","16","3"
"GraphEncodingParameters.java:81 <...> java.math.BigInteger.nextProbablePrime()","16","4"
"<16 calls> IssuingBenchmark.java:136 eu.prismacloud.primitives.zkpgs.orchestrator.RecipientOrchestrator.init()","8","3"
"RecipientOrchestrator.java:112 eu.prismacloud.primitives.zkpgs.orchestrator.RecipientOrchestrator.generateRecipientMSK()","4","4"
"RecipientOrchestrator.java:278 eu.prismacloud.primitives.zkpgs.util.CryptoUtilsFacade.computeRandomNumber(int)","4","5"
"CryptoUtilsFacade.java:71 eu.prismacloud.primitives.zkpgs.util.CryptoUtilsFactory.getInstance(String)","4","6"
"CryptoUtilsFactory.java:31","4","7"
"RecipientOrchestrator.java:116 eu.prismacloud.primitives.zkpgs.store.ProofStore.store(String, Object)","4","4"
"ProofStore.java:71 eu.prismacloud.primitives.zkpgs.store.URN.createURN(String, String)","4","5"
"URN.java:161 eu.prismacloud.primitives.zkpgs.store.URN.<init>(NamespaceComponent, NamespaceComponent, boolean)","4","6"
"URN.java:39 eu.prismacloud.primitives.zkpgs.store.URNType.parseURNType(String)","4","7"
"URNType.java:708 eu.prismacloud.primitives.zkpgs.store.URNType.parseURNSuffix(String)","4","8"
"URNType.java:723 <...> java.lang.String.matches(String)","4","9"
"<16 calls> IssuingBenchmark.java:98 eu.prismacloud.primitives.zkpgs.parameters.KeyGenParameters.createKeyGenParameters(int, int, int, int, int, int, int, int, int, int, int, int)","8","3"
"KeyGenParameters.java:139 eu.prismacloud.primitives.zkpgs.parameters.KeyGenParameters.<init>(int, int, int, int, int, int, int, int, int, int, int, int)","8","4"
"KeyGenParameters.java:114 eu.prismacloud.primitives.zkpgs.util.NumberConstants.<clinit>()","8","5"
"NumberConstants.java:7 java.math.BigInteger.<clinit>()","8","6"
"<16 calls> IssuingBenchmark.java:131 eu.prismacloud.primitives.zkpgs.orchestrator.SignerOrchestrator.<init>(String, ExtendedKeyPair, IMessageGateway)","4","3"
"SignerOrchestrator.java:259","4","4"
"main Group: 'main' Native ID: 8414","324","1"
"<...> org.openjdk.jmh.runner.ForkedMain.main(String[])","324","2"
