"Call Tree","Time (ms)","Level"
"eu.prismacloud.primitives.grs.bench.SetupEncodingBenchmark.measureSetupEncoding-jmh-worker-1 Group: 'main' Native ID: 2801951","551","1"
"java.lang.Thread.run()","551","2"
"Thread.java:748 java.util.concurrent.ThreadPoolExecutor$Worker.run()","551","3"
"ThreadPoolExecutor.java:624 java.util.concurrent.ThreadPoolExecutor.runWorker(ThreadPoolExecutor$Worker)","551","4"
"ThreadPoolExecutor.java:1149 java.util.concurrent.FutureTask.run()","551","5"
"FutureTask.java:266 java.util.concurrent.Executors$RunnableAdapter.call()","551","6"
"Executors.java:511 java.util.concurrent.FutureTask.run()","551","7"
"FutureTask.java:266 org.openjdk.jmh.runner.BenchmarkHandler$BenchmarkTask.call()","551","8"
"BenchmarkHandler.java:437 org.openjdk.jmh.runner.BenchmarkHandler$BenchmarkTask.call()","551","9"
"BenchmarkHandler.java:453 java.lang.reflect.Method.invoke(Object, Object[])","551","10"
"Method.java:498 sun.reflect.DelegatingMethodAccessorImpl.invoke(Object, Object[])","551","11"
"DelegatingMethodAccessorImpl.java:43 sun.reflect.NativeMethodAccessorImpl.invoke(Object, Object[])","551","12"
"NativeMethodAccessorImpl.java:62 sun.reflect.NativeMethodAccessorImpl.invoke0(Method, Object, Object[])","551","13"
"NativeMethodAccessorImpl.java (native) eu.prismacloud.primitives.grs.bench.generated.SetupEncodingBenchmark_measureSetupEncoding_jmhTest.measureSetupEncoding_SingleShotTime(InfraControl, ThreadParams)","551","14"
"SetupEncodingBenchmark_measureSetupEncoding_jmhTest.java:368 eu.prismacloud.primitives.grs.bench.generated.SetupEncodingBenchmark_measureSetupEncoding_jmhTest.measureSetupEncoding_ss_jmhStub(InfraControl, RawResults, BenchmarkParams, IterationParams, ThreadParams, Blackhole, Control, int, int, SetupEncodingBenchmark_jmhType)","516","15"
"SetupEncodingBenchmark_measureSetupEncoding_jmhTest.java:412 eu.prismacloud.primitives.grs.bench.SetupEncodingBenchmark.measureSetupEncoding(Blackhole)","516","16"
"SetupEncodingBenchmark.java:128 java.math.BigInteger.nextProbablePrime()","516","17"
"BigInteger.java:820 java.math.BigInteger.primeToCertainty(int, Random)","516","18"
"BigInteger.java:876 java.math.BigInteger.passesMillerRabin(int, Random)","516","19"
"BigInteger.java:1036 java.math.BigInteger.modPow(BigInteger, BigInteger)","417","20"
"BigInteger.java:2603 java.math.BigInteger.oddModPow(BigInteger, BigInteger)","417","21"
"BigInteger.java:2830 java.math.BigInteger.leftShift(int[], int, int)","80","22"
"BigInteger.java:2471","73","23"
"BigInteger.java:2470 java.math.BigInteger.primitiveLeftShift(int[], int, int)","7","23"
"BigInteger.java:2500","7","24"
"BigInteger.java:2838 java.math.MutableBigInteger.divide(MutableBigInteger, MutableBigInteger)","54","22"
"MutableBigInteger.java:1147 java.math.MutableBigInteger.divide(MutableBigInteger, MutableBigInteger, boolean)","54","23"
"MutableBigInteger.java:1153 java.math.MutableBigInteger.divideKnuth(MutableBigInteger, MutableBigInteger, boolean)","54","24"
"MutableBigInteger.java:1203 java.math.MutableBigInteger.divideOneWord(int, MutableBigInteger)","46","25"
"MutableBigInteger.java:1122","16","26"
"MutableBigInteger.java:1118","11","26"
"MutableBigInteger.java:1100","11","26"
"MutableBigInteger.java:1133 java.math.MutableBigInteger.normalize()","6","26"
"MutableBigInteger.java:403","6","27"
"MutableBigInteger.java:1207 java.math.MutableBigInteger.<init>(int)","7","25"
"MutableBigInteger.java:112","7","26"
"BigInteger.java:2949 java.math.BigInteger.montReduce(int[], int[], int, int)","48","22"
"BigInteger.java:2968 java.math.BigInteger.addOne(int[], int, int, int)","14","23"
"BigInteger.java:3064","11","24"
"BigInteger.java:3062","2","24"
"BigInteger.java:2969","11","23"
"BigInteger.java:2967 java.math.BigInteger.mulAdd(int[], int[], int, int, int)","11","23"
"BigInteger.java:3017","11","24"
"BigInteger.java:2966","10","23"
"BigInteger.java:2940 java.math.BigInteger.montgomerySquare(int[], int[], int, long, int[])","47","22"
"BigInteger.java:2672 java.math.BigInteger.implMontgomerySquare(int[], int[], int, long, int[])","47","23"
"BigInteger.java:2713 java.math.BigInteger.squareToLen(int[], int, int[])","47","24"
"BigInteger.java:2007","25","25"
"BigInteger.java:2012 java.math.BigInteger.implSquareToLen(int[], int, int[], int)","16","25"
"BigInteger.java:2092 java.math.BigInteger.addOne(int[], int, int, int)","16","26"
"BigInteger.java:3061","16","27"
"BigInteger.java:2008","5","25"
"BigInteger.java:2928 java.math.BigInteger.montgomeryMultiply(int[], int[], int[], int, long, int[])","41","22"
"BigInteger.java:2661","23","23"
"BigInteger.java:2655 java.math.BigInteger.implMontgomeryMultiplyChecks(int[], int[], int[], int, int[])","17","23"
"BigInteger.java:2687","17","24"
"BigInteger.java:2800","35","22"
"BigInteger.java:2835 java.math.MutableBigInteger.normalize()","34","22"
"MutableBigInteger.java:403","23","23"
"MutableBigInteger.java:392","10","23"
"BigInteger.java:2808","20","22"
"BigInteger.java:2934","11","22"
"BigInteger.java:2857 java.math.BigInteger.montgomeryMultiply(int[], int[], int[], int, long, int[])","11","22"
"BigInteger.java:2661 java.math.BigInteger.materialize(int[], int)","11","23"
"BigInteger.java:2699","11","24"
"BigInteger.java:2826","7","22"
"BigInteger.java:2949","7","22"
"BigInteger.java:2822","7","22"
"BigInteger.java:2953 java.math.BigInteger.<init>(int, int[])","5","22"
"BigInteger.java:378 java.lang.Number.<init>()","5","23"
"Number.java:55","5","24"
"BigInteger.java:2850 java.math.BigInteger.montgomerySquare(int[], int[], int, long, int[])","2","22"
"BigInteger.java:2672 java.math.BigInteger.implMontgomerySquare(int[], int[], int, long, int[])","2","23"
"BigInteger.java:2713 java.math.BigInteger.squareToLen(int[], int, int[])","2","24"
"BigInteger.java:2012 java.math.BigInteger.implSquareToLen(int[], int, int[], int)","2","25"
"BigInteger.java:2091 java.math.BigInteger.mulAdd(int[], int[], int, int, int)","2","26"
"BigInteger.java:3017","2","27"
"BigInteger.java:1032 java.math.BigInteger.<init>(int, Random)","51","20"
"BigInteger.java:623 java.math.BigInteger.<init>(int, byte[])","38","21"
"BigInteger.java:354","21","22"
"BigInteger.java:355 java.math.BigInteger.stripLeadingZeroBytes(byte[])","9","22"
"BigInteger.java:4260","9","23"
"BigInteger.java:354 java.lang.Number.<init>()","6","22"
"BigInteger.java:623 java.math.BigInteger.randomBits(int, Random)","6","21"
"BigInteger.java:634 java.util.Random.nextBytes(byte[])","6","22"
"Random.java:229 java.util.concurrent.ThreadLocalRandom.nextInt()","6","23"
"ThreadLocalRandom.java:337 java.util.concurrent.ThreadLocalRandom.mix32(long)","6","24"
"ThreadLocalRandom.java:182","6","25"
"BigInteger.java:623","5","21"
"BigInteger.java:1033 java.math.BigInteger.<init>(int, Random)","16","20"
"BigInteger.java:623","16","21"
"BigInteger.java:1019 java.math.BigInteger.subtract(BigInteger)","15","20"
"BigInteger.java:1447","15","21"
"BigInteger.java:1037 java.math.BigInteger.modPow(BigInteger, BigInteger)","10","20"
"BigInteger.java:2579","10","21"
"BigInteger.java:1036","3","20"
"BigInteger.java:1032","1","20"
"SetupEncodingBenchmark_measureSetupEncoding_jmhTest.java:360 eu.prismacloud.primitives.grs.bench.generated.SetupEncodingBenchmark_measureSetupEncoding_jmhTest._jmh_tryInit_f_setupencodingbenchmark0_G(InfraControl)","34","15"
"SetupEncodingBenchmark_measureSetupEncoding_jmhTest.java:441 eu.prismacloud.primitives.grs.bench.SetupEncodingBenchmark.setup()","19","16"
"SetupEncodingBenchmark.java:86 eu.prismacloud.primitives.zkpgs.parameters.KeyGenParameters.createKeyGenParameters(int, int, int, int, int, int, int, int, int, int, int, int)","11","17"
"KeyGenParameters.java:139 eu.prismacloud.primitives.zkpgs.parameters.KeyGenParameters.<init>(int, int, int, int, int, int, int, int, int, int, int, int)","11","18"
"KeyGenParameters.java:114 eu.prismacloud.primitives.zkpgs.util.NumberConstants.<clinit>()","11","19"
"NumberConstants.java:7","11","20"
"SetupEncodingBenchmark.java:90 eu.prismacloud.primitives.zkpgs.parameters.GraphEncodingParameters.<init>(int, int, int, int, int)","7","17"
"GraphEncodingParameters.java:81 java.math.BigInteger.nextProbablePrime()","7","18"
"BigInteger.java:820 java.math.BigInteger.primeToCertainty(int, Random)","7","19"
"BigInteger.java:876 java.math.BigInteger.passesMillerRabin(int, Random)","7","20"
"BigInteger.java:1040 java.math.BigInteger.modPow(BigInteger, BigInteger)","7","21"
"BigInteger.java:2603 java.math.BigInteger.oddModPow(BigInteger, BigInteger)","7","22"
"BigInteger.java:2838 java.math.MutableBigInteger.divide(MutableBigInteger, MutableBigInteger)","7","23"
"MutableBigInteger.java:1147 java.math.MutableBigInteger.divide(MutableBigInteger, MutableBigInteger, boolean)","7","24"
"MutableBigInteger.java:1153 java.math.MutableBigInteger.divideKnuth(MutableBigInteger, MutableBigInteger, boolean)","7","25"
"MutableBigInteger.java:1187 java.math.MutableBigInteger.compare(MutableBigInteger)","7","26"
"MutableBigInteger.java:260","7","27"
"SetupEncodingBenchmark_measureSetupEncoding_jmhTest.java:437 org.openjdk.jmh.runner.InfraControl.getParam(String)","14","16"
"InfraControl.java:40 org.openjdk.jmh.runner.InfraControlL2.getParam(String)","14","17"
"InfraControl.java:237 org.openjdk.jmh.infra.BenchmarkParams.getParam(String)","14","18"
"BenchmarkParams.java:51 org.openjdk.jmh.infra.BenchmarkParamsL2.getParam(String)","14","19"
"BenchmarkParams.java:340 org.openjdk.jmh.runner.WorkloadParams.get(String)","14","20"
"WorkloadParams.java:71","14","21"
"main Group: 'main' Native ID: 2801637","354","1"
"org.openjdk.jmh.runner.ForkedMain.main(String[])","325","2"
"ForkedMain.java:72 org.openjdk.jmh.runner.link.BinaryLinkClient.<init>(String, int)","122","3"
"BinaryLinkClient.java:74 java.io.ObjectInputStream.<clinit>()","90","4"
"ObjectInputStream.java:3920 java.lang.invoke.MethodHandleNatives.linkMethodHandleConstant(Class, int, Class, String, Object)","46","5"
"MethodHandleNatives.java:477 java.lang.invoke.MethodHandles$Lookup.linkMethodHandleConstant(byte, Class, String, Object)","46","6"
"MethodHandles.java:1751 java.lang.invoke.MethodHandles$Lookup.getDirectMethodForConstant(byte, Class, MemberName)","46","7"
"MethodHandles.java:1802 java.lang.invoke.MethodHandles$Lookup.getDirectMethodNoSecurityManager(byte, Class, MemberName, Class)","46","8"
"MethodHandles.java:1617 java.lang.invoke.MethodHandles$Lookup.getDirectMethodCommon(byte, Class, MemberName, boolean, boolean, Class)","46","9"
"MethodHandles.java:1660 java.lang.invoke.DirectMethodHandle.make(byte, Class, MemberName)","37","10"
"DirectMethodHandle.java:89 java.lang.invoke.DirectMethodHandle.preparedLambdaForm(MemberName)","37","11"
"DirectMethodHandle.java:183 java.lang.invoke.DirectMethodHandle.preparedLambdaForm(MethodType, int)","37","12"
"DirectMethodHandle.java:194 java.lang.invoke.DirectMethodHandle.makePreparedLambdaForm(MethodType, int)","37","13"
"DirectMethodHandle.java:231 java.lang.invoke.LambdaForm.<clinit>()","32","14"
"LambdaForm.java:1833 java.lang.invoke.LambdaForm.createIdentityForms()","27","15"
"LambdaForm.java:1778 java.lang.invoke.BoundMethodHandle.<clinit>()","27","16"
"BoundMethodHandle.java:830 java.lang.invoke.BoundMethodHandle$SpeciesData.<clinit>()","27","17"
"BoundMethodHandle.java:426 java.lang.invoke.BoundMethodHandle$SpeciesData.initForBootstrap()","27","18"
"BoundMethodHandle.java:361 java.lang.invoke.BoundMethodHandle$Factory.makeCtors(Class, String, MethodHandle[])","27","19"
"BoundMethodHandle.java:763 java.lang.invoke.BoundMethodHandle$Factory.makeCbmhCtor(Class, String)","27","20"
"BoundMethodHandle.java:818 java.lang.invoke.MethodHandles$Lookup.findStatic(Class, String, MethodType)","27","21"
"MethodHandles.java:781 java.lang.invoke.MethodHandles$Lookup.getDirectMethod(byte, Class, MemberName, Class)","27","22"
"MethodHandles.java:1605 java.lang.invoke.MethodHandles$Lookup.getDirectMethodCommon(byte, Class, MemberName, boolean, boolean, Class)","27","23"
"MethodHandles.java:1660 java.lang.invoke.DirectMethodHandle.make(byte, Class, MemberName)","27","24"
"DirectMethodHandle.java:89 java.lang.invoke.DirectMethodHandle.preparedLambdaForm(MemberName)","27","25"
"DirectMethodHandle.java:183 java.lang.invoke.DirectMethodHandle.preparedLambdaForm(MethodType, int)","27","26"
"DirectMethodHandle.java:194 java.lang.invoke.DirectMethodHandle.makePreparedLambdaForm(MethodType, int)","27","27"
"DirectMethodHandle.java:240 java.lang.invoke.DirectMethodHandle$Lazy.<clinit>()","16","28"
"DirectMethodHandle.java:727 java.lang.invoke.LambdaForm$NamedFunction.resolve()","16","29"
"LambdaForm.java:1078 java.lang.invoke.DirectMethodHandle.make(MemberName)","16","30"
"DirectMethodHandle.java:115 java.lang.invoke.DirectMethodHandle.make(Class, MemberName)","16","31"
"DirectMethodHandle.java:110 java.lang.invoke.DirectMethodHandle.make(byte, Class, MemberName)","16","32"
"DirectMethodHandle.java:89 java.lang.invoke.DirectMethodHandle.preparedLambdaForm(MemberName)","16","33"
"DirectMethodHandle.java:183 java.lang.invoke.DirectMethodHandle.preparedLambdaForm(MethodType, int)","16","34"
"DirectMethodHandle.java:194 java.lang.invoke.DirectMethodHandle.makePreparedLambdaForm(MethodType, int)","16","35"
"DirectMethodHandle.java:260 java.lang.invoke.LambdaForm.compileToBytecode()","16","36"
"LambdaForm.java:654","11","37"
"LambdaForm.java:654 java.lang.invoke.InvokerBytecodeGenerator.generateCustomizedCode(LambdaForm, MethodType)","4","37"
"InvokerBytecodeGenerator.java:618 java.lang.invoke.InvokerBytecodeGenerator.generateCustomizedCodeBytes()","4","38"
"InvokerBytecodeGenerator.java:634 java.lang.invoke.InvokerBytecodeGenerator.classFilePrologue()","4","39"
"InvokerBytecodeGenerator.java:307 jdk.internal.org.objectweb.asm.ClassWriter.<init>(int)","4","40"
"ClassWriter.java:640","4","41"
"DirectMethodHandle.java:260 java.lang.invoke.LambdaForm.compileToBytecode()","11","28"
"LambdaForm.java:654 java.lang.invoke.InvokerBytecodeGenerator.generateCustomizedCode(LambdaForm, MethodType)","11","29"
"InvokerBytecodeGenerator.java:618 java.lang.invoke.InvokerBytecodeGenerator.generateCustomizedCodeBytes()","11","30"
"InvokerBytecodeGenerator.java:715 java.lang.invoke.InvokerBytecodeGenerator.emitStaticInvoke(MemberName, LambdaForm$Name)","11","31"
"InvokerBytecodeGenerator.java:867 jdk.internal.org.objectweb.asm.MethodWriter.visitMethodInsn(int, String, String, String, boolean)","11","32"
"MethodWriter.java:917 jdk.internal.org.objectweb.asm.ClassWriter.newMethodItem(String, String, String, boolean)","11","33"
"ClassWriter.java:1436 jdk.internal.org.objectweb.asm.ClassWriter.newNameType(String, String)","11","34"
"ClassWriter.java:1574 jdk.internal.org.objectweb.asm.ClassWriter.newNameTypeItem(String, String)","11","35"
"ClassWriter.java:1591 jdk.internal.org.objectweb.asm.ClassWriter.newUTF8(String)","11","36"
"ClassWriter.java:1121 jdk.internal.org.objectweb.asm.ByteVector.putByte(int)","11","37"
"ByteVector.java:107","11","38"
"LambdaForm.java:1835 java.lang.invoke.LambdaForm.computeInitialPreparedForms()","4","15"
"LambdaForm.java:666 java.lang.invoke.MemberName$Factory.getMethods(Class, boolean, String, MethodType, Class)","4","16"
"MemberName.java:1038 java.lang.invoke.MemberName$Factory.getMembers(Class, String, Object, int, Class)","4","17"
"MemberName.java:937 java.util.AbstractList.subList(int, int)","4","18"
"AbstractList.java:484","4","19"
"DirectMethodHandle.java:260 java.lang.invoke.LambdaForm.compileToBytecode()","5","14"
"LambdaForm.java:654 java.lang.invoke.InvokerBytecodeGenerator.generateCustomizedCode(LambdaForm, MethodType)","5","15"
"InvokerBytecodeGenerator.java:618 java.lang.invoke.InvokerBytecodeGenerator.generateCustomizedCodeBytes()","5","16"
"InvokerBytecodeGenerator.java:634","5","17"
"MethodHandles.java:1660","9","10"
"ObjectInputStream.java:3920 java.lang.invoke.MethodHandleNatives.linkCallSite(Object, Object, Object, Object, Object, Object[])","36","5"
"MethodHandleNatives.java:297 java.lang.invoke.MethodHandleNatives.linkCallSiteImpl(Class, MethodHandle, String, MethodType, Object, Object[])","36","6"
"MethodHandleNatives.java:307 java.lang.invoke.CallSite.<clinit>()","26","7"
"CallSite.java:226 java.lang.invoke.MethodHandles$Lookup.findStatic(Class, String, MethodType)","26","8"
"MethodHandles.java:781 java.lang.invoke.MethodHandles$Lookup.getDirectMethod(byte, Class, MemberName, Class)","26","9"
"MethodHandles.java:1605 java.lang.invoke.MethodHandles$Lookup.getDirectMethodCommon(byte, Class, MemberName, boolean, boolean, Class)","26","10"
"MethodHandles.java:1670 java.lang.invoke.MethodHandle.setVarargs(MemberName)","26","11"
"MethodHandle.java:1325 java.lang.invoke.MethodHandleImpl.makeVarargsCollector(MethodHandle, Class)","26","12"
"MethodHandleImpl.java:445 java.lang.invoke.MethodHandleImpl$AsVarargsCollector.<init>(MethodHandle, Class)","26","13"
"MethodHandleImpl.java:454 java.lang.invoke.MethodHandleImpl$AsVarargsCollector.<init>(MethodType, MethodHandle, Class)","26","14"
"MethodHandleImpl.java:460 java.lang.invoke.MethodHandle.asCollector(Class, int)","26","15"
"MethodHandle.java:999 java.lang.invoke.MethodHandleImpl.varargsArray(Class, int)","26","16"
"MethodHandleImpl.java:1623 java.lang.invoke.MethodHandleImpl.varargsArray(int)","26","17"
"MethodHandleImpl.java:1506 java.lang.invoke.MethodHandleImpl$Lazy.<clinit>()","26","18"
"MethodHandleImpl.java:610 java.lang.invoke.MethodHandleImpl.access$000()","18","19"
"MethodHandleImpl.java:49 java.lang.invoke.MethodHandleImpl.makeArrays()","18","20"
"MethodHandleImpl.java:1429 java.lang.invoke.MethodHandleImpl.makeIntrinsic(MethodHandle, MethodHandleImpl$Intrinsic)","10","21"
"MethodHandleImpl.java:1373 java.lang.invoke.MethodHandleImpl$IntrinsicMethodHandle.<init>(MethodHandle, MethodHandleImpl$Intrinsic)","10","22"
"MethodHandleImpl.java:1331 java.lang.invoke.DelegatingMethodHandle.<init>(MethodType, MethodHandle)","10","23"
"DelegatingMethodHandle.java:44 java.lang.invoke.DelegatingMethodHandle.chooseDelegatingForm(MethodHandle)","10","24"
"DelegatingMethodHandle.java:92 java.lang.invoke.DelegatingMethodHandle.makeReinvokerForm(MethodHandle, int, Object, LambdaForm$NamedFunction)","10","25"
"DelegatingMethodHandle.java:106 java.lang.invoke.DelegatingMethodHandle.makeReinvokerForm(MethodHandle, int, Object, String, boolean, LambdaForm$NamedFunction, LambdaForm$NamedFunction)","10","26"
"DelegatingMethodHandle.java:146 java.lang.invoke.LambdaForm$Name.<init>(MethodType, Object[])","10","27"
"LambdaForm.java:1400 java.lang.invoke.LambdaForm$NamedFunction.<init>(MethodType)","10","28"
"LambdaForm.java:1042 java.lang.invoke.Invokers.basicInvoker()","10","29"
"Invokers.java:85 java.lang.invoke.DirectMethodHandle.make(MemberName)","10","30"
"DirectMethodHandle.java:115 java.lang.invoke.DirectMethodHandle.make(Class, MemberName)","10","31"
"DirectMethodHandle.java:110 java.lang.invoke.DirectMethodHandle.make(byte, Class, MemberName)","10","32"
"DirectMethodHandle.java:89 java.lang.invoke.DirectMethodHandle.preparedLambdaForm(MemberName)","10","33"
"DirectMethodHandle.java:183 java.lang.invoke.DirectMethodHandle.preparedLambdaForm(MethodType, int)","10","34"
"DirectMethodHandle.java:194 java.lang.invoke.DirectMethodHandle.makePreparedLambdaForm(MethodType, int)","10","35"
"DirectMethodHandle.java:257 java.lang.invoke.LambdaForm.basicTypeSignature(MethodType)","10","36"
"LambdaForm.java:1335 java.lang.invoke.MethodType.parameterList()","10","37"
"MethodType.java:729 java.util.Collections.unmodifiableList(List)","10","38"
"Collections.java:1287 java.util.Collections$UnmodifiableRandomAccessList.<init>(List)","10","39"
"Collections.java:1395 java.util.Collections$UnmodifiableList.<init>(List)","10","40"
"Collections.java:1302 java.util.Collections$UnmodifiableCollection.<init>(Collection)","10","41"
"Collections.java:1024","10","42"
"MethodHandleImpl.java:1427 java.lang.invoke.MethodHandleImpl.findCollector(String, int, Class, Class[])","7","21"
"MethodHandleImpl.java:1387 java.lang.invoke.MethodHandles$Lookup.findStatic(Class, String, MethodType)","7","22"
"MethodHandles.java:780 java.lang.invoke.MethodHandles$Lookup.resolveOrFail(byte, Class, String, MethodType)","7","23"
"MethodHandles.java:1386 java.lang.invoke.MemberName$Factory.resolveOrFail(byte, MemberName, Class, Class)","7","24"
"MemberName.java:1000 java.lang.invoke.MemberName$Factory.resolve(byte, MemberName, Class)","7","25"
"MemberName.java:975 java.lang.invoke.MethodHandleNatives.resolve(MemberName, Class)","7","26"
"MethodHandleImpl.java:627 java.lang.invoke.MethodHandles$Lookup.findStatic(Class, String, MethodType)","8","19"
"MethodHandles.java:781 java.lang.invoke.MethodHandles$Lookup.getDirectMethod(byte, Class, MemberName, Class)","8","20"
"MethodHandles.java:1605 java.lang.invoke.MethodHandles$Lookup.getDirectMethodCommon(byte, Class, MemberName, boolean, boolean, Class)","8","21"
"MethodHandles.java:1670 java.lang.invoke.MethodHandle.setVarargs(MemberName)","8","22"
"MethodHandle.java:1325 java.lang.invoke.MethodHandleImpl.makeVarargsCollector(MethodHandle, Class)","8","23"
"MethodHandleImpl.java:445 java.lang.invoke.MethodHandleImpl$AsVarargsCollector.<init>(MethodHandle, Class)","8","24"
"MethodHandleImpl.java:454 java.lang.invoke.MethodHandleImpl$AsVarargsCollector.<init>(MethodType, MethodHandle, Class)","8","25"
"MethodHandleImpl.java:460 java.lang.invoke.MethodHandle.asCollector(Class, int)","8","26"
"MethodHandle.java:1002 java.lang.invoke.BoundMethodHandle$Species_L.copyWith(MethodType, LambdaForm)","8","27"
"BoundMethodHandle.java:228 java.lang.invoke.BoundMethodHandle$Species_L.<init>(MethodType, LambdaForm, Object)","8","28"
"BoundMethodHandle.java:211 java.lang.invoke.BoundMethodHandle.<init>(MethodType, LambdaForm)","8","29"
"BoundMethodHandle.java:58 java.lang.invoke.MethodHandle.<init>(MethodType, LambdaForm)","8","30"
"MethodHandle.java:461 java.lang.invoke.LambdaForm.prepare()","8","31"
"LambdaForm.java:635 java.lang.invoke.LambdaForm.compileToBytecode()","8","32"
"LambdaForm.java:654 java.lang.invoke.InvokerBytecodeGenerator.generateCustomizedCode(LambdaForm, MethodType)","8","33"
"InvokerBytecodeGenerator.java:618 java.lang.invoke.InvokerBytecodeGenerator.loadMethod(byte[])","8","34"
"InvokerBytecodeGenerator.java:276 java.lang.invoke.InvokerBytecodeGenerator.loadAndInitializeInvokerClass(byte[], Object[])","8","35"
"InvokerBytecodeGenerator.java:284 sun.misc.Unsafe.defineAnonymousClass(Class, byte[], Object[])","8","36"
"MethodHandleNatives.java:307 java.lang.invoke.CallSite.makeSite(MethodHandle, String, MethodType, Object, Class)","10","7"
"CallSite.java:302 java.lang.invoke.LambdaForm$MH.1078694789.invoke_MT(Object, Object, Object, Object, Object, Object, Object, Object)","10","8"
"LambdaForm$MH java.lang.invoke.LambdaForm$BMH.999966131.reinvoke(Object, Object, Object, Object, Object, Object, Object)","10","9"
"LambdaForm$BMH java.lang.invoke.LambdaForm$DMH.523429237.invokeStatic_L6_L(Object, Object, Object, Object, Object, Object, Object)","10","10"
"LambdaForm$DMH java.lang.invoke.LambdaMetafactory.metafactory(MethodHandles$Lookup, String, MethodType, MethodType, MethodHandle, MethodType)","10","11"
"LambdaMetafactory.java:299","10","12"
"ObjectInputStream.java:3920","7","5"
"BinaryLinkClient.java:71 java.lang.ClassLoader.loadClass(String)","14","4"
"ClassLoader.java:357 sun.misc.Launcher$AppClassLoader.loadClass(String, boolean)","14","5"
"Launcher.java:349 java.lang.ClassLoader.loadClass(String, boolean)","14","6"
"ClassLoader.java:411 java.lang.ClassLoader.loadClass(String, boolean)","14","7"
"ClassLoader.java:413 java.lang.ClassLoader.findBootstrapClassOrNull(String)","14","8"
"ClassLoader.java:1015 java.lang.ClassLoader.findBootstrapClass(String)","14","9"
"BinaryLinkClient.java:78 java.lang.reflect.Proxy.newProxyInstance(ClassLoader, Class[], InvocationHandler)","9","4"
"Proxy.java:719 java.lang.reflect.Proxy.getProxyClass0(ClassLoader, Class[])","9","5"
"Proxy.java:419 java.lang.reflect.WeakCache.get(Object, Object)","9","6"
"WeakCache.java:127 java.lang.reflect.WeakCache$Factory.get()","9","7"
"WeakCache.java:230 java.lang.reflect.Proxy$ProxyClassFactory.apply(Object, Object)","9","8"
"Proxy.java:557 java.lang.reflect.Proxy$ProxyClassFactory.apply(ClassLoader, Class[])","9","9"
"Proxy.java:639 sun.misc.ProxyGenerator.generateProxyClass(String, Class[], int)","9","10"
"ProxyGenerator.java:339 sun.misc.ProxyGenerator.generateClassFile()","9","11"
"ProxyGenerator.java:451 java.lang.Class.getMethods()","9","12"
"Class.java:1615 java.lang.Class.privateGetPublicMethods()","9","13"
"Class.java:2902 java.lang.Class.privateGetDeclaredMethods(boolean)","9","14"
"Class.java:2701 java.lang.Class.getDeclaredMethods0(boolean)","9","15"
"Class.java (native) java.lang.ClassLoader.loadClass(String)","9","16"
"ClassLoader.java:357 sun.misc.Launcher$AppClassLoader.loadClass(String, boolean)","9","17"
"Launcher.java:349 java.lang.ClassLoader.loadClass(String, boolean)","9","18"
"ClassLoader.java:424 java.net.URLClassLoader.findClass(String)","9","19"
"URLClassLoader.java:362 java.security.AccessController.doPrivileged(PrivilegedExceptionAction, AccessControlContext)","9","20"
"AccessController.java (native) java.net.URLClassLoader$1.run()","9","21"
"URLClassLoader.java:363 java.net.URLClassLoader$1.run()","9","22"
"URLClassLoader.java:369 java.net.URLClassLoader.access$100(URLClassLoader, String, Resource)","9","23"
"URLClassLoader.java:74 java.net.URLClassLoader.defineClass(String, Resource)","9","24"
"URLClassLoader.java:467 sun.misc.PerfCounter.addElapsedTimeFrom(long)","9","25"
"PerfCounter.java:119 java.lang.System.nanoTime()","9","26"
"BinaryLinkClient.java:74 java.io.ObjectInputStream.<init>(InputStream)","7","4"
"ObjectInputStream.java:353 java.io.ObjectInputStream$BlockDataInputStream.<init>(ObjectInputStream, InputStream)","7","5"
"ObjectInputStream.java:2763","7","6"
"ForkedMain.java:84 org.openjdk.jmh.runner.ForkedRunner.run()","117","3"
"ForkedRunner.java:72 org.openjdk.jmh.runner.BaseRunner.runBenchmarksForked(ActionPlan, IterationResultAcceptor)","94","4"
"BaseRunner.java:76 org.openjdk.jmh.runner.BaseRunner.doSingle(BenchmarkParams, ActionMode, IterationResultAcceptor)","94","5"
"BaseRunner.java:139 org.openjdk.jmh.runner.BaseRunner.runBenchmark(BenchmarkParams, IterationResultAcceptor)","94","6"
"BaseRunner.java:233 org.openjdk.jmh.runner.BenchmarkHandler.<init>(OutputFormat, Options, BenchmarkParams)","79","7"
"BenchmarkHandler.java:71 java.lang.ClassLoader.loadClass(String)","31","8"
"ClassLoader.java:357 sun.misc.Launcher$AppClassLoader.loadClass(String, boolean)","31","9"
"Launcher.java:349 java.lang.ClassLoader.loadClass(String, boolean)","31","10"
"ClassLoader.java:424 java.net.URLClassLoader.findClass(String)","31","11"
"URLClassLoader.java:362 java.security.AccessController.doPrivileged(PrivilegedExceptionAction, AccessControlContext)","31","12"
"AccessController.java (native) java.net.URLClassLoader$1.run()","31","13"
"URLClassLoader.java:363 java.net.URLClassLoader$1.run()","31","14"
"URLClassLoader.java:369 java.net.URLClassLoader.access$100(URLClassLoader, String, Resource)","31","15"
"URLClassLoader.java:74 java.net.URLClassLoader.defineClass(String, Resource)","31","16"
"URLClassLoader.java:468 java.security.SecureClassLoader.defineClass(String, byte[], int, int, CodeSource)","31","17"
"SecureClassLoader.java:142 java.lang.ClassLoader.defineClass(String, byte[], int, int, ProtectionDomain)","31","18"
"ClassLoader.java:763 java.lang.ClassLoader.defineClass1(String, byte[], int, int, ProtectionDomain, String)","31","19"
"BenchmarkHandler.java:71 org.openjdk.jmh.profile.ProfilerFactory.getSupportedInternal(Collection)","20","8"
"ProfilerFactory.java:110 org.openjdk.jmh.profile.ProfilerFactory.getProfilerOrNull(ProfilerConfig)","20","9"
"ProfilerFactory.java:52 org.openjdk.jmh.profile.ProfilerFactory.getProfiler(ProfilerConfig)","20","10"
"ProfilerFactory.java:76 java.lang.Class.forName(String)","13","11"
"Class.java:264 java.lang.Class.forName0(String, boolean, ClassLoader, Class)","13","12"
"Class.java (native) java.lang.ClassLoader.loadClass(String)","13","13"
"ClassLoader.java:357 sun.misc.Launcher$AppClassLoader.loadClass(String, boolean)","13","14"
"Launcher.java:349 java.lang.ClassLoader.loadClass(String, boolean)","13","15"
"ClassLoader.java:411 java.lang.ClassLoader.loadClass(String, boolean)","13","16"
"ClassLoader.java:413 java.lang.ClassLoader.findBootstrapClassOrNull(String)","13","17"
"ClassLoader.java:1015 java.lang.ClassLoader.findBootstrapClass(String)","13","18"
"ProfilerFactory.java:77 org.openjdk.jmh.profile.ProfilerFactory.instantiate(ProfilerConfig, Class)","7","11"
"ProfilerFactory.java:82 java.lang.Class.getConstructor(Class[])","7","12"
"Class.java:1825 java.lang.Class.getConstructor0(Class[], int)","7","13"
"Class.java:3075 java.lang.Class.privateGetDeclaredConstructors(boolean)","7","14"
"Class.java:2660 java.lang.Class.reflectionData()","7","15"
"Class.java:2503 java.lang.Class.newReflectionData(SoftReference, int)","7","16"
"Class.java:2511","7","17"
"BenchmarkHandler.java:71 org.openjdk.jmh.profile.ProfilerFactory.<clinit>()","14","8"
"ProfilerFactory.java:179 java.lang.ClassLoader.loadClass(String)","8","9"
"ClassLoader.java:357 sun.misc.Launcher$AppClassLoader.loadClass(String, boolean)","8","10"
"Launcher.java:349 java.lang.ClassLoader.loadClass(String, boolean)","8","11"
"ClassLoader.java:424 java.net.URLClassLoader.findClass(String)","8","12"
"URLClassLoader.java:362 java.security.AccessController.doPrivileged(PrivilegedExceptionAction, AccessControlContext)","8","13"
"AccessController.java (native) java.net.URLClassLoader$1.run()","8","14"
"URLClassLoader.java:363 java.net.URLClassLoader$1.run()","8","15"
"URLClassLoader.java:366 sun.misc.URLClassPath.getResource(String, boolean)","8","16"
"URLClassPath.java:249 sun.misc.URLClassPath$JarLoader.getResource(String, boolean)","8","17"
"URLClassPath.java:1054 java.util.jar.JarFile.getJarEntry(String)","8","18"
"JarFile.java:223 java.util.jar.JarFile.getEntry(String)","8","19"
"JarFile.java:240 java.util.zip.ZipFile.getEntry(String)","8","20"
"ZipFile.java:316 java.util.zip.ZipFile.getEntry(long, byte[], boolean)","8","21"
"ProfilerFactory.java:176 java.lang.ClassLoader.loadClass(String)","6","9"
"ClassLoader.java:357 sun.misc.Launcher$AppClassLoader.loadClass(String, boolean)","6","10"
"Launcher.java:349 java.lang.ClassLoader.loadClass(String, boolean)","6","11"
"ClassLoader.java:424 java.net.URLClassLoader.findClass(String)","6","12"
"URLClassLoader.java:362 java.security.AccessController.doPrivileged(PrivilegedExceptionAction, AccessControlContext)","6","13"
"AccessController.java (native) java.net.URLClassLoader$1.run()","6","14"
"URLClassLoader.java:363 java.net.URLClassLoader$1.run()","6","15"
"URLClassLoader.java:369 java.net.URLClassLoader.access$100(URLClassLoader, String, Resource)","6","16"
"URLClassLoader.java:74 java.net.URLClassLoader.defineClass(String, Resource)","6","17"
"URLClassLoader.java:463 sun.misc.Resource.getBytes()","6","18"
"Resource.java:124 java.util.zip.InflaterInputStream.read(byte[], int, int)","6","19"
"InflaterInputStream.java:142","6","20"
"BenchmarkHandler.java:96 org.openjdk.jmh.runner.BenchmarkHandler$ExecutorType$2.createExecutor(int, String)","11","8"
"BenchmarkHandler.java:205 java.util.concurrent.Executors.newFixedThreadPool(int, ThreadFactory)","11","9"
"Executors.java:151","11","10"
"BaseRunner.java:234 org.openjdk.jmh.runner.BaseRunner.runBenchmark(BenchmarkParams, BenchmarkHandler, IterationResultAcceptor)","15","7"
"BaseRunner.java:282 org.openjdk.jmh.runner.BenchmarkHandler.runIteration(BenchmarkParams, IterationParams, boolean)","7","8"
"BenchmarkHandler.java:320 org.openjdk.jmh.runner.InfraControl.<clinit>()","7","9"
"InfraControl.java:55 org.openjdk.jmh.util.Utils.check(Class, String[])","7","10"
"Utils.java:339 org.openjdk.jmh.util.Utils.check(Class, String)","7","11"
"Utils.java:347 org.openjdk.jmh.util.Utils.getOffset(Class, String)","7","12"
"Utils.java:356 java.lang.Class.getDeclaredField(String)","7","13"
"Class.java:2070","7","14"
"BaseRunner.java:279 com.sun.proxy.$Proxy5.iteration(BenchmarkParams, IterationParams, int)","7","8"
"org.openjdk.jmh.runner.link.BinaryLinkClient$1.invoke(Object, Method, Object[])","7","9"
"BinaryLinkClient.java:84 org.openjdk.jmh.runner.link.BinaryLinkClient.access$000(BinaryLinkClient, Serializable)","7","10"
"BinaryLinkClient.java:50 org.openjdk.jmh.runner.link.BinaryLinkClient.pushFrame(Serializable)","7","11"
"BinaryLinkClient.java:111 java.io.ObjectOutputStream.writeObject(Object)","7","12"
"ObjectOutputStream.java:348 java.io.ObjectOutputStream.writeObject0(Object, boolean)","7","13"
"ObjectOutputStream.java:1178 java.io.ObjectOutputStream.writeOrdinaryObject(Object, ObjectStreamClass, boolean)","7","14"
"ObjectOutputStream.java:1432 java.io.ObjectOutputStream.writeSerialData(Object, ObjectStreamClass)","7","15"
"ObjectOutputStream.java:1509 java.io.ObjectOutputStream.defaultWriteFields(Object, ObjectStreamClass)","7","16"
"ObjectOutputStream.java:1548 java.io.ObjectOutputStream.writeObject0(Object, boolean)","7","17"
"ObjectOutputStream.java:1174 java.io.ObjectOutputStream.writeArray(Object, ObjectStreamClass, boolean)","7","18"
"ObjectOutputStream.java:1378 java.io.ObjectOutputStream.writeObject0(Object, boolean)","7","19"
"ObjectOutputStream.java:1178 java.io.ObjectOutputStream.writeOrdinaryObject(Object, ObjectStreamClass, boolean)","7","20"
"ObjectOutputStream.java:1427 java.io.ObjectOutputStream.writeClassDesc(ObjectStreamClass, boolean)","7","21"
"ObjectOutputStream.java:1231 java.io.ObjectOutputStream.writeNonProxyDesc(ObjectStreamClass, boolean)","7","22"
"ObjectOutputStream.java:1294 java.io.ObjectOutputStream.writeClassDesc(ObjectStreamClass, boolean)","7","23"
"ObjectOutputStream.java:1231 java.io.ObjectOutputStream.writeNonProxyDesc(ObjectStreamClass, boolean)","7","24"
"ObjectOutputStream.java:1294 java.io.ObjectOutputStream.writeClassDesc(ObjectStreamClass, boolean)","7","25"
"ObjectOutputStream.java:1231 java.io.ObjectOutputStream.writeNonProxyDesc(ObjectStreamClass, boolean)","7","26"
"ObjectOutputStream.java:1282 java.io.ObjectOutputStream.writeClassDescriptor(ObjectStreamClass)","7","27"
"ObjectOutputStream.java:668 java.io.ObjectStreamClass.writeNonProxy(ObjectOutputStream)","7","28"
"ObjectStreamClass.java:843 java.io.ObjectOutputStream.writeUTF(String)","7","29"
"ObjectOutputStream.java:869 java.io.ObjectOutputStream$BlockDataOutputStream.writeUTF(String)","7","30"
"ObjectOutputStream.java:2007 java.io.ObjectOutputStream$BlockDataOutputStream.writeUTF(String, long)","7","31"
"ObjectOutputStream.java:2168 java.io.ObjectOutputStream$BlockDataOutputStream.writeBytes(String)","7","32"
"ObjectOutputStream.java:1975","7","33"
"ForkedRunner.java:47 org.openjdk.jmh.runner.link.BinaryLinkClient.requestPlan()","23","4"
"BinaryLinkClient.java:162 org.openjdk.jmh.runner.link.BinaryLinkClient.readFrame()","23","5"
"BinaryLinkClient.java:122 java.io.ObjectInputStream.readObject()","23","6"
"ObjectInputStream.java:431 java.io.ObjectInputStream.readObject0(boolean)","23","7"
"ObjectInputStream.java:1573 java.io.ObjectInputStream.readOrdinaryObject(boolean)","23","8"
"ObjectInputStream.java:2069 java.io.ObjectInputStream.readSerialData(Object, ObjectStreamClass)","23","9"
"ObjectInputStream.java:2211 java.io.ObjectInputStream.defaultReadFields(Object, ObjectStreamClass)","23","10"
"ObjectInputStream.java:2287 java.io.ObjectInputStream.readObject0(boolean)","23","11"
"ObjectInputStream.java:1573 java.io.ObjectInputStream.readOrdinaryObject(boolean)","23","12"
"ObjectInputStream.java:2069 java.io.ObjectInputStream.readSerialData(Object, ObjectStreamClass)","23","13"
"ObjectInputStream.java:2211 java.io.ObjectInputStream.defaultReadFields(Object, ObjectStreamClass)","23","14"
"ObjectInputStream.java:2287 java.io.ObjectInputStream.readObject0(boolean)","23","15"
"ObjectInputStream.java:1573 java.io.ObjectInputStream.readOrdinaryObject(boolean)","23","16"
"ObjectInputStream.java:2069 java.io.ObjectInputStream.readSerialData(Object, ObjectStreamClass)","23","17"
"ObjectInputStream.java:2178 java.io.ObjectStreamClass.invokeReadObject(Object, ObjectInputStream)","23","18"
"ObjectStreamClass.java:1170 java.lang.reflect.Method.invoke(Object, Object[])","23","19"
"Method.java:498 sun.reflect.DelegatingMethodAccessorImpl.invoke(Object, Object[])","23","20"
"DelegatingMethodAccessorImpl.java:43 sun.reflect.NativeMethodAccessorImpl.invoke(Object, Object[])","23","21"
"NativeMethodAccessorImpl.java:62 sun.reflect.NativeMethodAccessorImpl.invoke0(Method, Object, Object[])","23","22"
"NativeMethodAccessorImpl.java (native) java.util.ArrayList.readObject(ObjectInputStream)","23","23"
"ArrayList.java:797 java.io.ObjectInputStream.readObject()","23","24"
"ObjectInputStream.java:431 java.io.ObjectInputStream.readObject0(boolean)","23","25"
"ObjectInputStream.java:1573 java.io.ObjectInputStream.readOrdinaryObject(boolean)","23","26"
"ObjectInputStream.java:2069 java.io.ObjectInputStream.readSerialData(Object, ObjectStreamClass)","23","27"
"ObjectInputStream.java:2211 java.io.ObjectInputStream.defaultReadFields(Object, ObjectStreamClass)","23","28"
"ObjectInputStream.java:2287 java.io.ObjectInputStream.readObject0(boolean)","23","29"
"ObjectInputStream.java:1573 java.io.ObjectInputStream.readOrdinaryObject(boolean)","23","30"
"ObjectInputStream.java:2069 java.io.ObjectInputStream.readSerialData(Object, ObjectStreamClass)","15","31"
"ObjectInputStream.java:2211 java.io.ObjectInputStream.defaultReadFields(Object, ObjectStreamClass)","15","32"
"ObjectInputStream.java:2287 java.io.ObjectInputStream.readObject0(boolean)","15","33"
"ObjectInputStream.java:1573 java.io.ObjectInputStream.readOrdinaryObject(boolean)","15","34"
"ObjectInputStream.java:2069 java.io.ObjectInputStream.readSerialData(Object, ObjectStreamClass)","15","35"
"ObjectInputStream.java:2211 java.io.ObjectInputStream.defaultReadFields(Object, ObjectStreamClass)","15","36"
"ObjectInputStream.java:2287 java.io.ObjectInputStream.readObject0(boolean)","15","37"
"ObjectInputStream.java:1573 java.io.ObjectInputStream.readOrdinaryObject(boolean)","15","38"
"ObjectInputStream.java:2042 java.io.ObjectInputStream.readClassDesc(boolean)","15","39"
"ObjectInputStream.java:1751 java.io.ObjectInputStream.readNonProxyDesc(boolean)","15","40"
"ObjectInputStream.java:1885 java.io.ObjectStreamClass.initNonProxy(ObjectStreamClass, Class, ClassNotFoundException, ObjectStreamClass)","15","41"
"ObjectStreamClass.java:681 java.io.ObjectStreamClass.lookup(Class, boolean)","15","42"
"ObjectStreamClass.java:391 java.io.ObjectStreamClass.<init>(Class)","15","43"
"ObjectStreamClass.java:494 java.security.AccessController.doPrivileged(PrivilegedAction)","15","44"
"AccessController.java (native) java.io.ObjectStreamClass$3.run()","15","45"
"ObjectStreamClass.java:494 java.io.ObjectStreamClass$3.run()","15","46"
"ObjectStreamClass.java:506 java.io.ObjectStreamClass.access$700(Class)","15","47"
"ObjectStreamClass.java:79 java.io.ObjectStreamClass.getDeclaredSUID(Class)","15","48"
"ObjectStreamClass.java:1857 java.lang.Class.getDeclaredField(String)","15","49"
"Class.java:2068 java.lang.Class.privateGetDeclaredFields(boolean)","15","50"
"Class.java:2583 java.lang.Class.getDeclaredFields0(boolean)","15","51"
"ObjectInputStream.java:2042 java.io.ObjectInputStream.readClassDesc(boolean)","8","31"
"ObjectInputStream.java:1751 java.io.ObjectInputStream.readNonProxyDesc(boolean)","8","32"
"ObjectInputStream.java:1885 java.io.ObjectInputStream.readClassDesc(boolean)","8","33"
"ObjectInputStream.java:1751 java.io.ObjectInputStream.readNonProxyDesc(boolean)","8","34"
"ObjectInputStream.java:1885 java.io.ObjectInputStream.readClassDesc(boolean)","8","35"
"ObjectInputStream.java:1751 java.io.ObjectInputStream.readNonProxyDesc(boolean)","8","36"
"ObjectInputStream.java:1885 java.io.ObjectInputStream.readClassDesc(boolean)","8","37"
"ObjectInputStream.java:1751 java.io.ObjectInputStream.readNonProxyDesc(boolean)","8","38"
"ObjectInputStream.java:1885 java.io.ObjectStreamClass.initNonProxy(ObjectStreamClass, Class, ClassNotFoundException, ObjectStreamClass)","8","39"
"ObjectStreamClass.java:681 java.io.ObjectStreamClass.lookup(Class, boolean)","8","40"
"ObjectStreamClass.java:391 java.io.ObjectStreamClass.<init>(Class)","8","41"
"ObjectStreamClass.java:494 java.security.AccessController.doPrivileged(PrivilegedAction)","8","42"
"ForkedMain.java:75 org.openjdk.jmh.runner.link.BinaryLinkClient.handshake()","73","3"
"BinaryLinkClient.java:149 org.openjdk.jmh.runner.link.BinaryLinkClient.readFrame()","40","4"
"BinaryLinkClient.java:122 java.io.ObjectInputStream.readObject()","40","5"
"ObjectInputStream.java:431 java.io.ObjectInputStream.readObject0(boolean)","40","6"
"ObjectInputStream.java:1573 java.io.ObjectInputStream.readOrdinaryObject(boolean)","40","7"
"ObjectInputStream.java:2069 java.io.ObjectInputStream.readSerialData(Object, ObjectStreamClass)","40","8"
"ObjectInputStream.java:2211 java.io.ObjectInputStream.defaultReadFields(Object, ObjectStreamClass)","40","9"
"ObjectInputStream.java:2287 java.io.ObjectInputStream.readObject0(boolean)","40","10"
"ObjectInputStream.java:1573 java.io.ObjectInputStream.readOrdinaryObject(boolean)","40","11"
"ObjectInputStream.java:2069 java.io.ObjectInputStream.readSerialData(Object, ObjectStreamClass)","40","12"
"ObjectInputStream.java:2211 java.io.ObjectInputStream.defaultReadFields(Object, ObjectStreamClass)","40","13"
"ObjectInputStream.java:2287 java.io.ObjectInputStream.readObject0(boolean)","40","14"
"ObjectInputStream.java:1573 java.io.ObjectInputStream.readOrdinaryObject(boolean)","40","15"
"ObjectInputStream.java:2069 java.io.ObjectInputStream.readSerialData(Object, ObjectStreamClass)","21","16"
"ObjectInputStream.java:2178 java.io.ObjectStreamClass.invokeReadObject(Object, ObjectInputStream)","21","17"
"ObjectStreamClass.java:1170 java.lang.reflect.Method.invoke(Object, Object[])","21","18"
"Method.java:498 sun.reflect.DelegatingMethodAccessorImpl.invoke(Object, Object[])","21","19"
"DelegatingMethodAccessorImpl.java:43 sun.reflect.NativeMethodAccessorImpl.invoke(Object, Object[])","21","20"
"NativeMethodAccessorImpl.java:62 sun.reflect.NativeMethodAccessorImpl.invoke0(Method, Object, Object[])","21","21"
"NativeMethodAccessorImpl.java (native) java.util.ArrayList.readObject(ObjectInputStream)","21","22"
"ArrayList.java:797 java.io.ObjectInputStream.readObject()","21","23"
"ObjectInputStream.java:431 java.io.ObjectInputStream.readObject0(boolean)","21","24"
"ObjectInputStream.java:1573 java.io.ObjectInputStream.readOrdinaryObject(boolean)","21","25"
"ObjectInputStream.java:2042 java.io.ObjectInputStream.readClassDesc(boolean)","21","26"
"ObjectInputStream.java:1751 java.io.ObjectInputStream.readNonProxyDesc(boolean)","21","27"
"ObjectInputStream.java:1885 java.io.ObjectStreamClass.initNonProxy(ObjectStreamClass, Class, ClassNotFoundException, ObjectStreamClass)","21","28"
"ObjectStreamClass.java:694 java.io.ObjectStreamClass.getSerialVersionUID()","21","29"
"ObjectStreamClass.java:272 java.security.AccessController.doPrivileged(PrivilegedAction)","21","30"
"AccessController.java (native) java.io.ObjectStreamClass$2.run()","21","31"
"ObjectStreamClass.java:273 java.io.ObjectStreamClass$2.run()","21","32"
"ObjectStreamClass.java:275 java.io.ObjectStreamClass.access$100(Class)","21","33"
"ObjectStreamClass.java:79 java.io.ObjectStreamClass.computeDefaultSUID(Class)","21","34"
"ObjectStreamClass.java:2000 java.security.MessageDigest.getInstance(String)","21","35"
"MessageDigest.java:167 java.security.Security.getImpl(String, String, String)","21","36"
"Security.java:695 sun.security.jca.GetInstance.getInstance(String, Class, String)","21","37"
"GetInstance.java:156 sun.security.jca.Providers.<clinit>()","21","38"
"Providers.java:53 sun.security.jca.ProviderList.<clinit>()","15","39"
"ProviderList.java:70","15","40"
"Providers.java:54 sun.security.jca.ProviderList.fromSecurityProperties()","5","39"
"ProviderList.java:83","5","40"
"ObjectInputStream.java:2042 java.io.ObjectInputStream.readClassDesc(boolean)","19","16"
"ObjectInputStream.java:1751 java.io.ObjectInputStream.readNonProxyDesc(boolean)","19","17"
"ObjectInputStream.java:1885 java.io.ObjectStreamClass.initNonProxy(ObjectStreamClass, Class, ClassNotFoundException, ObjectStreamClass)","19","18"
"ObjectStreamClass.java:681 java.io.ObjectStreamClass.lookup(Class, boolean)","19","19"
"ObjectStreamClass.java:391 java.io.ObjectStreamClass.<init>(Class)","19","20"
"ObjectStreamClass.java:483 java.lang.Class.getName()","16","21"
"Class.java:642 java.lang.Class.getName0()","16","22"
"ObjectStreamClass.java:494 java.security.AccessController.doPrivileged(PrivilegedAction)","2","21"
"AccessController.java (native) java.io.ObjectStreamClass$3.run()","2","22"
"ObjectStreamClass.java:494 java.io.ObjectStreamClass$3.run()","2","23"
"ObjectStreamClass.java:506 java.io.ObjectStreamClass.access$700(Class)","2","24"
"ObjectStreamClass.java:79 java.io.ObjectStreamClass.getDeclaredSUID(Class)","2","25"
"ObjectStreamClass.java:1857 java.lang.Class.getDeclaredField(String)","2","26"
"Class.java:2068 java.lang.Class.privateGetDeclaredFields(boolean)","2","27"
"Class.java:2583 java.lang.Class.getDeclaredFields0(boolean)","2","28"
"BinaryLinkClient.java:147 org.openjdk.jmh.util.Utils.getPid()","24","4"
"Utils.java:402 sun.management.RuntimeImpl.getName()","24","5"
"RuntimeImpl.java:59 sun.management.VMManagementImpl.getVmId()","24","6"
"VMManagementImpl.java:140 java.net.InetAddress.getLocalHost()","24","7"
"InetAddress.java:1501 java.net.InetAddress.getAddressesFromNameService(String, InetAddress)","24","8"
"InetAddress.java:1363 java.net.InetAddress.cacheAddresses(String, InetAddress[], boolean)","24","9"
"InetAddress.java:884 java.net.InetAddress.cacheInitIfNeeded()","24","10"
"InetAddress.java:870 java.net.InetAddress$Cache.put(String, InetAddress[])","24","11"
"InetAddress.java:802","24","12"
"BinaryLinkClient.java:147 org.openjdk.jmh.runner.link.BinaryLinkClient.pushFrame(Serializable)","7","4"
"BinaryLinkClient.java:111 java.io.ObjectOutputStream.writeObject(Object)","7","5"
"ObjectOutputStream.java:348 java.io.ObjectOutputStream.writeObject0(Object, boolean)","7","6"
"ObjectOutputStream.java:1134 java.io.ObjectStreamClass.lookup(Class, boolean)","7","7"
"ObjectStreamClass.java:391 java.io.ObjectStreamClass.<init>(Class)","7","8"
"ObjectStreamClass.java:494 java.security.AccessController.doPrivileged(PrivilegedAction)","7","9"
"AccessController.java (native) java.io.ObjectStreamClass$3.run()","7","10"
"ObjectStreamClass.java:494 java.io.ObjectStreamClass$3.run()","7","11"
"ObjectStreamClass.java:519 java.io.ObjectStreamClass.access$1500(Class)","7","12"
"ObjectStreamClass.java:79 java.io.ObjectStreamClass.getSerializableConstructor(Class)","7","13"
"ObjectStreamClass.java:1574 sun.reflect.ReflectionFactory.newConstructorForSerialization(Class, Constructor)","7","14"
"ReflectionFactory.java:360 sun.reflect.ReflectionFactory.generateConstructor(Class, Constructor)","7","15"
"ReflectionFactory.java:397","7","16"
"ForkedMain.java:83","12","3"
"sun.launcher.LauncherHelper.checkAndLoadMain(boolean, int, String)","28","2"
"LauncherHelper.java:495 java.lang.ClassLoader.loadClass(String)","28","3"
"ClassLoader.java:357 sun.misc.Launcher$AppClassLoader.loadClass(String, boolean)","28","4"
"Launcher.java:349 java.lang.ClassLoader.loadClass(String, boolean)","28","5"
"ClassLoader.java:424 java.net.URLClassLoader.findClass(String)","28","6"
"URLClassLoader.java:362 java.security.AccessController.doPrivileged(PrivilegedExceptionAction, AccessControlContext)","28","7"
"AccessController.java (native) java.net.URLClassLoader$1.run()","28","8"
"URLClassLoader.java:363 java.net.URLClassLoader$1.run()","28","9"
"URLClassLoader.java:366 sun.misc.URLClassPath.getResource(String, boolean)","17","10"
"URLClassPath.java:248 sun.misc.URLClassPath.getNextLoader(int[], int)","17","11"
"URLClassPath.java:494 sun.misc.URLClassPath.getLoader(int)","17","12"
"URLClassPath.java:532 sun.misc.URLClassPath$JarLoader.getClassPath()","9","13"
"URLClassPath.java:1196 sun.misc.URLClassPath$JarLoader.parseExtensionsDependencies()","6","14"
"URLClassPath.java:1217","6","15"
"URLClassPath.java:1198 java.util.jar.JavaUtilJarAccessImpl.jarFileHasClassPathAttribute(JarFile)","3","14"
"JavaUtilJarAccessImpl.java:37 java.util.jar.JarFile.hasClassPathAttribute()","3","15"
"JarFile.java:518 java.util.jar.JarFile.checkForSpecialAttributes()","3","16"
"JarFile.java:555 java.util.jar.JarFile.getBytes(ZipEntry)","3","17"
"JarFile.java:424 java.util.zip.ZipFile.getInputStream(ZipEntry)","3","18"
"ZipFile.java:389","3","19"
"URLClassPath.java:529 sun.misc.URLClassPath.getLoader(URL)","7","13"
"URLClassPath.java:564 java.security.AccessController.doPrivileged(PrivilegedExceptionAction, AccessControlContext)","7","14"
"AccessController.java (native) sun.misc.URLClassPath$3.run()","7","15"
"URLClassPath.java:565 sun.misc.URLClassPath$3.run()","7","16"
"URLClassPath.java:575 sun.misc.URLClassPath$JarLoader.<init>(URL, URLStreamHandler, HashMap, AccessControlContext)","7","17"
"URLClassPath.java:851 sun.misc.URLClassPath$JarLoader.ensureOpen()","7","18"
"URLClassPath.java:878 java.security.AccessController.doPrivileged(PrivilegedExceptionAction, AccessControlContext)","7","19"
"AccessController.java (native) sun.misc.URLClassPath$JarLoader$1.run()","7","20"
"URLClassPath.java:879 sun.misc.URLClassPath$JarLoader$1.run()","7","21"
"URLClassPath.java:886 sun.misc.URLClassPath$JarLoader.access$800(URLClassPath$JarLoader, URL)","7","22"
"URLClassPath.java:801 sun.misc.URLClassPath$JarLoader.getJarFile(URL)","7","23"
"URLClassPath.java:940 java.util.jar.JarFile.<init>(String)","7","24"
"JarFile.java:103 java.util.jar.JarFile.<init>(File, boolean, int)","7","25"
"JarFile.java:166 java.util.zip.ZipFile.<init>(File, int)","7","26"
"ZipFile.java:155 java.util.zip.ZipFile.<init>(File, int, Charset)","7","27"
"ZipFile.java:485","7","28"
"URLClassLoader.java:369 java.net.URLClassLoader.access$100(URLClassLoader, String, Resource)","11","10"
"URLClassLoader.java:74 java.net.URLClassLoader.defineClass(String, Resource)","11","11"
"URLClassLoader.java:468 java.security.SecureClassLoader.defineClass(String, byte[], int, int, CodeSource)","6","12"
"SecureClassLoader.java:142 java.security.SecureClassLoader.getProtectionDomain(CodeSource)","6","13"
"SecureClassLoader.java:206 sun.misc.Launcher$AppClassLoader.getPermissions(CodeSource)","6","14"
"Launcher.java:357 java.net.URLClassLoader.getPermissions(CodeSource)","6","15"
"URLClassLoader.java:717 java.security.Permissions.add(Permission)","6","16"
"Permissions.java:133 java.io.FilePermissionCollection.add(Permission)","6","17"
"FilePermission.java:735","6","18"
"URLClassLoader.java:451 sun.misc.URLClassPath$JarLoader$2.getManifest()","4","12"
"URLClassPath.java:992 java.util.jar.JarFile.getManifest()","4","13"
"JarFile.java:180 java.util.jar.JarFile.getManifestFromReference()","4","14"
"JarFile.java:199 java.util.jar.Manifest.<init>(InputStream)","4","15"
"Manifest.java:73 java.util.jar.Manifest.<init>(JarVerifier, InputStream)","4","16"
"Manifest.java:81 java.util.jar.Manifest.read(InputStream)","4","17"
"Manifest.java:234 java.util.jar.Attributes.read(Manifest$FastInputStream, byte[])","4","18"
"Attributes.java:421 java.util.jar.Attributes.putValue(String, String)","4","19"
"Attributes.java:168 java.util.jar.Attributes.put(Object, Object)","4","20"
"Attributes.java:148 java.util.HashMap.put(Object, Object)","4","21"
"HashMap.java:612 java.util.HashMap.hash(Object)","4","22"
"HashMap.java:339 java.util.jar.Attributes$Name.hashCode()","4","23"
"Attributes.java:514","4","24"
