"Call Tree","Time (ms)","Level"
"eu.prismacloud.primitives.grs.bench.SetupEncodingBenchmark.measureSetupEncoding-jmh-worker-1 Group: 'main' Native ID: 2903712","712","1"
"java.lang.Thread.run()","712","2"
"Thread.java:748 java.util.concurrent.ThreadPoolExecutor$Worker.run()","712","3"
"ThreadPoolExecutor.java:624 java.util.concurrent.ThreadPoolExecutor.runWorker(ThreadPoolExecutor$Worker)","712","4"
"ThreadPoolExecutor.java:1149 java.util.concurrent.FutureTask.run()","712","5"
"FutureTask.java:266 java.util.concurrent.Executors$RunnableAdapter.call()","712","6"
"Executors.java:511 java.util.concurrent.FutureTask.run()","712","7"
"FutureTask.java:266 org.openjdk.jmh.runner.BenchmarkHandler$BenchmarkTask.call()","712","8"
"BenchmarkHandler.java:437 org.openjdk.jmh.runner.BenchmarkHandler$BenchmarkTask.call()","712","9"
"BenchmarkHandler.java:453 java.lang.reflect.Method.invoke(Object, Object[])","712","10"
"Method.java:498 sun.reflect.DelegatingMethodAccessorImpl.invoke(Object, Object[])","712","11"
"DelegatingMethodAccessorImpl.java:43 sun.reflect.NativeMethodAccessorImpl.invoke(Object, Object[])","712","12"
"NativeMethodAccessorImpl.java:62 sun.reflect.NativeMethodAccessorImpl.invoke0(Method, Object, Object[])","712","13"
"NativeMethodAccessorImpl.java (native) eu.prismacloud.primitives.grs.bench.generated.SetupEncodingBenchmark_measureSetupEncoding_jmhTest.measureSetupEncoding_SingleShotTime(InfraControl, ThreadParams)","712","14"
"SetupEncodingBenchmark_measureSetupEncoding_jmhTest.java:368 eu.prismacloud.primitives.grs.bench.generated.SetupEncodingBenchmark_measureSetupEncoding_jmhTest.measureSetupEncoding_ss_jmhStub(InfraControl, RawResults, BenchmarkParams, IterationParams, ThreadParams, Blackhole, Control, int, int, SetupEncodingBenchmark_jmhType)","688","15"
"SetupEncodingBenchmark_measureSetupEncoding_jmhTest.java:412 eu.prismacloud.primitives.grs.bench.SetupEncodingBenchmark.measureSetupEncoding(Blackhole)","688","16"
"SetupEncodingBenchmark.java:128 java.math.BigInteger.nextProbablePrime()","664","17"
"BigInteger.java:820 java.math.BigInteger.primeToCertainty(int, Random)","664","18"
"BigInteger.java:876 java.math.BigInteger.passesMillerRabin(int, Random)","664","19"
"BigInteger.java:1036 java.math.BigInteger.modPow(BigInteger, BigInteger)","501","20"
"BigInteger.java:2603 java.math.BigInteger.oddModPow(BigInteger, BigInteger)","489","21"
"BigInteger.java:2830 java.math.BigInteger.leftShift(int[], int, int)","142","22"
"BigInteger.java:2471","116","23"
"BigInteger.java:2460 java.math.BigInteger.bitLengthForInt(int)","19","23"
"BigInteger.java:2450","19","24"
"BigInteger.java:2460","5","23"
"BigInteger.java:2949 java.math.BigInteger.montReduce(int[], int[], int, int)","68","22"
"BigInteger.java:2968 java.math.BigInteger.addOne(int[], int, int, int)","49","23"
"BigInteger.java:3064","37","24"
"BigInteger.java:3062","11","24"
"BigInteger.java:2969","11","23"
"BigInteger.java:2966","7","23"
"BigInteger.java:2838 java.math.MutableBigInteger.divide(MutableBigInteger, MutableBigInteger)","59","22"
"MutableBigInteger.java:1147 java.math.MutableBigInteger.divide(MutableBigInteger, MutableBigInteger, boolean)","59","23"
"MutableBigInteger.java:1153 java.math.MutableBigInteger.divideKnuth(MutableBigInteger, MutableBigInteger, boolean)","59","24"
"MutableBigInteger.java:1203 java.math.MutableBigInteger.divideOneWord(int, MutableBigInteger)","47","25"
"MutableBigInteger.java:1123","24","26"
"MutableBigInteger.java:1129","15","26"
"MutableBigInteger.java:1100","7","26"
"MutableBigInteger.java:1207 java.math.MutableBigInteger.<init>(int)","11","25"
"MutableBigInteger.java:112","11","26"
"BigInteger.java:2928 java.math.BigInteger.montgomeryMultiply(int[], int[], int[], int, long, int[])","27","22"
"BigInteger.java:2661 java.math.BigInteger.materialize(int[], int)","27","23"
"BigInteger.java:2699","27","24"
"BigInteger.java:2835 java.math.MutableBigInteger.normalize()","22","22"
"MutableBigInteger.java:403","22","23"
"BigInteger.java:2839","20","22"
"BigInteger.java:2832","20","22"
"BigInteger.java:2801","16","22"
"BigInteger.java:2856","13","22"
"BigInteger.java:2928","11","22"
"BigInteger.java:2808","11","22"
"BigInteger.java:2827 java.math.MutableBigInteger.inverseMod64(long)","11","22"
"MutableBigInteger.java:2079","11","23"
"BigInteger.java:2800","11","22"
"BigInteger.java:2834 java.math.MutableBigInteger.<init>(int[])","11","22"
"MutableBigInteger.java:122","11","23"
"BigInteger.java:2830","7","22"
"BigInteger.java:2934","7","22"
"BigInteger.java:2822","7","22"
"BigInteger.java:2833","7","22"
"BigInteger.java:2947","6","22"
"BigInteger.java:2645","9","21"
"BigInteger.java:2579","3","21"
"BigInteger.java:1032 java.math.BigInteger.<init>(int, Random)","41","20"
"BigInteger.java:623 java.math.BigInteger.<init>(int, byte[])","25","21"
"BigInteger.java:355","16","22"
"BigInteger.java:354 java.lang.Number.<init>()","9","22"
"Number.java:55","9","23"
"BigInteger.java:623 java.math.BigInteger.randomBits(int, Random)","16","21"
"BigInteger.java:627","7","22"
"BigInteger.java:634 java.util.Random.nextBytes(byte[])","5","22"
"BigInteger.java:638","2","22"
"BigInteger.java:1032 java.math.BigInteger.bitLength()","23","20"
"BigInteger.java:3524","11","21"
"BigInteger.java:3531","11","21"
"BigInteger.java:1019 java.math.BigInteger.subtract(BigInteger)","22","20"
"BigInteger.java:1446","11","21"
"BigInteger.java:1448","10","21"
"BigInteger.java:1033","19","20"
"BigInteger.java:1021 java.math.BigInteger.getLowestSetBit()","15","20"
"BigInteger.java:3500","15","21"
"BigInteger.java:1032","14","20"
"BigInteger.java:1036","11","20"
"BigInteger.java:1025","7","20"
"BigInteger.java:1037 java.math.BigInteger.equals(Object)","4","20"
"BigInteger.java:3728","4","21"
"SetupEncodingBenchmark.java:128","24","17"
"SetupEncodingBenchmark_measureSetupEncoding_jmhTest.java:360 eu.prismacloud.primitives.grs.bench.generated.SetupEncodingBenchmark_measureSetupEncoding_jmhTest._jmh_tryInit_f_setupencodingbenchmark0_G(InfraControl)","11","15"
"SetupEncodingBenchmark_measureSetupEncoding_jmhTest.java:441 eu.prismacloud.primitives.grs.bench.SetupEncodingBenchmark.setup()","11","16"
"SetupEncodingBenchmark.java:90 eu.prismacloud.primitives.zkpgs.parameters.GraphEncodingParameters.<init>(int, int, int, int, int)","11","17"
"GraphEncodingParameters.java:81 java.math.BigInteger.nextProbablePrime()","11","18"
"BigInteger.java:820 java.math.BigInteger.primeToCertainty(int, Random)","11","19"
"BigInteger.java:876 java.math.BigInteger.passesMillerRabin(int, Random)","11","20"
"BigInteger.java:1040 java.math.BigInteger.modPow(BigInteger, BigInteger)","11","21"
"BigInteger.java:2603 java.math.BigInteger.oddModPow(BigInteger, BigInteger)","11","22"
"BigInteger.java:2808 java.math.BigInteger.bitLength(int[], int)","11","23"
"BigInteger.java:2513","11","24"
"SetupEncodingBenchmark_measureSetupEncoding_jmhTest.java:400 java.lang.ClassLoader.loadClass(String)","11","15"
"ClassLoader.java:357 sun.misc.Launcher$AppClassLoader.loadClass(String, boolean)","11","16"
"Launcher.java:349 java.lang.ClassLoader.loadClass(String, boolean)","11","17"
"ClassLoader.java:424 java.net.URLClassLoader.findClass(String)","11","18"
"URLClassLoader.java:362 java.security.AccessController.doPrivileged(PrivilegedExceptionAction, AccessControlContext)","11","19"
"AccessController.java (native) java.net.URLClassLoader$1.run()","11","20"
"URLClassLoader.java:363 java.net.URLClassLoader$1.run()","11","21"
"URLClassLoader.java:369 java.net.URLClassLoader.access$100(URLClassLoader, String, Resource)","11","22"
"URLClassLoader.java:74 java.net.URLClassLoader.defineClass(String, Resource)","11","23"
"URLClassLoader.java:468 java.security.SecureClassLoader.defineClass(String, byte[], int, int, CodeSource)","11","24"
"SecureClassLoader.java:142 java.lang.ClassLoader.defineClass(String, byte[], int, int, ProtectionDomain)","11","25"
"ClassLoader.java:762","11","26"
"main Group: 'main' Native ID: 2903310","363","1"
"org.openjdk.jmh.runner.ForkedMain.main(String[])","342","2"
"ForkedMain.java:84 org.openjdk.jmh.runner.ForkedRunner.run()","137","3"
"ForkedRunner.java:72 org.openjdk.jmh.runner.BaseRunner.runBenchmarksForked(ActionPlan, IterationResultAcceptor)","102","4"
"BaseRunner.java:76 org.openjdk.jmh.runner.BaseRunner.doSingle(BenchmarkParams, ActionMode, IterationResultAcceptor)","102","5"
"BaseRunner.java:139 org.openjdk.jmh.runner.BaseRunner.runBenchmark(BenchmarkParams, IterationResultAcceptor)","102","6"
"BaseRunner.java:233 org.openjdk.jmh.runner.BenchmarkHandler.<init>(OutputFormat, Options, BenchmarkParams)","68","7"
"BenchmarkHandler.java:71 org.openjdk.jmh.profile.ProfilerFactory.getSupportedInternal(Collection)","26","8"
"ProfilerFactory.java:110 org.openjdk.jmh.profile.ProfilerFactory.getProfilerOrNull(ProfilerConfig)","26","9"
"ProfilerFactory.java:52 org.openjdk.jmh.profile.ProfilerFactory.getProfiler(ProfilerConfig)","26","10"
"ProfilerFactory.java:68 org.openjdk.jmh.profile.ProfilerFactory.getDiscoveredProfilers()","26","11"
"ProfilerFactory.java:187 java.lang.ClassLoader.loadClass(String)","26","12"
"ClassLoader.java:357 sun.misc.Launcher$AppClassLoader.loadClass(String, boolean)","26","13"
"Launcher.java:349 java.lang.ClassLoader.loadClass(String, boolean)","26","14"
"ClassLoader.java:411 java.lang.ClassLoader.loadClass(String, boolean)","26","15"
"ClassLoader.java:413 java.lang.ClassLoader.findBootstrapClassOrNull(String)","26","16"
"ClassLoader.java:1015 java.lang.ClassLoader.findBootstrapClass(String)","26","17"
"BenchmarkHandler.java:70 org.openjdk.jmh.runner.BenchmarkHandler.findBenchmarkMethod(Class, String)","19","8"
"BenchmarkHandler.java:140 org.openjdk.jmh.util.ClassUtils.enumerateMethods(Class)","19","9"
"ClassUtils.java:63 java.lang.Class.getDeclaredMethods()","19","10"
"Class.java:1975 java.lang.Class.privateGetDeclaredMethods(boolean)","19","11"
"Class.java:2701 java.lang.Class.getDeclaredMethods0(boolean)","19","12"
"Class.java (native) java.lang.ClassLoader.loadClass(String)","19","13"
"ClassLoader.java:357 sun.misc.Launcher$AppClassLoader.loadClass(String, boolean)","19","14"
"Launcher.java:349 java.lang.ClassLoader.loadClass(String, boolean)","19","15"
"ClassLoader.java:424 java.net.URLClassLoader.findClass(String)","19","16"
"URLClassLoader.java:362 java.security.AccessController.doPrivileged(PrivilegedExceptionAction, AccessControlContext)","19","17"
"AccessController.java (native) java.net.URLClassLoader$1.run()","19","18"
"URLClassLoader.java:363 java.net.URLClassLoader$1.run()","19","19"
"URLClassLoader.java:369 java.net.URLClassLoader.access$100(URLClassLoader, String, Resource)","19","20"
"URLClassLoader.java:74 java.net.URLClassLoader.defineClass(String, Resource)","19","21"
"URLClassLoader.java:468 java.security.SecureClassLoader.defineClass(String, byte[], int, int, CodeSource)","19","22"
"SecureClassLoader.java:142 java.lang.ClassLoader.defineClass(String, byte[], int, int, ProtectionDomain)","19","23"
"ClassLoader.java:763 java.lang.ClassLoader.defineClass1(String, byte[], int, int, ProtectionDomain, String)","19","24"
"ClassLoader.java (native) java.lang.ClassLoader.loadClass(String)","19","25"
"ClassLoader.java:357 sun.misc.Launcher$AppClassLoader.loadClass(String, boolean)","19","26"
"Launcher.java:349 java.lang.ClassLoader.loadClass(String, boolean)","19","27"
"ClassLoader.java:411 java.lang.ClassLoader.loadClass(String, boolean)","19","28"
"ClassLoader.java:436","19","29"
"BenchmarkHandler.java:76 org.openjdk.jmh.runner.BenchmarkHandler.distributeThreads(int, int[])","18","8"
"BenchmarkHandler.java:123 org.openjdk.jmh.infra.ThreadParams.<clinit>()","18","9"
"ThreadParams.java:47 org.openjdk.jmh.util.Utils.check(Class, String[])","18","10"
"Utils.java:339 org.openjdk.jmh.util.Utils.check(Class, String)","18","11"
"Utils.java:347 org.openjdk.jmh.util.Utils.getOffset(Class, String)","18","12"
"Utils.java:357","18","13"
"BenchmarkHandler.java:68 org.openjdk.jmh.util.ClassUtils.loadClass(String)","4","8"
"ClassUtils.java:72 java.lang.Class.forName(String)","4","9"
"Class.java:264 java.lang.Class.forName0(String, boolean, ClassLoader, Class)","4","10"
"Class.java (native) java.lang.ClassLoader.loadClass(String)","4","11"
"ClassLoader.java:357 sun.misc.Launcher$AppClassLoader.loadClass(String, boolean)","4","12"
"Launcher.java:349 java.lang.ClassLoader.loadClass(String, boolean)","4","13"
"ClassLoader.java:424 java.net.URLClassLoader.findClass(String)","4","14"
"URLClassLoader.java:362 java.security.AccessController.doPrivileged(PrivilegedExceptionAction, AccessControlContext)","4","15"
"AccessController.java (native) java.net.URLClassLoader$1.run()","4","16"
"URLClassLoader.java:363 java.net.URLClassLoader$1.run()","4","17"
"URLClassLoader.java:369 java.net.URLClassLoader.access$100(URLClassLoader, String, Resource)","4","18"
"URLClassLoader.java:74 java.net.URLClassLoader.defineClass(String, Resource)","4","19"
"URLClassLoader.java:468 java.security.SecureClassLoader.defineClass(String, byte[], int, int, CodeSource)","4","20"
"SecureClassLoader.java:142 java.lang.ClassLoader.defineClass(String, byte[], int, int, ProtectionDomain)","4","21"
"ClassLoader.java:763 java.lang.ClassLoader.defineClass1(String, byte[], int, int, ProtectionDomain, String)","4","22"
"BaseRunner.java:234 org.openjdk.jmh.runner.BaseRunner.runBenchmark(BenchmarkParams, BenchmarkHandler, IterationResultAcceptor)","25","7"
"BaseRunner.java:282 org.openjdk.jmh.runner.BenchmarkHandler.runIteration(BenchmarkParams, IterationParams, boolean)","16","8"
"BenchmarkHandler.java:325 java.lang.ClassLoader.loadClass(String)","16","9"
"ClassLoader.java:357 sun.misc.Launcher$AppClassLoader.loadClass(String, boolean)","16","10"
"Launcher.java:349 java.lang.ClassLoader.loadClass(String, boolean)","16","11"
"ClassLoader.java:424 java.net.URLClassLoader.findClass(String)","16","12"
"URLClassLoader.java:362 java.security.AccessController.doPrivileged(PrivilegedExceptionAction, AccessControlContext)","16","13"
"AccessController.java (native) java.net.URLClassLoader$1.run()","16","14"
"URLClassLoader.java:363 java.net.URLClassLoader$1.run()","16","15"
"URLClassLoader.java:366 sun.misc.URLClassPath.getResource(String, boolean)","16","16"
"URLClassPath.java:249 sun.misc.URLClassPath$JarLoader.getResource(String, boolean)","16","17"
"URLClassPath.java:1054 java.util.jar.JarFile.getJarEntry(String)","16","18"
"JarFile.java:223 java.util.jar.JarFile.getEntry(String)","16","19"
"JarFile.java:240 java.util.zip.ZipFile.getEntry(String)","16","20"
"ZipFile.java:316 java.util.zip.ZipCoder.getBytes(String)","16","21"
"ZipCoder.java:85","16","22"
"BaseRunner.java:283 com.sun.proxy.$Proxy5.iterationResult(BenchmarkParams, IterationParams, int, IterationResult)","8","8"
"org.openjdk.jmh.runner.link.BinaryLinkClient$1.invoke(Object, Method, Object[])","8","9"
"BinaryLinkClient.java:84 org.openjdk.jmh.runner.link.BinaryLinkClient.access$000(BinaryLinkClient, Serializable)","8","10"
"BinaryLinkClient.java:50 org.openjdk.jmh.runner.link.BinaryLinkClient.pushFrame(Serializable)","8","11"
"BinaryLinkClient.java:111 java.io.ObjectOutputStream.writeObject(Object)","8","12"
"ObjectOutputStream.java:348 java.io.ObjectOutputStream.writeObject0(Object, boolean)","8","13"
"ObjectOutputStream.java:1178 java.io.ObjectOutputStream.writeOrdinaryObject(Object, ObjectStreamClass, boolean)","8","14"
"ObjectOutputStream.java:1432 java.io.ObjectOutputStream.writeSerialData(Object, ObjectStreamClass)","8","15"
"ObjectOutputStream.java:1509 java.io.ObjectOutputStream.defaultWriteFields(Object, ObjectStreamClass)","8","16"
"ObjectOutputStream.java:1548 java.io.ObjectOutputStream.writeObject0(Object, boolean)","8","17"
"ObjectOutputStream.java:1174 java.io.ObjectOutputStream.writeArray(Object, ObjectStreamClass, boolean)","8","18"
"ObjectOutputStream.java:1378 java.io.ObjectOutputStream.writeObject0(Object, boolean)","8","19"
"ObjectOutputStream.java:1178 java.io.ObjectOutputStream.writeOrdinaryObject(Object, ObjectStreamClass, boolean)","8","20"
"ObjectOutputStream.java:1432 java.io.ObjectOutputStream.writeSerialData(Object, ObjectStreamClass)","8","21"
"ObjectOutputStream.java:1509 java.io.ObjectOutputStream.defaultWriteFields(Object, ObjectStreamClass)","8","22"
"ObjectOutputStream.java:1548 java.io.ObjectOutputStream.writeObject0(Object, boolean)","8","23"
"ObjectOutputStream.java:1178 java.io.ObjectOutputStream.writeOrdinaryObject(Object, ObjectStreamClass, boolean)","8","24"
"ObjectOutputStream.java:1432 java.io.ObjectOutputStream.writeSerialData(Object, ObjectStreamClass)","8","25"
"ObjectOutputStream.java:1509 java.io.ObjectOutputStream.defaultWriteFields(Object, ObjectStreamClass)","8","26"
"ObjectOutputStream.java:1548 java.io.ObjectOutputStream.writeObject0(Object, boolean)","8","27"
"ObjectOutputStream.java:1178 java.io.ObjectOutputStream.writeOrdinaryObject(Object, ObjectStreamClass, boolean)","8","28"
"ObjectOutputStream.java:1432 java.io.ObjectOutputStream.writeSerialData(Object, ObjectStreamClass)","8","29"
"ObjectOutputStream.java:1509 java.io.ObjectOutputStream.defaultWriteFields(Object, ObjectStreamClass)","8","30"
"ObjectOutputStream.java:1548 java.io.ObjectOutputStream.writeObject0(Object, boolean)","8","31"
"ObjectOutputStream.java:1134 java.io.ObjectStreamClass.lookup(Class, boolean)","8","32"
"ObjectStreamClass.java:391 java.io.ObjectStreamClass.<init>(Class)","8","33"
"ObjectStreamClass.java:494 java.security.AccessController.doPrivileged(PrivilegedAction)","8","34"
"AccessController.java (native) java.io.ObjectStreamClass$3.run()","8","35"
"ObjectStreamClass.java:494 java.io.ObjectStreamClass$3.run()","8","36"
"ObjectStreamClass.java:519 java.io.ObjectStreamClass.access$1500(Class)","8","37"
"ObjectStreamClass.java:79 java.io.ObjectStreamClass.getSerializableConstructor(Class)","8","38"
"ObjectStreamClass.java:1574 sun.reflect.ReflectionFactory.newConstructorForSerialization(Class, Constructor)","8","39"
"ReflectionFactory.java:360 sun.reflect.ReflectionFactory.generateConstructor(Class, Constructor)","8","40"
"ReflectionFactory.java:398 sun.reflect.MethodAccessorGenerator.generateSerializationConstructor(Class, Class[], Class[], int, Class)","8","41"
"MethodAccessorGenerator.java:112 sun.reflect.MethodAccessorGenerator.generate(Class, String, Class[], Class, Class[], int, boolean, boolean, Class)","8","42"
"MethodAccessorGenerator.java:302 sun.reflect.AccessorGenerator.getClassName(Class, boolean)","8","43"
"AccessorGenerator.java:418 sun.reflect.AccessorGenerator.internalize(String)","8","44"
"AccessorGenerator.java:424 java.lang.String.replace(char, char)","8","45"
"String.java:2085","8","46"
"BaseRunner.java:233 org.openjdk.jmh.runner.BenchmarkHandler.<clinit>()","8","7"
"BenchmarkHandler.java:185 java.lang.ClassLoader.loadClass(String)","8","8"
"ClassLoader.java:357 sun.misc.Launcher$AppClassLoader.loadClass(String, boolean)","8","9"
"Launcher.java:349 java.lang.ClassLoader.loadClass(String, boolean)","8","10"
"ClassLoader.java:424 java.net.URLClassLoader.findClass(String)","8","11"
"URLClassLoader.java:362 java.security.AccessController.doPrivileged(PrivilegedExceptionAction, AccessControlContext)","8","12"
"AccessController.java (native) java.net.URLClassLoader$1.run()","8","13"
"URLClassLoader.java:363 java.net.URLClassLoader$1.run()","8","14"
"URLClassLoader.java:369 java.net.URLClassLoader.access$100(URLClassLoader, String, Resource)","8","15"
"URLClassLoader.java:74 java.net.URLClassLoader.defineClass(String, Resource)","8","16"
"URLClassLoader.java:463 sun.misc.Resource.getBytes()","8","17"
"Resource.java:143 java.util.zip.ZipFile$ZipFileInflaterInputStream.close()","8","18"
"ZipFile.java:423 java.util.zip.ZipFile.access$100(ZipFile, Inflater)","8","19"
"ZipFile.java:60 java.util.zip.ZipFile.releaseInflater(Inflater)","8","20"
"ZipFile.java:477","8","21"
"ForkedRunner.java:47 org.openjdk.jmh.runner.link.BinaryLinkClient.requestPlan()","34","4"
"BinaryLinkClient.java:162 org.openjdk.jmh.runner.link.BinaryLinkClient.readFrame()","34","5"
"BinaryLinkClient.java:122 java.io.ObjectInputStream.readObject()","34","6"
"ObjectInputStream.java:431 java.io.ObjectInputStream.readObject0(boolean)","34","7"
"ObjectInputStream.java:1573 java.io.ObjectInputStream.readOrdinaryObject(boolean)","34","8"
"ObjectInputStream.java:2069 java.io.ObjectInputStream.readSerialData(Object, ObjectStreamClass)","34","9"
"ObjectInputStream.java:2211 java.io.ObjectInputStream.defaultReadFields(Object, ObjectStreamClass)","34","10"
"ObjectInputStream.java:2287 java.io.ObjectInputStream.readObject0(boolean)","34","11"
"ObjectInputStream.java:1573 java.io.ObjectInputStream.readOrdinaryObject(boolean)","34","12"
"ObjectInputStream.java:2069 java.io.ObjectInputStream.readSerialData(Object, ObjectStreamClass)","34","13"
"ObjectInputStream.java:2211 java.io.ObjectInputStream.defaultReadFields(Object, ObjectStreamClass)","34","14"
"ObjectInputStream.java:2287 java.io.ObjectInputStream.readObject0(boolean)","34","15"
"ObjectInputStream.java:1573 java.io.ObjectInputStream.readOrdinaryObject(boolean)","34","16"
"ObjectInputStream.java:2069 java.io.ObjectInputStream.readSerialData(Object, ObjectStreamClass)","34","17"
"ObjectInputStream.java:2178 java.io.ObjectStreamClass.invokeReadObject(Object, ObjectInputStream)","34","18"
"ObjectStreamClass.java:1170 java.lang.reflect.Method.invoke(Object, Object[])","34","19"
"Method.java:498 sun.reflect.DelegatingMethodAccessorImpl.invoke(Object, Object[])","34","20"
"DelegatingMethodAccessorImpl.java:43 sun.reflect.NativeMethodAccessorImpl.invoke(Object, Object[])","34","21"
"NativeMethodAccessorImpl.java:62 sun.reflect.NativeMethodAccessorImpl.invoke0(Method, Object, Object[])","34","22"
"NativeMethodAccessorImpl.java (native) java.util.ArrayList.readObject(ObjectInputStream)","34","23"
"ArrayList.java:797 java.io.ObjectInputStream.readObject()","34","24"
"ObjectInputStream.java:431 java.io.ObjectInputStream.readObject0(boolean)","34","25"
"ObjectInputStream.java:1573 java.io.ObjectInputStream.readOrdinaryObject(boolean)","34","26"
"ObjectInputStream.java:2069 java.io.ObjectInputStream.readSerialData(Object, ObjectStreamClass)","34","27"
"ObjectInputStream.java:2211 java.io.ObjectInputStream.defaultReadFields(Object, ObjectStreamClass)","34","28"
"ObjectInputStream.java:2287 java.io.ObjectInputStream.readObject0(boolean)","34","29"
"ObjectInputStream.java:1573 java.io.ObjectInputStream.readOrdinaryObject(boolean)","34","30"
"ObjectInputStream.java:2069 java.io.ObjectInputStream.readSerialData(Object, ObjectStreamClass)","34","31"
"ObjectInputStream.java:2211 java.io.ObjectInputStream.defaultReadFields(Object, ObjectStreamClass)","34","32"
"ObjectInputStream.java:2287 java.io.ObjectInputStream.readObject0(boolean)","34","33"
"ObjectInputStream.java:1573 java.io.ObjectInputStream.readOrdinaryObject(boolean)","34","34"
"ObjectInputStream.java:2042 java.io.ObjectInputStream.readClassDesc(boolean)","34","35"
"ObjectInputStream.java:1751 java.io.ObjectInputStream.readNonProxyDesc(boolean)","34","36"
"ObjectInputStream.java:1885 java.io.ObjectStreamClass.initNonProxy(ObjectStreamClass, Class, ClassNotFoundException, ObjectStreamClass)","34","37"
"ObjectStreamClass.java:681 java.io.ObjectStreamClass.lookup(Class, boolean)","34","38"
"ObjectStreamClass.java:349 java.util.concurrent.ConcurrentHashMap.get(Object)","34","39"
"ConcurrentHashMap.java:936 java.io.ObjectStreamClass$WeakClassKey.hashCode()","34","40"
"ObjectStreamClass.java:2512","34","41"
"ForkedMain.java:72 org.openjdk.jmh.runner.link.BinaryLinkClient.<init>(String, int)","130","3"
"BinaryLinkClient.java:74 java.io.ObjectInputStream.<clinit>()","86","4"
"ObjectInputStream.java:3920 java.lang.invoke.MethodHandleNatives.linkMethodHandleConstant(Class, int, Class, String, Object)","43","5"
"MethodHandleNatives.java:477 java.lang.invoke.MethodHandles$Lookup.linkMethodHandleConstant(byte, Class, String, Object)","43","6"
"MethodHandles.java:1751 java.lang.invoke.MethodHandles$Lookup.getDirectMethodForConstant(byte, Class, MemberName)","43","7"
"MethodHandles.java:1802 java.lang.invoke.MethodHandles$Lookup.getDirectMethodNoSecurityManager(byte, Class, MemberName, Class)","43","8"
"MethodHandles.java:1617 java.lang.invoke.MethodHandles$Lookup.getDirectMethodCommon(byte, Class, MemberName, boolean, boolean, Class)","43","9"
"MethodHandles.java:1660 java.lang.invoke.DirectMethodHandle.make(byte, Class, MemberName)","43","10"
"DirectMethodHandle.java:89 java.lang.invoke.DirectMethodHandle.preparedLambdaForm(MemberName)","43","11"
"DirectMethodHandle.java:183 java.lang.invoke.DirectMethodHandle.preparedLambdaForm(MethodType, int)","43","12"
"DirectMethodHandle.java:194 java.lang.invoke.DirectMethodHandle.makePreparedLambdaForm(MethodType, int)","43","13"
"DirectMethodHandle.java:231 java.lang.invoke.LambdaForm.<clinit>()","40","14"
"LambdaForm.java:1833 java.lang.invoke.LambdaForm.createIdentityForms()","37","15"
"LambdaForm.java:1778 java.lang.invoke.BoundMethodHandle.<clinit>()","25","16"
"BoundMethodHandle.java:830 java.lang.invoke.BoundMethodHandle$SpeciesData.<clinit>()","25","17"
"BoundMethodHandle.java:425 java.lang.invoke.BoundMethodHandle$SpeciesData.initForBootstrap()","15","18"
"BoundMethodHandle.java:363","15","19"
"BoundMethodHandle.java:426 java.lang.invoke.BoundMethodHandle$SpeciesData.initForBootstrap()","10","18"
"BoundMethodHandle.java:361 java.lang.invoke.BoundMethodHandle$Factory.makeCtors(Class, String, MethodHandle[])","10","19"
"BoundMethodHandle.java:763 java.lang.invoke.BoundMethodHandle$Factory.makeCbmhCtor(Class, String)","10","20"
"BoundMethodHandle.java:818 java.lang.invoke.MethodHandles$Lookup.findStatic(Class, String, MethodType)","10","21"
"MethodHandles.java:781 java.lang.invoke.MethodHandles$Lookup.getDirectMethod(byte, Class, MemberName, Class)","10","22"
"MethodHandles.java:1605 java.lang.invoke.MethodHandles$Lookup.getDirectMethodCommon(byte, Class, MemberName, boolean, boolean, Class)","10","23"
"MethodHandles.java:1660 java.lang.invoke.DirectMethodHandle.make(byte, Class, MemberName)","10","24"
"DirectMethodHandle.java:89 java.lang.invoke.DirectMethodHandle.preparedLambdaForm(MemberName)","10","25"
"DirectMethodHandle.java:183 java.lang.invoke.DirectMethodHandle.preparedLambdaForm(MethodType, int)","10","26"
"DirectMethodHandle.java:194 java.lang.invoke.DirectMethodHandle.makePreparedLambdaForm(MethodType, int)","10","27"
"DirectMethodHandle.java:240 java.lang.invoke.DirectMethodHandle$Lazy.<clinit>()","10","28"
"DirectMethodHandle.java:727 java.lang.invoke.LambdaForm$NamedFunction.resolve()","10","29"
"LambdaForm.java:1078 java.lang.invoke.DirectMethodHandle.make(MemberName)","10","30"
"DirectMethodHandle.java:115 java.lang.invoke.DirectMethodHandle.make(Class, MemberName)","10","31"
"DirectMethodHandle.java:110 java.lang.invoke.DirectMethodHandle.make(byte, Class, MemberName)","10","32"
"DirectMethodHandle.java:89 java.lang.invoke.DirectMethodHandle.preparedLambdaForm(MemberName)","10","33"
"DirectMethodHandle.java:183 java.lang.invoke.DirectMethodHandle.preparedLambdaForm(MethodType, int)","10","34"
"DirectMethodHandle.java:194 java.lang.invoke.DirectMethodHandle.makePreparedLambdaForm(MethodType, int)","10","35"
"DirectMethodHandle.java:260 java.lang.invoke.LambdaForm.compileToBytecode()","10","36"
"LambdaForm.java:654 java.lang.invoke.InvokerBytecodeGenerator.generateCustomizedCode(LambdaForm, MethodType)","10","37"
"InvokerBytecodeGenerator.java:618 java.lang.invoke.InvokerBytecodeGenerator.generateCustomizedCodeBytes()","10","38"
"InvokerBytecodeGenerator.java:634 java.lang.invoke.InvokerBytecodeGenerator.classFilePrologue()","10","39"
"InvokerBytecodeGenerator.java:312 jdk.internal.org.objectweb.asm.ClassWriter.visitMethod(int, String, String, String, String[])","10","40"
"ClassWriter.java:822","10","41"
"LambdaForm.java:1783 java.lang.invoke.SimpleMethodHandle.make(MethodType, LambdaForm)","12","16"
"SimpleMethodHandle.java:41 java.lang.invoke.SimpleMethodHandle.<init>(MethodType, LambdaForm)","12","17"
"SimpleMethodHandle.java:37 java.lang.invoke.BoundMethodHandle.<init>(MethodType, LambdaForm)","12","18"
"BoundMethodHandle.java:58 java.lang.invoke.MethodHandle.<init>(MethodType, LambdaForm)","12","19"
"MethodHandle.java:461 java.lang.invoke.LambdaForm.prepare()","12","20"
"LambdaForm.java:635 java.lang.invoke.LambdaForm.compileToBytecode()","12","21"
"LambdaForm.java:654 java.lang.invoke.InvokerBytecodeGenerator.generateCustomizedCode(LambdaForm, MethodType)","12","22"
"InvokerBytecodeGenerator.java:618 java.lang.invoke.InvokerBytecodeGenerator.loadMethod(byte[])","12","23"
"InvokerBytecodeGenerator.java:276 java.lang.invoke.InvokerBytecodeGenerator.loadAndInitializeInvokerClass(byte[], Object[])","12","24"
"InvokerBytecodeGenerator.java:284 sun.misc.Unsafe.defineAnonymousClass(Class, byte[], Object[])","12","25"
"LambdaForm.java:1835 java.lang.invoke.LambdaForm.computeInitialPreparedForms()","2","15"
"LambdaForm.java:666","2","16"
"DirectMethodHandle.java:260 java.lang.invoke.LambdaForm.compileToBytecode()","3","14"
"LambdaForm.java:654 java.lang.invoke.InvokerBytecodeGenerator.generateCustomizedCode(LambdaForm, MethodType)","3","15"
"InvokerBytecodeGenerator.java:618 java.lang.invoke.InvokerBytecodeGenerator.generateCustomizedCodeBytes()","3","16"
"InvokerBytecodeGenerator.java:714 java.lang.invoke.InvokerBytecodeGenerator.isStaticallyInvocable(MemberName)","3","17"
"InvokerBytecodeGenerator.java:803 java.lang.invoke.InvokerBytecodeGenerator.isStaticallyNameable(Class)","3","18"
"InvokerBytecodeGenerator.java:819 sun.reflect.misc.ReflectUtil.isVMAnonymousClass(Class)","3","19"
"ReflectUtil.java:344 java.lang.String.indexOf(String)","3","20"
"String.java:1698 java.lang.String.indexOf(String, int)","3","21"
"String.java:1718 java.lang.String.indexOf(char[], int, int, char[], int, int, int)","3","22"
"String.java:1772","3","23"
"ObjectInputStream.java:3920 java.lang.invoke.MethodHandleNatives.linkCallSite(Object, Object, Object, Object, Object, Object[])","38","5"
"MethodHandleNatives.java:297 java.lang.invoke.MethodHandleNatives.linkCallSiteImpl(Class, MethodHandle, String, MethodType, Object, Object[])","38","6"
"MethodHandleNatives.java:307 java.lang.invoke.CallSite.<clinit>()","28","7"
"CallSite.java:226 java.lang.invoke.MethodHandles$Lookup.findStatic(Class, String, MethodType)","28","8"
"MethodHandles.java:781 java.lang.invoke.MethodHandles$Lookup.getDirectMethod(byte, Class, MemberName, Class)","28","9"
"MethodHandles.java:1605 java.lang.invoke.MethodHandles$Lookup.getDirectMethodCommon(byte, Class, MemberName, boolean, boolean, Class)","28","10"
"MethodHandles.java:1670 java.lang.invoke.MethodHandle.setVarargs(MemberName)","28","11"
"MethodHandle.java:1325 java.lang.invoke.MethodHandleImpl.makeVarargsCollector(MethodHandle, Class)","28","12"
"MethodHandleImpl.java:445 java.lang.invoke.MethodHandleImpl$AsVarargsCollector.<init>(MethodHandle, Class)","28","13"
"MethodHandleImpl.java:454 java.lang.invoke.MethodHandleImpl$AsVarargsCollector.<init>(MethodType, MethodHandle, Class)","28","14"
"MethodHandleImpl.java:460 java.lang.invoke.MethodHandle.asCollector(Class, int)","28","15"
"MethodHandle.java:999 java.lang.invoke.MethodHandleImpl.varargsArray(Class, int)","28","16"
"MethodHandleImpl.java:1623 java.lang.invoke.MethodHandleImpl.varargsArray(int)","28","17"
"MethodHandleImpl.java:1506 java.lang.invoke.MethodHandleImpl$Lazy.<clinit>()","28","18"
"MethodHandleImpl.java:610 java.lang.invoke.MethodHandleImpl.access$000()","19","19"
"MethodHandleImpl.java:49 java.lang.invoke.MethodHandleImpl.makeArrays()","19","20"
"MethodHandleImpl.java:1429 java.lang.invoke.MethodHandleImpl.makeIntrinsic(MethodHandle, MethodHandleImpl$Intrinsic)","18","21"
"MethodHandleImpl.java:1373 java.lang.invoke.MethodHandleImpl$IntrinsicMethodHandle.<init>(MethodHandle, MethodHandleImpl$Intrinsic)","18","22"
"MethodHandleImpl.java:1331 java.lang.invoke.DelegatingMethodHandle.<init>(MethodType, MethodHandle)","18","23"
"DelegatingMethodHandle.java:44 java.lang.invoke.DelegatingMethodHandle.chooseDelegatingForm(MethodHandle)","18","24"
"DelegatingMethodHandle.java:92 java.lang.invoke.DelegatingMethodHandle.makeReinvokerForm(MethodHandle, int, Object, LambdaForm$NamedFunction)","18","25"
"DelegatingMethodHandle.java:106 java.lang.invoke.DelegatingMethodHandle.makeReinvokerForm(MethodHandle, int, Object, String, boolean, LambdaForm$NamedFunction, LambdaForm$NamedFunction)","18","26"
"DelegatingMethodHandle.java:146 java.lang.invoke.LambdaForm$Name.<init>(MethodType, Object[])","18","27"
"LambdaForm.java:1400 java.lang.invoke.LambdaForm$NamedFunction.<init>(MethodType)","18","28"
"LambdaForm.java:1042 java.lang.invoke.Invokers.basicInvoker()","18","29"
"Invokers.java:85 java.lang.invoke.DirectMethodHandle.make(MemberName)","18","30"
"DirectMethodHandle.java:115 java.lang.invoke.DirectMethodHandle.make(Class, MemberName)","18","31"
"DirectMethodHandle.java:110 java.lang.invoke.DirectMethodHandle.make(byte, Class, MemberName)","18","32"
"DirectMethodHandle.java:89 java.lang.invoke.DirectMethodHandle.preparedLambdaForm(MemberName)","18","33"
"DirectMethodHandle.java:183 java.lang.invoke.DirectMethodHandle.preparedLambdaForm(MethodType, int)","18","34"
"DirectMethodHandle.java:194 java.lang.invoke.DirectMethodHandle.makePreparedLambdaForm(MethodType, int)","18","35"
"DirectMethodHandle.java:260 java.lang.invoke.LambdaForm.compileToBytecode()","18","36"
"LambdaForm.java:654 java.lang.invoke.InvokerBytecodeGenerator.generateCustomizedCode(LambdaForm, MethodType)","18","37"
"InvokerBytecodeGenerator.java:618 java.lang.invoke.InvokerBytecodeGenerator.generateCustomizedCodeBytes()","18","38"
"InvokerBytecodeGenerator.java:715 java.lang.invoke.InvokerBytecodeGenerator.emitStaticInvoke(MemberName, LambdaForm$Name)","12","39"
"InvokerBytecodeGenerator.java:862 java.lang.invoke.InvokerBytecodeGenerator.emitPushArguments(LambdaForm$Name)","12","40"
"InvokerBytecodeGenerator.java:1139 java.lang.invoke.InvokerBytecodeGenerator.emitPushArguments(LambdaForm$Name, int)","12","41"
"InvokerBytecodeGenerator.java:1144 java.lang.invoke.InvokerBytecodeGenerator.emitPushArgument(LambdaForm$Name, int)","12","42"
"InvokerBytecodeGenerator.java:1151 java.lang.invoke.InvokerBytecodeGenerator.emitPushArgument(Class, Object)","12","43"
"InvokerBytecodeGenerator.java:1159 java.lang.invoke.InvokerBytecodeGenerator.emitImplicitConversion(LambdaForm$BasicType, Class, Object)","12","44"
"InvokerBytecodeGenerator.java:534 java.lang.invoke.InvokerBytecodeGenerator.emitReferenceCast(Class, Object)","12","45"
"InvokerBytecodeGenerator.java:569 jdk.internal.org.objectweb.asm.MethodWriter.visitTypeInsn(int, String)","12","46"
"MethodWriter.java:859 jdk.internal.org.objectweb.asm.Frame.execute(int, int, ClassWriter, Item)","12","47"
"Frame.java:1289 jdk.internal.org.objectweb.asm.ClassWriter.addType(String)","12","48"
"ClassWriter.java:1610 jdk.internal.org.objectweb.asm.ClassWriter.addType(Item)","12","49"
"ClassWriter.java:1650","12","50"
"InvokerBytecodeGenerator.java:634 java.lang.invoke.InvokerBytecodeGenerator.classFilePrologue()","6","39"
"InvokerBytecodeGenerator.java:311 java.lang.invoke.MethodType.toMethodDescriptorString()","6","40"
"MethodType.java:1090 sun.invoke.util.BytecodeDescriptor.unparse(MethodType)","6","41"
"BytecodeDescriptor.java:104 sun.invoke.util.BytecodeDescriptor.unparseMethod(Class, List)","6","42"
"BytecodeDescriptor.java:119 sun.invoke.util.BytecodeDescriptor.unparseSig(Class, StringBuilder)","6","43"
"BytecodeDescriptor.java:130 java.lang.Class.isArray()","6","44"
"MethodHandleImpl.java:1427 java.lang.invoke.MethodHandleImpl.findCollector(String, int, Class, Class[])","1","21"
"MethodHandleImpl.java:1387 java.lang.invoke.MethodHandles$Lookup.findStatic(Class, String, MethodType)","1","22"
"MethodHandles.java:780 java.lang.invoke.MethodHandles$Lookup.resolveOrFail(byte, Class, String, MethodType)","1","23"
"MethodHandles.java:1386 java.lang.invoke.MemberName$Factory.resolveOrFail(byte, MemberName, Class, Class)","1","24"
"MemberName.java:1000 java.lang.invoke.MemberName$Factory.resolve(byte, MemberName, Class)","1","25"
"MemberName.java:975 java.lang.invoke.MethodHandleNatives.resolve(MemberName, Class)","1","26"
"MethodHandleImpl.java:637 java.lang.invoke.MethodHandles$Lookup.findStatic(Class, String, MethodType)","8","19"
"MethodHandles.java:781 java.lang.invoke.MethodHandles$Lookup.getDirectMethod(byte, Class, MemberName, Class)","8","20"
"MethodHandles.java:1605 java.lang.invoke.MethodHandles$Lookup.getDirectMethodCommon(byte, Class, MemberName, boolean, boolean, Class)","8","21"
"MethodHandles.java:1660 java.lang.invoke.DirectMethodHandle.make(byte, Class, MemberName)","8","22"
"DirectMethodHandle.java:89 java.lang.invoke.DirectMethodHandle.preparedLambdaForm(MemberName)","8","23"
"DirectMethodHandle.java:183 java.lang.invoke.DirectMethodHandle.preparedLambdaForm(MethodType, int)","8","24"
"DirectMethodHandle.java:194 java.lang.invoke.DirectMethodHandle.makePreparedLambdaForm(MethodType, int)","8","25"
"DirectMethodHandle.java:260 java.lang.invoke.LambdaForm.compileToBytecode()","8","26"
"LambdaForm.java:654 java.lang.invoke.InvokerBytecodeGenerator.generateCustomizedCode(LambdaForm, MethodType)","8","27"
"InvokerBytecodeGenerator.java:618 java.lang.invoke.InvokerBytecodeGenerator.generateCustomizedCodeBytes()","8","28"
"InvokerBytecodeGenerator.java:666 java.lang.invoke.InvokerBytecodeGenerator.emitStoreResult(LambdaForm$Name)","8","29"
"InvokerBytecodeGenerator.java:1178 java.lang.invoke.InvokerBytecodeGenerator.emitStoreInsn(LambdaForm$BasicType, int)","8","30"
"InvokerBytecodeGenerator.java:414 jdk.internal.org.objectweb.asm.MethodWriter.visitVarInsn(int, int)","8","31"
"MethodWriter.java:850","8","32"
"MethodHandleNatives.java:307 java.lang.invoke.CallSite.makeSite(MethodHandle, String, MethodType, Object, Class)","10","7"
"CallSite.java:302 java.lang.invoke.LambdaForm$MH.1078694789.invoke_MT(Object, Object, Object, Object, Object, Object, Object, Object)","10","8"
"LambdaForm$MH java.lang.invoke.LambdaForm$BMH.999966131.reinvoke(Object, Object, Object, Object, Object, Object, Object)","10","9"
"LambdaForm$BMH java.lang.invoke.LambdaForm$DMH.523429237.invokeStatic_L6_L(Object, Object, Object, Object, Object, Object, Object)","10","10"
"LambdaForm$DMH java.lang.invoke.LambdaMetafactory.metafactory(MethodHandles$Lookup, String, MethodType, MethodType, MethodHandle, MethodType)","10","11"
"LambdaMetafactory.java:299","10","12"
"ObjectInputStream.java:3920 java.lang.invoke.MethodHandleNatives.findMethodHandleType(Class, Class[])","3","5"
"MethodHandleNatives.java:349 java.lang.invoke.MethodType.<clinit>()","3","6"
"MethodType.java:1175 java.lang.Class.getDeclaredField(String)","3","7"
"Class.java:2068 java.lang.Class.privateGetDeclaredFields(boolean)","3","8"
"Class.java:2583 java.lang.Class.getDeclaredFields0(boolean)","3","9"
"BinaryLinkClient.java:78 java.lang.reflect.Proxy.newProxyInstance(ClassLoader, Class[], InvocationHandler)","26","4"
"Proxy.java:719 java.lang.reflect.Proxy.getProxyClass0(ClassLoader, Class[])","15","5"
"Proxy.java:419 java.lang.reflect.WeakCache.get(Object, Object)","15","6"
"WeakCache.java:127 java.lang.reflect.WeakCache$Factory.get()","15","7"
"WeakCache.java:230 java.lang.reflect.Proxy$ProxyClassFactory.apply(Object, Object)","15","8"
"Proxy.java:557 java.lang.reflect.Proxy$ProxyClassFactory.apply(ClassLoader, Class[])","15","9"
"Proxy.java:639 sun.misc.ProxyGenerator.generateProxyClass(String, Class[], int)","15","10"
"ProxyGenerator.java:339 sun.misc.ProxyGenerator.generateClassFile()","15","11"
"ProxyGenerator.java:451 java.lang.Class.getMethods()","15","12"
"Class.java:1615 java.lang.Class.privateGetPublicMethods()","15","13"
"Class.java:2902 java.lang.Class.privateGetDeclaredMethods(boolean)","15","14"
"Class.java:2701 java.lang.Class.getDeclaredMethods0(boolean)","15","15"
"Class.java (native) java.lang.ClassLoader.loadClass(String)","15","16"
"ClassLoader.java:357 sun.misc.Launcher$AppClassLoader.loadClass(String, boolean)","15","17"
"Launcher.java:349 java.lang.ClassLoader.loadClass(String, boolean)","15","18"
"ClassLoader.java:424 java.net.URLClassLoader.findClass(String)","15","19"
"URLClassLoader.java:362 java.security.AccessController.doPrivileged(PrivilegedExceptionAction, AccessControlContext)","15","20"
"AccessController.java (native) java.net.URLClassLoader$1.run()","15","21"
"URLClassLoader.java:363 java.net.URLClassLoader$1.run()","15","22"
"URLClassLoader.java:369 java.net.URLClassLoader.access$100(URLClassLoader, String, Resource)","15","23"
"URLClassLoader.java:74 java.net.URLClassLoader.defineClass(String, Resource)","15","24"
"URLClassLoader.java:468 java.security.SecureClassLoader.defineClass(String, byte[], int, int, CodeSource)","15","25"
"SecureClassLoader.java:142 java.lang.ClassLoader.defineClass(String, byte[], int, int, ProtectionDomain)","15","26"
"ClassLoader.java:763 java.lang.ClassLoader.defineClass1(String, byte[], int, int, ProtectionDomain, String)","15","27"
"Proxy.java:739 java.lang.reflect.Constructor.newInstance(Object[])","10","5"
"Constructor.java:423 sun.reflect.DelegatingConstructorAccessorImpl.newInstance(Object[])","10","6"
"DelegatingConstructorAccessorImpl.java:45 sun.reflect.NativeConstructorAccessorImpl.newInstance(Object[])","10","7"
"NativeConstructorAccessorImpl.java:62 sun.reflect.NativeConstructorAccessorImpl.newInstance0(Constructor, Object[])","10","8"
"NativeConstructorAccessorImpl.java (native) com.sun.proxy.$Proxy5.<clinit>()","10","9"
"java.lang.Class.forName(String)","10","10"
"Class.java:264 java.lang.Class.forName0(String, boolean, ClassLoader, Class)","10","11"
"Class.java (native) org.openjdk.jmh.infra.BenchmarkParams.<clinit>()","10","12"
"BenchmarkParams.java:59 org.openjdk.jmh.util.Utils.check(Class, String[])","10","13"
"Utils.java:339 org.openjdk.jmh.util.Utils.check(Class, String)","10","14"
"Utils.java:345 org.openjdk.jmh.util.Utils.getOffset(Class, String)","10","15"
"Utils.java:356 java.lang.Class.getDeclaredField(String)","10","16"
"Class.java:2068 java.lang.Class.searchFields(Field[], String)","10","17"
"Class.java:2958","10","18"
"BinaryLinkClient.java:71 java.lang.ClassLoader.loadClass(String)","10","4"
"ClassLoader.java:357 sun.misc.Launcher$AppClassLoader.loadClass(String, boolean)","10","5"
"Launcher.java:349 java.lang.ClassLoader.loadClass(String, boolean)","10","6"
"ClassLoader.java:411 java.lang.ClassLoader.loadClass(String, boolean)","10","7"
"ClassLoader.java:413 java.lang.ClassLoader.findBootstrapClassOrNull(String)","10","8"
"ClassLoader.java:1015 java.lang.ClassLoader.findBootstrapClass(String)","10","9"
"BinaryLinkClient.java:74 java.io.ObjectInputStream.<init>(InputStream)","7","4"
"ObjectInputStream.java:353 java.io.ObjectInputStream$BlockDataInputStream.<init>(ObjectInputStream, InputStream)","7","5"
"ObjectInputStream.java:2763","7","6"
"ForkedMain.java:75 org.openjdk.jmh.runner.link.BinaryLinkClient.handshake()","57","3"
"BinaryLinkClient.java:149 org.openjdk.jmh.runner.link.BinaryLinkClient.readFrame()","41","4"
"BinaryLinkClient.java:122 java.io.ObjectInputStream.readObject()","41","5"
"ObjectInputStream.java:431 java.io.ObjectInputStream.readObject0(boolean)","41","6"
"ObjectInputStream.java:1573 java.io.ObjectInputStream.readOrdinaryObject(boolean)","41","7"
"ObjectInputStream.java:2069 java.io.ObjectInputStream.readSerialData(Object, ObjectStreamClass)","41","8"
"ObjectInputStream.java:2211 java.io.ObjectInputStream.defaultReadFields(Object, ObjectStreamClass)","41","9"
"ObjectInputStream.java:2287 java.io.ObjectInputStream.readObject0(boolean)","41","10"
"ObjectInputStream.java:1573 java.io.ObjectInputStream.readOrdinaryObject(boolean)","41","11"
"ObjectInputStream.java:2069 java.io.ObjectInputStream.readSerialData(Object, ObjectStreamClass)","30","12"
"ObjectInputStream.java:2211 java.io.ObjectInputStream.defaultReadFields(Object, ObjectStreamClass)","30","13"
"ObjectInputStream.java:2287 java.io.ObjectInputStream.readObject0(boolean)","30","14"
"ObjectInputStream.java:1573 java.io.ObjectInputStream.readOrdinaryObject(boolean)","30","15"
"ObjectInputStream.java:2069 java.io.ObjectInputStream.readSerialData(Object, ObjectStreamClass)","16","16"
"ObjectInputStream.java:2178 java.io.ObjectStreamClass.invokeReadObject(Object, ObjectInputStream)","16","17"
"ObjectStreamClass.java:1170 java.lang.reflect.Method.invoke(Object, Object[])","16","18"
"Method.java:498 sun.reflect.DelegatingMethodAccessorImpl.invoke(Object, Object[])","16","19"
"DelegatingMethodAccessorImpl.java:43 sun.reflect.NativeMethodAccessorImpl.invoke(Object, Object[])","16","20"
"NativeMethodAccessorImpl.java:62 sun.reflect.NativeMethodAccessorImpl.invoke0(Method, Object, Object[])","16","21"
"NativeMethodAccessorImpl.java (native) java.util.ArrayList.readObject(ObjectInputStream)","16","22"
"ArrayList.java:797 java.io.ObjectInputStream.readObject()","16","23"
"ObjectInputStream.java:431 java.io.ObjectInputStream.readObject0(boolean)","16","24"
"ObjectInputStream.java:1573 java.io.ObjectInputStream.readOrdinaryObject(boolean)","16","25"
"ObjectInputStream.java:2042 java.io.ObjectInputStream.readClassDesc(boolean)","16","26"
"ObjectInputStream.java:1751 java.io.ObjectInputStream.readNonProxyDesc(boolean)","16","27"
"ObjectInputStream.java:1885 java.io.ObjectStreamClass.initNonProxy(ObjectStreamClass, Class, ClassNotFoundException, ObjectStreamClass)","16","28"
"ObjectStreamClass.java:694 java.io.ObjectStreamClass.getSerialVersionUID()","16","29"
"ObjectStreamClass.java:272 java.security.AccessController.doPrivileged(PrivilegedAction)","16","30"
"AccessController.java (native) java.io.ObjectStreamClass$2.run()","16","31"
"ObjectStreamClass.java:273 java.io.ObjectStreamClass$2.run()","16","32"
"ObjectStreamClass.java:275 java.io.ObjectStreamClass.access$100(Class)","16","33"
"ObjectStreamClass.java:79 java.io.ObjectStreamClass.computeDefaultSUID(Class)","16","34"
"ObjectStreamClass.java:2000 java.security.MessageDigest.getInstance(String)","16","35"
"MessageDigest.java:167 java.security.Security.getImpl(String, String, String)","16","36"
"Security.java:695 sun.security.jca.GetInstance.getInstance(String, Class, String)","16","37"
"GetInstance.java:156 sun.security.jca.Providers.<clinit>()","10","38"
"Providers.java:53 sun.security.jca.ProviderList.<clinit>()","10","39"
"ProviderList.java:70 sun.security.jca.ProviderList$1.<init>(String, double, String)","10","40"
"ProviderList.java:71 java.security.Provider.<init>(String, double, String)","10","41"
"Provider.java:138 java.security.Provider.putId()","10","42"
"Provider.java:688 java.lang.String.valueOf(double)","10","43"
"String.java:3141 java.lang.Double.toString(double)","10","44"
"Double.java:204","10","45"
"GetInstance.java:157 sun.security.jca.ProviderList.getService(String, String)","6","38"
"ProviderList.java:331 sun.security.jca.ProviderList.getProvider(int)","6","39"
"ProviderList.java:233 sun.security.jca.ProviderConfig.getProvider()","6","40"
"ProviderConfig.java:187 sun.security.jca.ProviderConfig.doLoadProvider()","6","41"
"ProviderConfig.java:206 java.security.AccessController.doPrivileged(PrivilegedAction)","6","42"
"AccessController.java (native) sun.security.jca.ProviderConfig$2.run()","6","43"
"ProviderConfig.java:206 sun.security.jca.ProviderConfig$2.run()","6","44"
"ProviderConfig.java:221 java.lang.Class.newInstance()","6","45"
"Class.java:442 java.lang.reflect.Constructor.newInstance(Object[])","6","46"
"Constructor.java:423 sun.reflect.DelegatingConstructorAccessorImpl.newInstance(Object[])","6","47"
"DelegatingConstructorAccessorImpl.java:45 sun.reflect.NativeConstructorAccessorImpl.newInstance(Object[])","6","48"
"NativeConstructorAccessorImpl.java:62 sun.reflect.NativeConstructorAccessorImpl.newInstance0(Constructor, Object[])","6","49"
"NativeConstructorAccessorImpl.java (native) sun.security.provider.Sun.<init>()","6","50"
"Sun.java:56","6","51"
"ObjectInputStream.java:2042 java.io.ObjectInputStream.readClassDesc(boolean)","13","16"
"ObjectInputStream.java:1751 java.io.ObjectInputStream.readNonProxyDesc(boolean)","13","17"
"ObjectInputStream.java:1885 java.io.ObjectStreamClass.initNonProxy(ObjectStreamClass, Class, ClassNotFoundException, ObjectStreamClass)","13","18"
"ObjectStreamClass.java:681 java.io.ObjectStreamClass.lookup(Class, boolean)","13","19"
"ObjectStreamClass.java:391 java.io.ObjectStreamClass.<init>(Class)","13","20"
"ObjectStreamClass.java:544 java.io.ObjectStreamClass.getReflector(ObjectStreamField[], ObjectStreamClass)","8","21"
"ObjectStreamClass.java:2347 java.io.ObjectStreamClass.matchFields(ObjectStreamField[], ObjectStreamClass)","8","22"
"ObjectStreamClass.java:2457 java.io.ObjectStreamField.<init>(Field, boolean, boolean)","8","23"
"ObjectStreamField.java:140 java.io.ObjectStreamField.getClassSignature(Class)","8","24"
"ObjectStreamField.java:295 java.lang.Class.isArray()","8","25"
"ObjectStreamClass.java:494 java.security.AccessController.doPrivileged(PrivilegedAction)","4","21"
"AccessController.java (native) java.io.ObjectStreamClass$3.run()","4","22"
"ObjectStreamClass.java:494 java.io.ObjectStreamClass$3.run()","4","23"
"ObjectStreamClass.java:519 java.io.ObjectStreamClass.access$1500(Class)","4","24"
"ObjectStreamClass.java:79 java.io.ObjectStreamClass.getSerializableConstructor(Class)","4","25"
"ObjectStreamClass.java:1574 sun.reflect.ReflectionFactory.newConstructorForSerialization(Class, Constructor)","4","26"
"ReflectionFactory.java:360 sun.reflect.ReflectionFactory.generateConstructor(Class, Constructor)","4","27"
"ReflectionFactory.java:398 sun.reflect.MethodAccessorGenerator.generateSerializationConstructor(Class, Class[], Class[], int, Class)","4","28"
"MethodAccessorGenerator.java:112 sun.reflect.MethodAccessorGenerator.generate(Class, String, Class[], Class, Class[], int, boolean, boolean, Class)","4","29"
"MethodAccessorGenerator.java:311 sun.reflect.ClassFileAssembler.emitConstantPoolUTF8(String)","4","30"
"ClassFileAssembler.java:107","4","31"
"ObjectInputStream.java:2042 java.io.ObjectInputStream.readClassDesc(boolean)","10","12"
"ObjectInputStream.java:1751 java.io.ObjectInputStream.readNonProxyDesc(boolean)","10","13"
"ObjectInputStream.java:1868 java.io.ObjectInputStream.resolveClass(ObjectStreamClass)","10","14"
"ObjectInputStream.java:686 java.lang.Class.forName(String, boolean, ClassLoader)","10","15"
"Class.java:348 java.lang.Class.forName0(String, boolean, ClassLoader, Class)","10","16"
"Class.java (native) java.lang.ClassLoader.loadClass(String)","10","17"
"ClassLoader.java:357 sun.misc.Launcher$AppClassLoader.loadClass(String, boolean)","10","18"
"Launcher.java:349 java.lang.ClassLoader.loadClass(String, boolean)","10","19"
"ClassLoader.java:424 java.net.URLClassLoader.findClass(String)","10","20"
"URLClassLoader.java:362 java.security.AccessController.doPrivileged(PrivilegedExceptionAction, AccessControlContext)","10","21"
"AccessController.java (native) java.net.URLClassLoader$1.run()","10","22"
"URLClassLoader.java:363 java.net.URLClassLoader$1.run()","10","23"
"URLClassLoader.java:369 java.net.URLClassLoader.access$100(URLClassLoader, String, Resource)","10","24"
"URLClassLoader.java:74 java.net.URLClassLoader.defineClass(String, Resource)","10","25"
"URLClassLoader.java:468 java.security.SecureClassLoader.defineClass(String, byte[], int, int, CodeSource)","10","26"
"SecureClassLoader.java:142 java.lang.ClassLoader.defineClass(String, byte[], int, int, ProtectionDomain)","10","27"
"ClassLoader.java:763 java.lang.ClassLoader.defineClass1(String, byte[], int, int, ProtectionDomain, String)","10","28"
"BinaryLinkClient.java:147 org.openjdk.jmh.util.Utils.getPid()","8","4"
"Utils.java:402 sun.management.RuntimeImpl.getName()","8","5"
"RuntimeImpl.java:59 sun.management.VMManagementImpl.getVmId()","8","6"
"VMManagementImpl.java:140 java.net.InetAddress.getLocalHost()","8","7"
"InetAddress.java:1501 java.net.InetAddress.getAddressesFromNameService(String, InetAddress)","8","8"
"InetAddress.java:1363 java.net.InetAddress.cacheAddresses(String, InetAddress[], boolean)","8","9"
"InetAddress.java:884 java.net.InetAddress.cacheInitIfNeeded()","8","10"
"InetAddress.java:870 java.net.InetAddress$Cache.put(String, InetAddress[])","8","11"
"InetAddress.java:804 java.util.LinkedHashMap.keySet()","8","12"
"LinkedHashMap.java:533","8","13"
"BinaryLinkClient.java:147 org.openjdk.jmh.runner.link.BinaryLinkClient.pushFrame(Serializable)","7","4"
"BinaryLinkClient.java:111 java.io.ObjectOutputStream.writeObject(Object)","7","5"
"ObjectOutputStream.java:348 java.io.ObjectOutputStream.writeObject0(Object, boolean)","7","6"
"ObjectOutputStream.java:1134 java.io.ObjectStreamClass.lookup(Class, boolean)","7","7"
"ObjectStreamClass.java:391 java.io.ObjectStreamClass.<init>(Class)","7","8"
"ObjectStreamClass.java:494 java.security.AccessController.doPrivileged(PrivilegedAction)","7","9"
"AccessController.java (native) java.io.ObjectStreamClass$3.run()","7","10"
"ObjectStreamClass.java:494 java.io.ObjectStreamClass$3.run()","7","11"
"ObjectStreamClass.java:519 java.io.ObjectStreamClass.access$1500(Class)","7","12"
"ObjectStreamClass.java:79 java.io.ObjectStreamClass.getSerializableConstructor(Class)","7","13"
"ObjectStreamClass.java:1574 sun.reflect.ReflectionFactory.newConstructorForSerialization(Class, Constructor)","7","14"
"ReflectionFactory.java:360 sun.reflect.ReflectionFactory.generateConstructor(Class, Constructor)","7","15"
"ReflectionFactory.java:397","7","16"
"ForkedMain.java:83 java.lang.ClassLoader.loadClass(String)","11","3"
"ClassLoader.java:357 sun.misc.Launcher$AppClassLoader.loadClass(String, boolean)","11","4"
"Launcher.java:349 java.lang.ClassLoader.loadClass(String, boolean)","11","5"
"ClassLoader.java:411 java.lang.ClassLoader.loadClass(String, boolean)","11","6"
"ClassLoader.java:424 java.net.URLClassLoader.findClass(String)","11","7"
"URLClassLoader.java:362 java.security.AccessController.doPrivileged(PrivilegedExceptionAction, AccessControlContext)","11","8"
"AccessController.java (native) java.net.URLClassLoader$1.run()","11","9"
"URLClassLoader.java:363 java.net.URLClassLoader$1.run()","11","10"
"URLClassLoader.java:366 sun.misc.URLClassPath.getResource(String, boolean)","11","11"
"URLClassPath.java:249 sun.misc.URLClassPath$JarLoader.getResource(String, boolean)","11","12"
"URLClassPath.java:1044 sun.misc.MetaIndex.mayContain(String)","11","13"
"MetaIndex.java:241","11","14"
"ForkedMain.java:62 java.lang.ClassLoader.loadClass(String)","6","3"
"ClassLoader.java:357 sun.misc.Launcher$AppClassLoader.loadClass(String, boolean)","6","4"
"Launcher.java:349 java.lang.ClassLoader.loadClass(String, boolean)","6","5"
"ClassLoader.java:406 java.lang.ClassLoader.findLoadedClass(String)","6","6"
"ClassLoader.java:1036","6","7"
"sun.launcher.LauncherHelper.checkAndLoadMain(boolean, int, String)","20","2"
"LauncherHelper.java:495 java.lang.ClassLoader.loadClass(String)","20","3"
"ClassLoader.java:357 sun.misc.Launcher$AppClassLoader.loadClass(String, boolean)","20","4"
"Launcher.java:349 java.lang.ClassLoader.loadClass(String, boolean)","20","5"
"ClassLoader.java:424 java.net.URLClassLoader.findClass(String)","20","6"
"URLClassLoader.java:362 java.security.AccessController.doPrivileged(PrivilegedExceptionAction, AccessControlContext)","20","7"
"AccessController.java (native) java.net.URLClassLoader$1.run()","20","8"
"URLClassLoader.java:363 java.net.URLClassLoader$1.run()","20","9"
"URLClassLoader.java:369 java.net.URLClassLoader.access$100(URLClassLoader, String, Resource)","11","10"
"URLClassLoader.java:74 java.net.URLClassLoader.defineClass(String, Resource)","11","11"
"URLClassLoader.java:468 java.security.SecureClassLoader.defineClass(String, byte[], int, int, CodeSource)","11","12"
"SecureClassLoader.java:142 java.security.SecureClassLoader.getProtectionDomain(CodeSource)","11","13"
"SecureClassLoader.java:206 sun.misc.Launcher$AppClassLoader.getPermissions(CodeSource)","11","14"
"Launcher.java:357 java.net.URLClassLoader.getPermissions(CodeSource)","11","15"
"URLClassLoader.java:665 java.net.URL.openConnection()","11","16"
"URL.java:979 sun.net.www.protocol.file.Handler.openConnection(URL)","11","17"
"Handler.java:72 sun.net.www.protocol.file.Handler.openConnection(URL, Proxy)","11","18"
"Handler.java:81 sun.net.www.protocol.file.Handler.createFileURLConnection(URL, File)","11","19"
"Handler.java:112","11","20"
"URLClassLoader.java:366 sun.misc.URLClassPath.getResource(String, boolean)","9","10"
"URLClassPath.java:248 sun.misc.URLClassPath.getNextLoader(int[], int)","9","11"
"URLClassPath.java:494 sun.misc.URLClassPath.getLoader(int)","9","12"
"URLClassPath.java:532 sun.misc.URLClassPath$JarLoader.getClassPath()","9","13"
"URLClassPath.java:1196 sun.misc.URLClassPath$JarLoader.parseExtensionsDependencies()","9","14"
"URLClassPath.java:1217","9","15"
