"Call Tree","Time (ms)","Level"
"<All threads>","6872","1"
"<...> java.lang.Thread.run()","6556","2"
"<15 calls> GSBenchmark.java:126 eu.prismacloud.primitives.zkpgs.orchestrator.ProverOrchestrator.init()","2136","3"
"ProverOrchestrator.java:118 eu.prismacloud.primitives.zkpgs.prover.GSProver.computeCommitments(BaseIterator)","1976","4"
"GSProver.java:70 eu.prismacloud.primitives.zkpgs.commitment.GSCommitment.createCommitment(BigInteger, ExtendedPublicKey)","1008","5"
"GSCommitment.java:97 eu.prismacloud.primitives.zkpgs.util.crypto.QRElement.modPow(BigInteger)","1008","6"
"QRElement.java:15 eu.prismacloud.primitives.zkpgs.util.crypto.QRElement.modPow(BigInteger)","1008","7"
"QRElement.java:108 <...> java.math.BigInteger.modPow(BigInteger, BigInteger)","1008","8"
"GSProver.java:69 eu.prismacloud.primitives.zkpgs.util.crypto.QRElement.modPow(BigInteger)","932","5"
"QRElement.java:15 eu.prismacloud.primitives.zkpgs.util.crypto.QRElement.modPow(BigInteger)","932","6"
"QRElement.java:108 <...> java.math.BigInteger.modPow(BigInteger, BigInteger)","932","7"
"GSProver.java:75 eu.prismacloud.primitives.zkpgs.store.ProofStore.store(String, Object)","12","5"
"ProofStore.java:71 eu.prismacloud.primitives.zkpgs.store.URN.createURN(String, String)","12","6"
"URN.java:161 eu.prismacloud.primitives.zkpgs.store.URN.<init>(NamespaceComponent, NamespaceComponent, boolean)","12","7"
"URN.java:39 eu.prismacloud.primitives.zkpgs.store.URNType.parseURNType(String)","12","8"
"URNType.java:708 eu.prismacloud.primitives.zkpgs.store.URNType.parseURNSuffix(String)","12","9"
"URNType.java:723 <...> java.lang.String.matches(String)","12","10"
"GSProver.java:74 eu.prismacloud.primitives.zkpgs.store.URN.createURN(String, String)","12","5"
"URN.java:161 eu.prismacloud.primitives.zkpgs.store.URN.<init>(NamespaceComponent, NamespaceComponent, boolean)","12","6"
"URN.java:39 eu.prismacloud.primitives.zkpgs.store.URNType.parseURNType(String)","12","7"
"URNType.java:708 eu.prismacloud.primitives.zkpgs.store.URNType.parseURNSuffix(String)","12","8"
"URNType.java:723 <...> java.lang.String.matches(String)","12","9"
"GSProver.java:69 eu.prismacloud.primitives.zkpgs.util.crypto.QRElement.multiply(GroupElement)","12","5"
"QRElement.java:15 eu.prismacloud.primitives.zkpgs.util.crypto.QRElement.multiply(GroupElement)","12","6"
"QRElement.java:70 <...> java.math.BigInteger.mod(BigInteger)","12","7"
"ProverOrchestrator.java:109 eu.prismacloud.primitives.zkpgs.orchestrator.ProverOrchestrator.computePairWiseCommitments()","160","4"
"ProverOrchestrator.java:140 eu.prismacloud.primitives.zkpgs.orchestrator.ProverOrchestrator.computeIndexesCommitments(int)","104","5"
"ProverOrchestrator.java:208 eu.prismacloud.primitives.zkpgs.commitment.GSCommitment.createCommitment(BigInteger, ExtendedPublicKey)","104","6"
"GSCommitment.java:97 eu.prismacloud.primitives.zkpgs.util.crypto.QRElement.modPow(BigInteger)","92","7"
"QRElement.java:15 eu.prismacloud.primitives.zkpgs.util.crypto.QRElement.modPow(BigInteger)","92","8"
"QRElement.java:108 <...> java.math.BigInteger.modPow(BigInteger, BigInteger)","92","9"
"GSCommitment.java:90 eu.prismacloud.primitives.zkpgs.util.CryptoUtilsFacade.computeRandomNumberMinusPlus(int)","12","7"
"CryptoUtilsFacade.java:35 eu.prismacloud.primitives.zkpgs.util.GSUtils.randomMinusPlusNumber(int)","12","8"
"GSUtils.java:68 <...> java.math.BigInteger.<init>(int, Random)","12","9"
"ProverOrchestrator.java:141 eu.prismacloud.primitives.zkpgs.orchestrator.ProverOrchestrator.computeIndexesCommitments(int)","56","5"
"ProverOrchestrator.java:208 eu.prismacloud.primitives.zkpgs.commitment.GSCommitment.createCommitment(BigInteger, ExtendedPublicKey)","56","6"
"GSCommitment.java:97 eu.prismacloud.primitives.zkpgs.util.crypto.QRElement.modPow(BigInteger)","56","7"
"QRElement.java:15 eu.prismacloud.primitives.zkpgs.util.crypto.QRElement.modPow(BigInteger)","56","8"
"QRElement.java:108 <...> java.math.BigInteger.modPow(BigInteger, BigInteger)","56","9"
"<14 calls> ProvingBenchmark.java:219 eu.prismacloud.primitives.zkpgs.orchestrator.ProverOrchestrator.executePreChallengePhase()","1944","3"
"ProverOrchestrator.java:234 eu.prismacloud.primitives.zkpgs.orchestrator.ProverOrchestrator.computeCommitmentProvers()","1184","4"
"ProverOrchestrator.java:447 eu.prismacloud.primitives.zkpgs.prover.AbstractCommitmentProver.executePreChallengePhase()","1160","5"
"AbstractCommitmentProver.java:70 eu.prismacloud.primitives.zkpgs.prover.AbstractCommitmentProver.computeWitness()","1152","6"
"AbstractCommitmentProver.java:137 eu.prismacloud.primitives.zkpgs.util.crypto.QRElement.modPow(BigInteger)","960","7"
"QRElement.java:15 eu.prismacloud.primitives.zkpgs.util.crypto.QRElement.modPow(BigInteger)","960","8"
"QRElement.java:108 <...> java.math.BigInteger.modPow(BigInteger, BigInteger)","960","9"
"AbstractCommitmentProver.java:146 eu.prismacloud.primitives.zkpgs.util.crypto.QRElement.modPow(BigInteger)","168","7"
"QRElement.java:15 eu.prismacloud.primitives.zkpgs.util.crypto.QRElement.modPow(BigInteger)","168","8"
"QRElement.java:108 <...> java.math.BigInteger.modPow(BigInteger, BigInteger)","168","9"
"AbstractCommitmentProver.java:136 eu.prismacloud.primitives.zkpgs.prover.CommitmentProver.getTildeRandomnessURN()","12","7"
"CommitmentProver.java:73 eu.prismacloud.primitives.zkpgs.store.URNType.buildURN(URNType, Class, int)","12","8"
"URNType.java:617 eu.prismacloud.primitives.zkpgs.store.URNType.buildURNComponent(URNType, Class, int)","12","9"
"URNType.java:640 <...> java.lang.Class.getDeclaredField(String)","12","10"
"AbstractCommitmentProver.java:145 eu.prismacloud.primitives.zkpgs.store.ProofStore.get(URN)","12","7"
"ProofStore.java:116 <...> java.util.HashMap.get(Object)","12","8"
"<1 call> HashMap.java:579 eu.prismacloud.primitives.zkpgs.store.URN.equals(Object)","12","9"
"URN.java:252 java.lang.Object.getClass()","12","10"
"AbstractCommitmentProver.java:68 eu.prismacloud.primitives.zkpgs.prover.AbstractCommitmentProver.computeWitnessRandomness()","8","6"
"AbstractCommitmentProver.java:102 eu.prismacloud.primitives.zkpgs.util.CryptoUtilsFacade.computeRandomNumberMinusPlus(int)","8","7"
"CryptoUtilsFacade.java:35 eu.prismacloud.primitives.zkpgs.util.GSUtils.randomMinusPlusNumber(int)","8","8"
"GSUtils.java:68 <...> java.math.BigInteger.<init>(int, Random)","8","9"
"ProverOrchestrator.java:454 eu.prismacloud.primitives.zkpgs.store.ProofStore.store(String, Object)","12","5"
"ProofStore.java:71 eu.prismacloud.primitives.zkpgs.store.URN.createURN(String, String)","12","6"
"URN.java:161 eu.prismacloud.primitives.zkpgs.store.URN.<init>(NamespaceComponent, NamespaceComponent, boolean)","12","7"
"URN.java:39 eu.prismacloud.primitives.zkpgs.store.URNType.parseURNType(String)","12","8"
"URNType.java:708 eu.prismacloud.primitives.zkpgs.store.URNType.parseURNSuffix(String)","12","9"
"URNType.java:723 <...> java.lang.String.matches(String)","12","10"
"ProverOrchestrator.java:445 <...> java.lang.ClassLoader.loadClass(String)","12","5"
"ProverOrchestrator.java:227 eu.prismacloud.primitives.zkpgs.orchestrator.ProverOrchestrator.computeTildeZ()","676","4"
"ProverOrchestrator.java:464 eu.prismacloud.primitives.zkpgs.prover.PossessionProver.executeCompoundPreChallengePhase()","676","5"
"PossessionProver.java:104 eu.prismacloud.primitives.zkpgs.prover.PossessionProver.executePreChallengePhase()","676","6"
"PossessionProver.java:116 eu.prismacloud.primitives.zkpgs.prover.PossessionProver.computetildeZ()","652","7"
"PossessionProver.java:203 eu.prismacloud.primitives.zkpgs.util.crypto.QRElement.modPow(BigInteger)","372","8"
"QRElement.java:15 eu.prismacloud.primitives.zkpgs.util.crypto.QRElement.modPow(BigInteger)","372","9"
"QRElement.java:108 <...> java.math.BigInteger.modPow(BigInteger, BigInteger)","372","10"
"PossessionProver.java:187 eu.prismacloud.primitives.zkpgs.util.crypto.QRElement.modPow(BigInteger)","220","8"
"QRElement.java:15 eu.prismacloud.primitives.zkpgs.util.crypto.QRElement.modPow(BigInteger)","220","9"
"QRElement.java:108 <...> java.math.BigInteger.modPow(BigInteger, BigInteger)","220","10"
"PossessionProver.java:164 eu.prismacloud.primitives.zkpgs.util.crypto.QRElement.modPow(BigInteger)","20","8"
"QRElement.java:15 eu.prismacloud.primitives.zkpgs.util.crypto.QRElement.modPow(BigInteger)","20","9"
"QRElement.java:108 <...> java.math.BigInteger.modPow(BigInteger, BigInteger)","20","10"
"PossessionProver.java:168 eu.prismacloud.primitives.zkpgs.util.crypto.QRElement.modPow(BigInteger)","12","8"
"QRElement.java:15 eu.prismacloud.primitives.zkpgs.util.crypto.QRElement.modPow(BigInteger)","12","9"
"QRElement.java:108 <...> java.math.BigInteger.modPow(BigInteger, BigInteger)","12","10"
"PossessionProver.java:187 eu.prismacloud.primitives.zkpgs.util.crypto.QRElement.multiply(GroupElement)","12","8"
"QRElement.java:15 eu.prismacloud.primitives.zkpgs.util.crypto.QRElement.multiply(GroupElement)","12","9"
"QRElement.java:70 <...> java.math.BigInteger.mod(BigInteger)","12","10"
"PossessionProver.java:178 eu.prismacloud.primitives.zkpgs.store.ProofStore.retrieve(String)","8","8"
"ProofStore.java:94 eu.prismacloud.primitives.zkpgs.store.ProofStore.get(URN)","8","9"
"ProofStore.java:116 <...> java.util.HashMap.get(Object)","8","10"
"<1 call> HashMap.java:572 eu.prismacloud.primitives.zkpgs.store.URN.equals(Object)","8","11"
"URN.java:252 java.lang.Object.getClass()","8","12"
"PossessionProver.java:162 eu.prismacloud.primitives.zkpgs.util.crypto.QRElement.modPow(BigInteger)","8","8"
"QRElement.java:15 eu.prismacloud.primitives.zkpgs.util.crypto.QRElement.modPow(BigInteger)","8","9"
"QRElement.java:108 <...> java.math.BigInteger.modPow(BigInteger, BigInteger)","8","10"
"PossessionProver.java:115 eu.prismacloud.primitives.zkpgs.prover.PossessionProver.createWitnessRandomness()","24","7"
"PossessionProver.java:146 eu.prismacloud.primitives.zkpgs.store.ProofStore.store(String, Object)","12","8"
"ProofStore.java:71 eu.prismacloud.primitives.zkpgs.store.URN.createURN(String, String)","12","9"
"URN.java:161 eu.prismacloud.primitives.zkpgs.store.URN.<init>(NamespaceComponent, NamespaceComponent, boolean)","12","10"
"URN.java:39 eu.prismacloud.primitives.zkpgs.store.URNType.parseURNType(String)","12","11"
"URNType.java:708 eu.prismacloud.primitives.zkpgs.store.URNType.parseURNSuffix(String)","12","12"
"URNType.java:723","12","13"
"PossessionProver.java:153 eu.prismacloud.primitives.zkpgs.store.ProofStore.store(String, Object)","12","8"
"ProofStore.java:71 eu.prismacloud.primitives.zkpgs.store.URN.createURN(String, String)","12","9"
"URN.java:161 eu.prismacloud.primitives.zkpgs.store.URN.<init>(NamespaceComponent, NamespaceComponent, boolean)","12","10"
"URN.java:39 eu.prismacloud.primitives.zkpgs.store.URNType.parseURNType(String)","12","11"
"URNType.java:708 eu.prismacloud.primitives.zkpgs.store.URNType.parseURNSuffix(String)","12","12"
"URNType.java:723 <...> java.lang.String.matches(String)","12","13"
"ProverOrchestrator.java:239 eu.prismacloud.primitives.zkpgs.orchestrator.ProverOrchestrator.computePairWiseProvers(List)","64","4"
"ProverOrchestrator.java:426 eu.prismacloud.primitives.zkpgs.prover.PairWiseDifferenceProver.executeCompoundPreChallengePhase()","64","5"
"PairWiseDifferenceProver.java:129 eu.prismacloud.primitives.zkpgs.prover.PairWiseDifferenceProver.executePreChallengePhase()","64","6"
"PairWiseDifferenceProver.java:139 eu.prismacloud.primitives.zkpgs.prover.PairWiseDifferenceProver.computeWitness()","64","7"
"PairWiseDifferenceProver.java:318 eu.prismacloud.primitives.zkpgs.util.crypto.QRElement.modPow(BigInteger)","24","8"
"QRElement.java:15 eu.prismacloud.primitives.zkpgs.util.crypto.QRElement.modPow(BigInteger)","24","9"
"QRElement.java:108 <...> java.math.BigInteger.modPow(BigInteger, BigInteger)","24","10"
"PairWiseDifferenceProver.java:315 eu.prismacloud.primitives.zkpgs.util.crypto.QRElement.modPow(BigInteger)","20","8"
"QRElement.java:15 eu.prismacloud.primitives.zkpgs.util.crypto.QRElement.modPow(BigInteger)","20","9"
"QRElement.java:108 <...> java.math.BigInteger.modPow(BigInteger, BigInteger)","20","10"
"PairWiseDifferenceProver.java:317 eu.prismacloud.primitives.zkpgs.util.crypto.QRElement.modPow(BigInteger)","20","8"
"QRElement.java:15 eu.prismacloud.primitives.zkpgs.util.crypto.QRElement.modPow(BigInteger)","20","9"
"QRElement.java:108 <...> java.math.BigInteger.modPow(BigInteger, BigInteger)","20","10"
"ProverOrchestrator.java:218 eu.prismacloud.primitives.zkpgs.signature.GSSignature.blind()","20","4"
"GSSignature.java:107 eu.prismacloud.primitives.zkpgs.util.crypto.QRElement.modPow(BigInteger)","20","5"
"QRElement.java:15 eu.prismacloud.primitives.zkpgs.util.crypto.QRElement.modPow(BigInteger)","20","6"
"QRElement.java:108 <...> java.math.BigInteger.modPow(BigInteger, BigInteger)","20","7"
"<14 calls> ProvingBenchmark.java:224 eu.prismacloud.primitives.zkpgs.orchestrator.VerifierOrchestrator.executeVerification()","1916","3"
"VerifierOrchestrator.java:395 eu.prismacloud.primitives.zkpgs.orchestrator.VerifierOrchestrator.executeVerification(BigInteger)","1916","4"
"VerifierOrchestrator.java:422 eu.prismacloud.primitives.zkpgs.orchestrator.VerifierOrchestrator.computeCommitmentVerifiers()","1256","5"
"VerifierOrchestrator.java:359 eu.prismacloud.primitives.zkpgs.verifier.AbstractCommitmentVerifier.executeVerification(BigInteger)","1244","6"
"AbstractCommitmentVerifier.java:74 eu.prismacloud.primitives.zkpgs.verifier.AbstractCommitmentVerifier.computeVerifierWitness(BigInteger)","1232","7"
"AbstractCommitmentVerifier.java:85 eu.prismacloud.primitives.zkpgs.util.crypto.QRElement.modPow(BigInteger)","956","8"
"QRElement.java:15 eu.prismacloud.primitives.zkpgs.util.crypto.QRElement.modPow(BigInteger)","956","9"
"QRElement.java:108 <...> java.math.BigInteger.modPow(BigInteger, BigInteger)","956","10"
"AbstractCommitmentVerifier.java:94 eu.prismacloud.primitives.zkpgs.util.crypto.QRElement.modPow(BigInteger)","148","8"
"QRElement.java:15 eu.prismacloud.primitives.zkpgs.util.crypto.QRElement.modPow(BigInteger)","148","9"
"QRElement.java:108 <...> java.math.BigInteger.modPow(BigInteger, BigInteger)","148","10"
"AbstractCommitmentVerifier.java:80 eu.prismacloud.primitives.zkpgs.util.crypto.QRElement.modPow(BigInteger)","128","8"
"QRElement.java:15 eu.prismacloud.primitives.zkpgs.util.crypto.QRElement.modPow(BigInteger)","128","9"
"QRElement.java:108 <...> java.math.BigInteger.modPow(BigInteger, BigInteger)","128","10"
"AbstractCommitmentVerifier.java:66 eu.prismacloud.primitives.zkpgs.verifier.AbstractCommitmentVerifier.checkLengths()","12","7"
"AbstractCommitmentVerifier.java:103 eu.prismacloud.primitives.zkpgs.verifier.CommitmentVerifier.getHatRandomnessURN()","12","8"
"CommitmentVerifier.java:85 eu.prismacloud.primitives.zkpgs.store.URNType.buildURN(URNType, Class, int)","12","9"
"URNType.java:617 eu.prismacloud.primitives.zkpgs.store.URN.createZkpgsURN(String)","12","10"
"URN.java:181 eu.prismacloud.primitives.zkpgs.store.URN.<init>(NamespaceComponent, NamespaceComponent, boolean)","12","11"
"URN.java:39 eu.prismacloud.primitives.zkpgs.store.URNType.parseURNType(String)","12","12"
"URNType.java:708 eu.prismacloud.primitives.zkpgs.store.URNType.parseURNSuffix(String)","12","13"
"URNType.java:723 <...> java.lang.String.matches(String)","12","14"
"VerifierOrchestrator.java:362","12","6"
"VerifierOrchestrator.java:410 eu.prismacloud.primitives.zkpgs.verifier.PossessionVerifier.executeCompoundVerification(BigInteger)","600","5"
"PossessionVerifier.java:149 eu.prismacloud.primitives.zkpgs.verifier.PossessionVerifier.executeVerification(BigInteger)","600","6"
"PossessionVerifier.java:128 eu.prismacloud.primitives.zkpgs.util.crypto.QRElement.modPow(BigInteger)","324","7"
"QRElement.java:15 eu.prismacloud.primitives.zkpgs.util.crypto.QRElement.modPow(BigInteger)","324","8"
"QRElement.java:108 <...> java.math.BigInteger.modPow(BigInteger, BigInteger)","324","9"
"PossessionVerifier.java:117 eu.prismacloud.primitives.zkpgs.util.crypto.QRElement.modPow(BigInteger)","184","7"
"QRElement.java:15 eu.prismacloud.primitives.zkpgs.util.crypto.QRElement.modPow(BigInteger)","184","8"
"QRElement.java:108 <...> java.math.BigInteger.modPow(BigInteger, BigInteger)","184","9"
"PossessionVerifier.java:140 eu.prismacloud.primitives.zkpgs.util.crypto.QRElement.modPow(BigInteger)","32","7"
"QRElement.java:15 eu.prismacloud.primitives.zkpgs.util.crypto.QRElement.modPow(BigInteger)","32","8"
"QRElement.java:108 <...> java.math.BigInteger.modPow(BigInteger, BigInteger)","32","9"
"PossessionVerifier.java:111 eu.prismacloud.primitives.zkpgs.store.ProofStore.retrieve(String)","20","7"
"ProofStore.java:94 eu.prismacloud.primitives.zkpgs.store.URN.createURN(String, String)","20","8"
"URN.java:161 eu.prismacloud.primitives.zkpgs.store.URN.<init>(NamespaceComponent, NamespaceComponent, boolean)","20","9"
"URN.java:39 eu.prismacloud.primitives.zkpgs.store.URNType.parseURNType(String)","20","10"
"URNType.java:708 eu.prismacloud.primitives.zkpgs.store.URNType.parseURNSuffix(String)","20","11"
"URNType.java:723 <...> java.lang.String.matches(String)","20","12"
"PossessionVerifier.java:105 eu.prismacloud.primitives.zkpgs.verifier.PossessionVerifier.checkLengths()","20","7"
"PossessionVerifier.java:82 eu.prismacloud.primitives.zkpgs.store.ProofStore.retrieve(String)","20","8"
"ProofStore.java:94 eu.prismacloud.primitives.zkpgs.store.URN.createURN(String, String)","20","9"
"URN.java:161 eu.prismacloud.primitives.zkpgs.store.URN.<init>(NamespaceComponent, NamespaceComponent, boolean)","20","10"
"URN.java:39 eu.prismacloud.primitives.zkpgs.store.URNType.parseURNType(String)","20","11"
"URNType.java:708 eu.prismacloud.primitives.zkpgs.store.URNType.parseURNSuffix(String)","20","12"
"URNType.java:723 <...> java.lang.String.matches(String)","20","13"
"PossessionVerifier.java:133 eu.prismacloud.primitives.zkpgs.util.crypto.QRElement.modPow(BigInteger)","12","7"
"QRElement.java:15 eu.prismacloud.primitives.zkpgs.util.crypto.QRElement.modPow(BigInteger)","12","8"
"QRElement.java:108 <...> java.math.BigInteger.modPow(BigInteger, BigInteger)","12","9"
"PossessionVerifier.java:127 eu.prismacloud.primitives.zkpgs.util.crypto.QRElement.multiply(GroupElement)","8","7"
"QRElement.java:70 <...> java.math.BigInteger.multiply(BigInteger)","8","8"
"VerifierOrchestrator.java:429 eu.prismacloud.primitives.zkpgs.orchestrator.VerifierOrchestrator.computePairWiseVerifiers()","60","5"
"VerifierOrchestrator.java:267 eu.prismacloud.primitives.zkpgs.verifier.PairWiseDifferenceVerifier.executeVerification(BigInteger)","52","6"
"PairWiseDifferenceVerifier.java:93 eu.prismacloud.primitives.zkpgs.util.crypto.QRElement.modPow(BigInteger)","20","7"
"QRElement.java:15 eu.prismacloud.primitives.zkpgs.util.crypto.QRElement.modPow(BigInteger)","20","8"
"QRElement.java:108 <...> java.math.BigInteger.modPow(BigInteger, BigInteger)","20","9"
"PairWiseDifferenceVerifier.java:98 eu.prismacloud.primitives.zkpgs.util.crypto.QRElement.modPow(BigInteger)","20","7"
"QRElement.java:15 eu.prismacloud.primitives.zkpgs.util.crypto.QRElement.modPow(BigInteger)","20","8"
"QRElement.java:108 <...> java.math.BigInteger.modPow(BigInteger, BigInteger)","20","9"
"PairWiseDifferenceVerifier.java:92 eu.prismacloud.primitives.zkpgs.util.crypto.QRElement.modPow(BigInteger)","12","7"
"QRElement.java:15 eu.prismacloud.primitives.zkpgs.util.crypto.QRElement.modPow(BigInteger)","12","8"
"QRElement.java:108 <...> java.math.BigInteger.modPow(BigInteger, BigInteger)","12","9"
"VerifierOrchestrator.java:263","8","6"
"<15 calls> GSBenchmark.java:107 eu.prismacloud.primitives.zkpgs.util.FilePersistenceUtil.read(String)","136","3"
"FilePersistenceUtil.java:34 <...> java.io.ObjectInputStream.readObject()","136","4"
"<36 calls> Unsafe.java (native) eu.prismacloud.primitives.zkpgs.util.NamespaceComponent.<clinit>()","8","5"
"NamespaceComponent.java:19 java.util.regex.Pattern.<clinit>()","8","6"
"<14 calls> ProvingBenchmark.java:220 eu.prismacloud.primitives.zkpgs.orchestrator.ProverOrchestrator.computeChallenge()","132","3"
"ProverOrchestrator.java:331 eu.prismacloud.primitives.zkpgs.orchestrator.ProverOrchestrator.populateChallengeList()","68","4"
"ProverOrchestrator.java:391 eu.prismacloud.primitives.zkpgs.context.GSContext.computeChallengeContext()","60","5"
"GSContext.java:25 eu.prismacloud.primitives.zkpgs.context.GSContext.addToChallengeContext(List)","60","6"
"GSContext.java:31 eu.prismacloud.primitives.zkpgs.keys.ExtendedPublicKey.addToChallengeContext(List)","60","7"
"ExtendedPublicKey.java:148 eu.prismacloud.primitives.zkpgs.BaseRepresentation.addToChallengeContext(List)","52","8"
"BaseRepresentation.java:102 <...> java.lang.String.valueOf(Object)","52","9"
"ExtendedPublicKey.java:145 eu.prismacloud.primitives.zkpgs.keys.SignerPublicKey.addToChallengeContext(List)","8","8"
"SignerPublicKey.java:97 <...> java.lang.String.valueOf(Object)","8","9"
"ProverOrchestrator.java:406 eu.prismacloud.primitives.zkpgs.store.ProofStore.retrieve(String)","8","5"
"ProofStore.java:94 eu.prismacloud.primitives.zkpgs.store.URN.createURN(String, String)","8","6"
"URN.java:161 eu.prismacloud.primitives.zkpgs.store.URN.<init>(NamespaceComponent, NamespaceComponent, boolean)","8","7"
"URN.java:39 eu.prismacloud.primitives.zkpgs.store.URNType.parseURNType(String)","8","8"
"URNType.java:708 eu.prismacloud.primitives.zkpgs.store.URNType.parseURNSuffix(String)","8","9"
"URNType.java:723 <...> java.lang.String.matches(String)","8","10"
"ProverOrchestrator.java:334 eu.prismacloud.primitives.zkpgs.util.CryptoUtilsFacade.computeHash(List, int)","64","4"
"CryptoUtilsFacade.java:76 eu.prismacloud.primitives.zkpgs.util.GSUtils.computeHash(List, int)","64","5"
"GSUtils.java:600 <...> java.security.MessageDigest.update(byte[])","52","6"
"GSUtils.java:597 <...> java.security.MessageDigest.getInstance(String)","12","6"
"<15 calls> GSBenchmark.java:117 eu.prismacloud.primitives.zkpgs.orchestrator.ProverOrchestrator.readSignature(String)","104","3"
"ProverOrchestrator.java:480 eu.prismacloud.primitives.zkpgs.util.FilePersistenceUtil.read(String)","104","4"
"FilePersistenceUtil.java:34 <...> java.io.ObjectInputStream.readObject()","104","5"
"<14 calls> ProvingBenchmark.java:225 eu.prismacloud.primitives.zkpgs.orchestrator.VerifierOrchestrator.computeChallenge()","60","3"
"VerifierOrchestrator.java:284 eu.prismacloud.primitives.zkpgs.orchestrator.VerifierOrchestrator.populateChallengeList()","36","4"
"VerifierOrchestrator.java:303 eu.prismacloud.primitives.zkpgs.context.GSContext.computeChallengeContext()","28","5"
"GSContext.java:25 eu.prismacloud.primitives.zkpgs.context.GSContext.addToChallengeContext(List)","28","6"
"GSContext.java:31 eu.prismacloud.primitives.zkpgs.keys.ExtendedPublicKey.addToChallengeContext(List)","28","7"
"ExtendedPublicKey.java:148 eu.prismacloud.primitives.zkpgs.BaseRepresentation.addToChallengeContext(List)","28","8"
"BaseRepresentation.java:102 <...> java.lang.String.valueOf(Object)","28","9"
"VerifierOrchestrator.java:309 java.lang.String.valueOf(Object)","8","5"
"String.java:2994 eu.prismacloud.primitives.zkpgs.util.crypto.QRElement.toString()","8","6"
"QRElement.java:191 <...> java.math.BigInteger.toString()","8","7"
"VerifierOrchestrator.java:286 eu.prismacloud.primitives.zkpgs.util.CryptoUtilsFacade.computeHash(List, int)","24","4"
"CryptoUtilsFacade.java:76 eu.prismacloud.primitives.zkpgs.util.GSUtils.computeHash(List, int)","24","5"
"GSUtils.java:600 <...> java.security.MessageDigest.update(byte[])","12","6"
"GSUtils.java:601","12","6"
"<14 calls> ProvingBenchmark.java:221 eu.prismacloud.primitives.zkpgs.orchestrator.ProverOrchestrator.executePostChallengePhase(BigInteger)","48","3"
"ProverOrchestrator.java:377 eu.prismacloud.primitives.zkpgs.orchestrator.ProverOrchestrator.createProofSignature()","16","4"
"ProverOrchestrator.java:286 eu.prismacloud.primitives.zkpgs.store.URN.createZkpgsURN(String)","12","5"
"URN.java:181 eu.prismacloud.primitives.zkpgs.store.URN.<init>(NamespaceComponent, NamespaceComponent, boolean)","12","6"
"URN.java:39 eu.prismacloud.primitives.zkpgs.store.URNType.parseURNType(String)","12","7"
"URNType.java:708 eu.prismacloud.primitives.zkpgs.store.URNType.parseURNSuffix(String)","12","8"
"URNType.java:720 eu.prismacloud.primitives.zkpgs.store.URNType.values()","12","9"
"URNType.java:15 java.lang.Object.clone()","12","10"
"ProverOrchestrator.java:304 eu.prismacloud.primitives.zkpgs.store.ProofStore.retrieve(String)","4","5"
"ProofStore.java:94 eu.prismacloud.primitives.zkpgs.store.URN.createURN(String, String)","4","6"
"URN.java:161 eu.prismacloud.primitives.zkpgs.store.URN.<init>(NamespaceComponent, NamespaceComponent, boolean)","4","7"
"URN.java:39 eu.prismacloud.primitives.zkpgs.store.URNType.parseURNType(String)","4","8"
"URNType.java:708 eu.prismacloud.primitives.zkpgs.store.URNType.parseURNSuffix(String)","4","9"
"URNType.java:723","4","10"
"ProverOrchestrator.java:356 eu.prismacloud.primitives.zkpgs.prover.AbstractCommitmentProver.executePostChallengePhase(BigInteger)","16","4"
"AbstractCommitmentProver.java:165 eu.prismacloud.primitives.zkpgs.prover.AbstractCommitmentProver.computeResponses(BigInteger)","16","5"
"AbstractCommitmentProver.java:186 eu.prismacloud.primitives.zkpgs.prover.CommitmentProver.getTildeRandomnessURN()","16","6"
"CommitmentProver.java:73 eu.prismacloud.primitives.zkpgs.store.URNType.buildURN(URNType, Class, int)","16","7"
"URNType.java:617 eu.prismacloud.primitives.zkpgs.store.URN.createZkpgsURN(String)","16","8"
"URN.java:179 eu.prismacloud.primitives.zkpgs.util.NamespaceComponent.fromString(String, NamespaceComponent$Type)","12","9"
"NamespaceComponent.java:47 eu.prismacloud.primitives.zkpgs.util.Assert.notEmpty(String, String)","12","10"
"Assert.java:35","12","11"
"URN.java:181 eu.prismacloud.primitives.zkpgs.store.URN.<init>(NamespaceComponent, NamespaceComponent, boolean)","4","9"
"URN.java:39 eu.prismacloud.primitives.zkpgs.store.URNType.parseURNType(String)","4","10"
"URNType.java:708 eu.prismacloud.primitives.zkpgs.store.URNType.parseURNSuffix(String)","4","11"
"URNType.java:723 <...> java.lang.String.matches(String)","4","12"
"ProverOrchestrator.java:347 eu.prismacloud.primitives.zkpgs.prover.PossessionProver.executePostChallengePhase(BigInteger)","16","4"
"PossessionProver.java:246 eu.prismacloud.primitives.zkpgs.store.ProofStore.retrieve(String)","8","5"
"ProofStore.java:94 eu.prismacloud.primitives.zkpgs.store.URN.createURN(String, String)","8","6"
"URN.java:161 eu.prismacloud.primitives.zkpgs.store.URN.<init>(NamespaceComponent, NamespaceComponent, boolean)","8","7"
"URN.java:39 eu.prismacloud.primitives.zkpgs.store.URNType.parseURNType(String)","8","8"
"URNType.java:708 eu.prismacloud.primitives.zkpgs.store.URN.parseSuffix(String)","8","9"
"URN.java:304 java.util.StringTokenizer.<init>(String, String)","8","10"
"PossessionProver.java:278 eu.prismacloud.primitives.zkpgs.store.ProofStore.store(String, Object)","8","5"
"ProofStore.java:71 eu.prismacloud.primitives.zkpgs.store.URN.createURN(String, String)","8","6"
"URN.java:161 eu.prismacloud.primitives.zkpgs.store.URN.<init>(NamespaceComponent, NamespaceComponent, boolean)","8","7"
"URN.java:39 eu.prismacloud.primitives.zkpgs.store.URNType.parseURNType(String)","8","8"
"URNType.java:708 eu.prismacloud.primitives.zkpgs.store.URNType.parseURNSuffix(String)","8","9"
"URNType.java:720 eu.prismacloud.primitives.zkpgs.store.URNType.values()","8","10"
"URNType.java:15 java.lang.Object.clone()","8","11"
"<14 calls> ProvingBenchmark.java:223 eu.prismacloud.primitives.zkpgs.orchestrator.VerifierOrchestrator.receiveProverMessage()","48","3"
"VerifierOrchestrator.java:121 eu.prismacloud.primitives.zkpgs.orchestrator.VerifierOrchestrator.storeProofSignature(Map)","36","4"
"VerifierOrchestrator.java:211 eu.prismacloud.primitives.zkpgs.store.ProofStore.store(String, Object)","20","5"
"ProofStore.java:71 eu.prismacloud.primitives.zkpgs.store.URN.createURN(String, String)","20","6"
"URN.java:161 eu.prismacloud.primitives.zkpgs.store.URN.<init>(NamespaceComponent, NamespaceComponent, boolean)","20","7"
"URN.java:39 eu.prismacloud.primitives.zkpgs.store.URNType.parseURNType(String)","20","8"
"URNType.java:708 eu.prismacloud.primitives.zkpgs.store.URNType.parseURNSuffix(String)","20","9"
"URNType.java:723 <...> java.lang.String.matches(String)","20","10"
"VerifierOrchestrator.java:189 eu.prismacloud.primitives.zkpgs.store.ProofStore.store(String, Object)","8","5"
"ProofStore.java:71 eu.prismacloud.primitives.zkpgs.store.URN.createURN(String, String)","8","6"
"URN.java:161 eu.prismacloud.primitives.zkpgs.store.URN.<init>(NamespaceComponent, NamespaceComponent, boolean)","8","7"
"URN.java:39 eu.prismacloud.primitives.zkpgs.store.URNType.parseURNType(String)","8","8"
"URNType.java:708 eu.prismacloud.primitives.zkpgs.store.URNType.parseURNSuffix(String)","8","9"
"URNType.java:720 eu.prismacloud.primitives.zkpgs.store.URNType.values()","8","10"
"URNType.java:15 java.lang.Object.clone()","8","11"
"VerifierOrchestrator.java:194 eu.prismacloud.primitives.zkpgs.store.URN.createZkpgsURN(String)","8","5"
"URN.java:181 eu.prismacloud.primitives.zkpgs.store.URN.<init>(NamespaceComponent, NamespaceComponent, boolean)","8","6"
"URN.java:39 eu.prismacloud.primitives.zkpgs.store.URNType.parseURNType(String)","8","7"
"URNType.java:708 eu.prismacloud.primitives.zkpgs.store.URNType.parseURNSuffix(String)","8","8"
"URNType.java:720 eu.prismacloud.primitives.zkpgs.store.URNType.values()","8","9"
"URNType.java:15 java.lang.Object.clone()","8","10"
"VerifierOrchestrator.java:117 eu.prismacloud.primitives.zkpgs.orchestrator.VerifierOrchestrator.constructBaseCollection(Map)","12","4"
"VerifierOrchestrator.java:462 eu.prismacloud.primitives.zkpgs.store.URN.getIndex()","12","5"
"URN.java:300 eu.prismacloud.primitives.zkpgs.store.URN.parseIndex(String)","12","6"
"URN.java:318","12","7"
"<16 calls> ProverOrchestratorPerf.java:49 eu.prismacloud.primitives.zkpgs.orchestrator.ProverOrchestrator.<init>(ExtendedPublicKey, IMessageGateway)","12","3"
"ProverOrchestrator.java:64 <...> java.lang.ClassLoader.loadClass(String)","12","4"
"<15 calls> GSBenchmark.java:125 eu.prismacloud.primitives.zkpgs.orchestrator.VerifierOrchestrator.init()","8","3"
"VerifierOrchestrator.java:94 eu.prismacloud.primitives.zkpgs.verifier.GSVerifier.computeNonce()","8","4"
"GSVerifier.java:65 eu.prismacloud.primitives.zkpgs.util.CryptoUtilsFacade.computeRandomNumber(int)","8","5"
"CryptoUtilsFacade.java:71 eu.prismacloud.primitives.zkpgs.util.CryptoUtilsFactory.getInstance(String)","8","6"
"CryptoUtilsFactory.java:31 eu.prismacloud.primitives.zkpgs.util.GSUtils.<init>()","8","7"
"GSUtils.java:48 <...> java.security.SecureRandom.<init>()","8","8"
"<...> org.openjdk.jmh.runner.ForkedMain.main(String[])","316","2"
